23
19
11
6
4
6
6
6
10
16
20
18
15
8
5
1
16382
2
10
13
19
18
19
13
6
1
3
5
6
12
17
14
18
12
6
2
3
3
7
9
15
14
20
14
8
2
1
5
5
16
14
19
19
15
10
4
3
16382
4
10
14
16
19
17
12
8
3
2
3
10
17
17
18
17
12
13
2
2
4
10
12
17
19
17
17
9
4
5
0
0
10
16
19
18
16
10
4
1
1
2
10
16
19
19
20
12
7
4
5
1
5
13
16
17
15
13
6
5
1
0
5
13
17
19
17
17
10
5
0
0
1
11
17
19
18
14
9
6
4
16382
5
9
16
18
18
17
21
7
4
2
16383
7
11
20
17
16
16
12
6
0
1
7
9
19
17
16
17
7
5
0
1
2
10
14
16
21
18
13
5
7
4
3
7
13
18
15
19
13
12
4
5
3
6
15
15
18
17
11
8
3
0
3
6
11
15
18
20
15
9
8
2
1
4
7
17
19
19
16
13
6
1
4
1
8
14
19
21
18
12
6
5
1
4
5
12
16
19
18
14
9
6
1
5
4
6
14
17
20
13
6
2
16383
3
4
8
11
19
18
14
14
9
1
16383
3
8
15
17
19
16
16
8
5
1
0
9
10
13
19
21
17
10
6
0
1
4
7
13
19
18
16
12
6
4
16383
4
6
10
18
20
17
11
7
2
16383
5
10
13
13
17
17
12
12
5
4
4
9
13
12
18
16
19
11
4
2
4
3
6
14
19
19
19
11
6
3
0
0
5
13
17
21
20
14
9
8
0
2
6
8
11
17
19
15
10
5
2
4
4
9
15
16
18
15
11
4
2
0
5
9
13
18
17
19
15
7
6
3
2
6
9
16
18
18
12
9
1
0
2
9
12
16
22
19
15
12
3
4
2
6
7
16
20
17
18
11
4
9
5
3
6
13
17
19
17
15
8
5
1
1
8
13
18
19
17
15
9
6
2
4
9
13
16
18
20
18
9
8
6
1
4
6
14
17
17
17
12
7
2
2
6
6
12
21
20
20
12
11
5
0
6
5
15
17
17
22
16
9
5
2
2
4
8
15
18
19
17
10
9
4
2
4
10
11
18
18
17
19
6
5
1
5
6
8
14
16
19
14
12
6
16383
1
4
10
13
20
22
17
9
4
16383
4
6
13
14
19
18
19
10
6
1
1
5
8
11
17
20
16
13
7
5
1
2
7
8
14
20
18
15
6
5
16382
1
0
9
12
15
17
15
10
7
5
4
16382
7
12
17
21
18
16
6
2
0
3
6
12
20
19
15
15
10
3
16383
4
3
13
16
16
19
14
13
6
2
2
6
8
14
18
20
14
14
8
3
3
6
3
12
17
17
16
12
10
1
1
1
6
9
18
18
18
18
7
4
16383
4
3
8
15
21
18
15
13
6
1
5
3
10
13
16
16
19
11
8
4
1
2
5
13
20
21
15
11
3
5
16383
5
6
9
15
18
20
17
11
6
4
2
3
9
15
18
19
15
11
6
3
0
3
8
13
14
21
18
13
4
5
16382
16383
5
10
13
17
17
19
7
1
6
3
6
7
15
17
18
15
8
5
5
16383
3
7
13
18
18
16
15
6
2
16383
7
7
13
15
22
17
13
10
3
2
2
9
14
16
21
16
16
8
3
3
1
5
9
18
19
20
17
13
5
4
4
3
9
17
16
19
17
15
7
5
3
5
7
13
15
20
17
14
9
6
2
8
6
9
15
18
19
14
9
3
4
16383
4
7
15
18
19
18
15
8
6
2
6
9
14
15
20
19
14
8
4
1
2
9
8
14
18
21
16
11
6
16383
6
6
8
15
22
20
18
10
5
1
2
7
10
13
20
17
14
8
7
4
2
2
9
10
19
19
21
16
9
4
16383
4
5
10
18
22
22
15
10
6
4
1
6
9
13
21
16
17
9
6
4
3
3
9
14
19
17
19
13
9
2
3
4
7
15
13
18
19
16
6
4
0
6
5
10
15
20
19
17
8
5
5
1
6
10
17
16
20
13
13
5
4
2
4
7
16
14
18
18
13
4
4
2
16383
9
13
17
18
19
19
5
4
2
5
2
11
18
17
19
17
9
6
3
2
3
9
14
21
19
16
13
5
4
1
2
9
12
16
19
20
16
10
6
3
2
8
13
15
20
16
13
11
3
2
3
5
8
17
17
19
16
8
9
5
5
3
10
13
20
20
17
12
10
3
1
2
9
16
14
19
19
12
10
6
0
2
6
14
14
22
20
15
10
2
4
2
6
10
15
20
20
18
10
7
0
0
5
9
10
16
17
18
15
9
5
3
3
7
12
12
21
20
14
9
9
1
13
