97
13
13
13
16
14
14
14
13
15
17
15
14
15
11
14
15
13
12
10
12
9
10
8
7
6
7
8
8
5
2
6
5
9
8
4
7
7
7
10
11
9
13
9
10
12
13
17
14
18
14
18
16
17
14
15
19
12
15
17
10
13
9
10
8
12
8
9
5
5
5
5
8
7
5
4
4
6
4
5
8
4
9
6
8
7
9
10
11
15
15
12
16
15
15
17
13
14
15
14
17
14
12
11
13
13
10
10
11
9
7
7
6
6
4
5
6
4
5
7
6
7
9
7
5
12
6
13
9
11
10
12
14
15
12
15
18
17
15
13
13
15
13
12
12
14
11
11
10
8
12
8
9
5
5
8
6
6
4
8
5
3
6
1
8
6
4
6
2
8
13
11
12
14
15
13
12
12
12
15
17
17
17
18
16
13
17
15
12
13
11
13
9
13
10
10
8
8
6
5
3
7
5
7
5
5
6
3
7
5
7
8
7
6
10
11
12
13
14
14
13
18
17
17
15
17
15
12
19
14
13
13
12
13
15
13
5
9
8
10
8
9
10
10
6
5
7
5
7
8
6
6
7
11
5
10
13
7
12
10
11
10
10
11
18
17
13
17
16
14
17
17
17
13
13
12
10
12
10
11
11
4
4
5
8
8
7
4
7
5
5
3
8
7
5
7
8
8
9
13
10
8
14
17
10
10
14
14
18
18
16
18
14
13
18
11
17
13
14
12
12
11
10
8
8
10
7
5
7
5
7
7
1
8
6
4
8
6
7
7
9
11
10
10
14
15
9
14
14
15
14
15
18
16
15
16
19
15
12
13
12
12
12
10
10
13
14
9
9
8
7
7
7
4
3
6
6
2
6
6
10
7
6
6
11
9
11
13
13
13
16
8
18
14
15
15
11
20
14
20
14
9
12
10
15
13
11
12
8
10
9
10
6
6
5
7
5
8
5
2
2
5
6
7
8
9
10
10
10
10
14
12
14
12
16
16
17
17
17
16
15
14
16
11
16
13
14
15
14
9
12
10
10
10
7
7
5
5
7
8
2
5
4
5
7
5
7
7
9
8
9
8
11
11
13
8
10
11
14
14
18
13
14
14
14
16
14
11
16
17
13
15
14
8
11
12
7
11
12
8
8
6
6
3
7
5
7
4
3
8
7
4
8
8
12
9
13
13
8
12
11
14
11
18
16
15
17
17
17
14
17
16
14
18
12
13
9
10
8
7
10
8
9
4
2
2
3
6
4
6
5
4
6
5
7
9
6
8
12
10
10
13
14
14
11
14
18
13
16
17
17
18
17
15
11
13
13
14
13
11
13
8
9
9
9
6
6
9
8
5
5
4
5
6
7
8
7
7
10
6
8
11
12
15
15
11
12
13
13
19
15
16
14
14
16
16
15
18
14
12
11
13
14
13
10
10
8
9
6
9
7
7
9
4
4
2
6
6
6
7
7
8
10
8
8
11
10
12
10
14
13
14
13
14
15
16
13
15
10
14
11
13
14
11
13
10
11
7
11
6
7
10
4
9
4
6
6
5
5
9
2
8
6
6
6
5
9
7
12
11
15
13
12
13
15
15
18
12
16
13
15
16
16
15
13
11
13
12
14
9
9
12
8
7
6
3
7
6
6
3
6
6
7
7
6
10
8
6
10
10
9
9
8
11
13
13
13
18
14
16
17
15
17
17
10
14
14
13
14
12
11
13
10
11
9
10
8
8
6
3
8
10
9
7
6
5
11
6
9
9
7
11
10
10
10
9
13
11
11
13
13
14
19
16
17
15
17
18
15
15
15
14
13
11
8
13
10
5
10
6
9
7
8
6
6
4
7
7
3
7
7
6
10
6
7
10
8
10
9
10
13
13
14
14
14
13
16
15
14
14
16
15
14
17
15
15
15
11
10
9
9
5
7
7
7
5
3
7
7
8
3
4
5
5
8
6
8
6
9
6
13
8
13
12
13
15
15
15
13
18
14
15
14
16
17
16
14
15
12
13
12
11
6
13
10
7
9
7
7
3
6
7
8
6
3
6
7
7
5
8
9
8
10
8
9
10
13
11
14
16
13
15
12
16
13
15
16
17
17
17
15
11
13
7
10
9
9
13
9
6
4
7
4
8
4
5
6
4
6
7
8
6
6
8
10
10
10
11
14
12
11
16
14
14
14
18
17
19
13
15
17
15
18
15
13
12
13
9
9
13
8
11
9
8
5
7
8
2
4
9
3
5
8
7
5
7
8
8
8
8
10
12
11
13
14
13
14
14
16
13
15
18
17
14
15
12
14
10
17
11
10
10
8
9
7
8
8
7
6
4
5
4
6
7
