17
7
6
7
7
10
10
10
10
12
10
13
13
15
10
16
17
14
13
15
16
14
15
13
15
13
11
15
13
13
13
8
8
11
4
6
2
6
5
5
16383
6
5
5
6
5
10
6
10
8
9
10
11
10
14
14
16
17
12
14
15
14
17
14
14
17
15
16
13
10
13
14
9
11
7
7
8
9
9
4
4
4
3
2
5
6
3
5
7
7
6
3
11
9
11
7
13
12
13
12
10
14
17
17
16
14
18
12
18
14
14
13
13
13
12
16
12
15
12
10
10
3
6
5
5
8
6
4
5
6
4
8
4
9
5
9
7
6
9
11
11
12
14
13
14
12
14
16
16
13
18
16
14
14
16
14
12
17
10
14
13
11
10
10
10
10
5
9
6
8
5
5
4
3
6
3
7
7
3
6
8
9
11
11
9
12
13
10
11
13
13
11
15
14
14
17
12
14
14
13
11
15
13
13
12
10
10
10
7
8
5
6
7
4
4
5
5
6
4
5
6
1
6
4
6
7
5
10
7
9
8
11
12
11
13
14
13
15
16
16
16
15
14
10
13
11
15
14
10
10
14
7
9
10
8
8
6
4
6
6
3
5
6
8
5
4
7
2
6
7
9
9
10
13
15
13
12
14
15
16
16
13
18
18
15
16
17
15
15
14
14
13
14
14
11
9
10
11
7
7
8
6
4
4
5
4
5
6
6
4
8
6
3
8
5
10
10
10
11
10
11
14
16
15
15
16
17
14
14
16
15
18
16
15
13
11
13
10
7
9
10
10
9
6
4
7
4
5
6
6
6
5
7
3
6
5
8
9
10
10
11
8
10
10
13
11
13
15
12
21
14
13
17
16
12
16
14
12
14
15
12
12
10
10
9
9
6
6
8
5
6
5
8
5
5
3
5
5
6
6
9
5
5
7
10
7
10
11
12
12
10
13
13
13
16
11
12
13
15
18
12
14
14
13
10
12
14
10
6
10
9
8
8
9
5
7
4
7
4
8
6
4
6
5
5
7
5
8
5
7
10
10
12
11
16
12
12
12
13
15
16
13
11
17
14
17
13
14
13
13
10
10
7
7
9
8
3
6
9
6
7
2
6
4
6
4
5
6
1
5
7
8
9
9
7
9
9
11
11
13
13
13
18
15
12
15
14
16
13
13
14
13
14
12
13
10
11
8
11
6
9
9
7
5
4
6
4
4
5
6
5
6
6
4
6
8
6
11
11
10
10
10
11
15
15
16
15
16
14
17
15
16
16
15
11
10
15
10
9
12
12
13
9
8
6
3
5
2
7
10
7
3
5
5
5
6
12
5
9
8
7
11
11
14
12
12
9
10
18
15
13
14
15
15
18
19
14
13
14
12
10
11
14
12
9
9
9
11
7
8
6
6
10
7
9
6
5
4
7
6
6
5
8
9
8
5
4
9
9
11
12
10
12
10
18
11
15
14
15
13
14
13
15
13
13
11
15
10
10
12
9
10
11
8
9
6
6
9
10
5
5
7
6
9
9
8
9
10
8
8
9
9
7
13
13
13
12
11
14
10
12
16
15
15
15
16
13
12
17
12
15
13
11
11
8
12
9
8
5
8
4
8
3
7
5
3
8
5
7
5
7
6
8
8
8
8
9
11
12
12
11
11
12
14
13
15
16
15
14
18
15
16
13
13
12
10
11
12
9
10
9
5
8
6
5
7
4
9
6
3
3
6
5
4
9
6
9
9
11
8
11
11
12
11
13
13
11
18
15
13
16
15
15
16
15
15
13
15
16
15
12
11
9
13
8
9
10
7
6
3
2
3
4
5
8
4
7
8
6
5
3
8
6
7
7
15
10
13
16
11
12
15
14
16
13
13
16
12
13
14
12
10
12
12
12
14
9
9
9
9
8
5
8
8
4
5
5
5
9
5
4
5
6
7
4
7
5
7
10
8
9
10
13
12
12
11
9
14
14
16
17
14
17
16
18
15
13
13
13
10
9
10
8
9
6
7
6
9
7
6
4
3
5
4
2
3
3
6
6
6
10
8
6
10
8
12
10
12
11
14
14
14
15
14
14
18
14
15
16
13
13
12
12
10
11
9
9
10
9
8
6
6
6
5
1
2
5
6
5
3
4
4
5
5
8
7
10
8
12
8
11
12
14
12
14
13
13
15
15
13
8
13
14
13
18
11
15
12
13
11
10
11
6
6
8
7
4
7
7
4
8
3
6
4
3
5
4
10
7
6
5
9
13
11
11
9
14
13
14
16
13
17
13
13
16
15
14
16
12
17
14
13
10
11
11
13
9
8
6
8
5
6
5
6
4
0
6
4
5
3
9
7
8
9
