59
18
17
14
14
3
3
3
1
8
3
3
6
6
10
13
10
11
16
18
20
19
21
12
15
13
9
8
5
5
6
1
3
5
8
10
7
14
11
13
19
15
17
18
14
13
9
9
6
5
5
6
6
5
8
7
8
9
15
16
15
19
13
17
17
12
17
10
14
5
7
8
3
3
16383
3
7
7
13
13
14
17
17
19
15
17
15
12
12
9
8
7
8
5
4
5
2
5
8
10
15
15
14
16
18
19
18
17
15
14
10
8
7
1
4
3
5
7
7
7
16
14
17
15
20
19
18
15
17
14
10
9
8
7
16382
3
1
5
5
7
10
10
14
11
17
18
18
19
19
13
14
14
9
7
6
3
5
6
5
8
8
12
8
15
17
17
15
14
18
17
13
14
13
9
7
7
6
7
1
2
6
5
8
10
18
11
17
19
20
18
18
14
12
13
7
7
2
2
6
3
4
5
3
6
10
9
15
12
18
18
15
18
17
14
15
10
10
5
4
5
5
5
8
7
6
10
12
14
19
15
15
20
17
16
11
8
12
6
5
7
2
1
5
3
3
6
9
12
14
16
12
17
20
20
17
16
12
10
9
8
5
5
4
7
4
5
7
11
11
10
15
16
19
18
16
17
16
13
8
10
6
8
2
4
6
4
9
8
8
13
13
13
14
17
19
16
17
11
12
11
7
4
1
6
1
16383
5
8
9
10
13
15
17
17
15
17
17
18
16
17
12
10
5
6
1
3
5
6
4
8
8
12
15
15
19
18
17
18
17
14
11
7
10
4
7
5
3
3
8
7
8
10
14
14
18
20
18
21
17
18
18
13
7
7
8
4
0
6
2
5
7
13
11
11
12
18
14
17
16
17
17
16
15
10
8
6
5
2
4
6
5
9
7
7
11
11
12
18
17
14
15
18
14
12
10
9
8
4
5
4
6
6
1
7
9
13
11
14
16
21
16
18
16
14
14
8
9
8
5
3
2
4
6
5
7
7
12
13
16
17
20
18
15
16
14
11
6
8
8
6
5
3
6
2
7
9
10
13
15
17
22
17
20
17
14
17
11
12
9
7
5
3
6
5
5
5
9
8
11
16
15
15
17
19
19
18
14
10
10
6
7
5
3
7
4
4
7
7
10
11
14
16
17
21
17
15
16
18
14
8
8
6
2
5
3
1
4
7
10
9
12
13
13
14
14
15
17
17
15
13
11
9
7
5
6
2
3
5
6
7
8
13
14
16
17
15
19
16
16
16
12
10
10
6
7
2
3
2
3
1
7
8
11
12
14
19
19
19
20
18
19
11
11
7
8
5
5
3
4
7
6
8
10
16
13
15
15
21
19
15
14
13
13
11
6
4
6
5
5
4
7
6
8
10
12
12
12
18
20
16
18
17
15
15
9
7
5
4
2
2
4
3
6
8
6
9
14
14
15
19
17
17
16
13
11
8
7
6
4
9
4
5
6
5
4
11
12
14
15
19
18
18
15
19
17
18
7
10
9
3
4
4
5
3
4
9
7
12
12
17
17
16
17
15
18
18
12
8
7
6
3
2
2
6
8
7
5
9
12
11
13
17
19
17
17
14
13
10
8
6
10
4
7
3
4
4
0
7
10
11
13
17
14
18
19
17
16
13
12
10
11
6
7
1
7
7
4
5
8
10
12
11
19
18
18
20
22
11
14
13
7
9
6
6
2
6
3
2
5
11
10
10
15
18
16
17
18
18
15
17
8
10
9
6
3
5
4
2
4
4
7
11
12
12
16
18
17
20
18
14
14
13
11
9
2
0
6
6
3
5
7
7
6
9
14
14
15
15
21
18
19
13
14
11
6
8
1
3
3
3
4
7
10
11
14
14
17
17
18
16
20
17
12
10
9
8
6
2
2
4
1
7
6
5
9
13
11
17
16
19
16
18
19
16
13
11
9
9
6
4
2
3
3
8
9
5
14
12
15
17
15
20
18
15
16
12
11
8
6
4
7
1
2
5
6
6
8
11
13
16
17
15
17
18
14
14
14
9
8
8
3
2
5
4
5
5
9
12
14
13
14
21
17
18
14
14
11
15
6
9
9
5
3
2
4
6
2
9
9
11
13
17
15
17
21
19
16
12
13
9
6
4
3
3
1
5
5
5
9
9
13
17
14
17
18
19
17
16
14
12
11
11
5
4
2
1
4
6
7
11
9
12
11
13
17
19
15
17
12
15
12
11
9
6
7
7
4
3
6
7
2
5
13
17
18
13
16
18
16
13
14
13
9
7
5
4
3
4
2
5
5
8
10
13
13
17
15
14
15
17
16
15
11
12
8
4
4
3
3
1
8
5
7
15
