21
12
11
2
5
3
3
3
11
11
17
20
19
16
12
10
7
2
1
3
6
6
9
14
15
19
16
17
13
10
6
3
1
5
6
7
9
17
15
18
15
18
13
12
5
5
5
2
4
7
9
12
17
21
18
14
14
10
5
5
4
3
6
6
10
16
21
16
19
10
11
7
8
5
4
5
3
6
12
14
16
19
20
16
14
6
6
5
5
2
3
11
10
18
15
18
18
14
9
15
7
6
2
4
7
11
11
16
21
20
18
13
16
8
4
4
4
6
10
12
15
16
15
18
18
13
9
7
7
2
4
7
5
12
15
16
19
21
15
13
7
9
8
5
3
4
9
10
14
17
17
17
18
13
8
7
5
2
3
5
9
11
15
18
16
19
14
8
7
5
3
4
4
5
7
13
13
16
17
17
14
16
10
6
6
4
2
5
10
12
13
16
17
16
14
10
9
5
16383
2
4
4
10
9
14
18
15
14
11
16
9
6
2
4
5
6
9
14
16
17
18
13
13
9
9
7
16383
5
2
5
10
14
15
18
15
14
17
13
5
8
3
3
6
8
8
17
17
21
17
13
11
11
8
4
3
2
6
9
6
14
18
18
19
18
11
10
5
1
4
5
8
6
7
16
17
18
17
16
14
8
5
2
4
8
9
9
14
11
15
17
17
13
11
6
4
5
2
5
8
10
14
17
17
19
20
13
11
7
8
3
3
3
7
7
16
18
20
18
18
17
9
7
4
1
4
8
5
7
9
13
18
19
18
18
11
9
4
1
16383
7
8
10
13
19
15
21
17
14
12
4
4
2
5
6
10
11
15
18
16
18
14
13
13
7
2
3
1
6
11
13
14
18
18
20
14
11
8
0
3
2
5
8
10
10
15
21
18
14
15
8
11
5
5
0
4
3
11
11
15
18
23
14
14
11
9
6
5
4
4
5
11
13
13
16
20
20
14
13
9
6
6
6
3
6
11
10
18
17
14
17
15
11
7
5
3
4
6
9
9
13
16
18
15
17
12
11
8
4
5
4
5
9
11
15
17
18
15
16
12
7
9
2
4
2
6
9
13
15
20
21
19
14
13
7
4
2
4
7
5
7
12
15
17
15
21
11
12
7
6
6
2
3
7
14
14
15
17
16
17
15
11
8
7
4
6
4
7
7
11
15
20
18
18
15
9
9
7
5
5
1
9
7
14
15
22
17
13
14
9
5
6
3
3
2
8
12
14
16
19
16
16
8
6
3
6
2
5
6
6
10
14
18
19
17
14
12
9
6
7
4
6
3
6
12
16
20
19
15
16
9
8
3
5
4
3
6
9
13
20
20
14
15
17
9
8
7
7
3
3
7
11
12
14
15
18
19
15
9
8
2
3
4
7
9
13
13
16
16
19
16
13
9
9
6
4
7
6
8
11
16
15
17
20
14
14
12
11
5
0
3
6
9
10
13
17
17
18
15
13
11
9
4
4
1
5
9
14
14
16
15
20
15
12
8
4
1
3
3
9
7
10
14
20
16
15
17
10
8
5
1
3
4
9
10
15
15
16
19
18
15
14
9
9
6
5
3
7
5
13
14
16
17
14
15
16
5
6
3
5
6
5
10
14
13
19
20
16
12
14
4
3
2
5
6
6
6
14
15
17
14
13
16
7
2
5
3
5
7
9
11
13
19
14
18
19
12
6
9
7
4
2
5
10
10
15
18
15
18
16
12
10
3
0
0
3
5
11
13
17
18
16
18
11
12
9
9
1
2
5
7
11
16
12
18
18
15
16
10
8
4
3
3
5
8
10
14
18
17
18
16
16
10
6
3
7
2
6
8
9
13
18
18
16
19
16
11
10
5
4
5
3
10
12
15
15
17
19
17
11
13
5
5
4
4
5
8
10
15
18
14
17
17
12
11
7
6
16383
7
4
11
13
13
18
15
16
15
9
7
9
2
0
4
5
7
13
14
18
17
16
12
15
8
8
1
5
8
9
8
14
18
18
18
18
13
7
7
5
4
7
5
8
9
14
16
16
18
14
16
13
6
2
1
3
7
12
9
15
17
22
18
12
14
10
8
6
6
1
6
6
10
13
18
17
19
16
13
8
7
5
0
4
6
7
11
16
18
14
18
16
14
7
8
6
3
3
9
8
10
14
18
20
17
16
10
7
4
6
5
6
8
10
13
16
19
18
14
16
7
9
6
2
3
5
6
9
11
18
17
17
18
14
11
10
3
1
4
5
7
11
14
15
18
18
9
13
8
11
4
16383
6
7
9
8
18
19
18
19
13
10
14
7
6
16383
3
5
8
14
10
18
18
17
16
15
10
10
8
3
6
6
7
9
13
18
14
