18
7
7
7
3
12
12
12
17
14
12
3
5
4
5
14
20
18
12
5
4
2
3
9
15
14
17
9
7
2
4
12
13
22
16
15
11
2
2
10
11
17
14
13
8
5
5
5
12
17
18
14
9
5
16383
5
10
14
15
17
10
5
2
5
6
14
19
15
15
9
5
7
6
11
16
17
18
12
7
0
4
8
14
15
20
11
6
6
4
7
12
11
15
15
10
6
3
4
6
14
15
16
9
9
3
4
8
17
20
19
14
7
4
3
9
11
18
17
13
9
11
2
5
9
13
14
15
13
6
2
2
10
14
16
19
12
10
4
2
5
11
17
16
14
11
5
5
4
11
14
18
17
14
7
1
1
5
12
17
21
14
8
6
3
5
9
18
15
17
12
4
3
9
6
13
16
16
13
8
4
4
4
10
15
15
13
8
4
3
5
12
15
16
15
13
6
3
2
6
14
13
14
13
10
5
6
10
14
20
19
10
5
4
1
6
10
15
15
18
12
7
3
4
10
14
13
18
13
8
2
2
9
7
14
18
14
8
2
2
7
9
14
18
18
15
10
2
2
8
11
13
17
13
9
6
1
3
10
16
18
15
11
6
0
3
8
14
17
17
11
4
1
2
6
10
16
16
14
9
5
1
6
10
15
17
17
13
8
4
5
11
12
19
15
12
11
2
2
7
11
15
19
16
10
8
4
5
11
17
17
15
14
6
5
3
9
13
14
17
16
9
4
2
8
9
15
21
14
14
5
2
5
6
11
18
16
12
8
3
7
9
13
17
17
13
7
5
1
7
7
14
19
13
12
5
4
3
9
16
18
15
13
13
6
2
8
10
15
16
19
7
5
2
5
10
13
17
13
12
6
5
2
7
12
18
15
13
9
4
2
6
14
17
17
17
11
6
5
2
11
14
14
17
11
8
16383
0
8
14
16
17
14
8
4
2
6
10
16
17
17
13
7
2
5
10
15
17
18
11
8
7
4
6
14
15
18
15
9
3
4
6
12
17
19
17
11
9
4
6
8
13
16
18
11
5
4
3
8
15
18
18
10
10
8
2
5
12
13
16
16
13
6
2
4
8
11
21
18
13
10
6
16383
8
13
17
18
15
9
6
1
1
10
15
14
16
15
6
5
5
6
14
15
17
13
5
2
2
6
9
15
18
16
7
3
6
6
8
13
18
18
11
10
3
4
10
9
15
19
15
8
6
1
5
12
14
18
16
11
4
4
3
9
14
18
15
14
5
6
2
6
11
16
17
14
8
6
2
5
8
11
13
15
14
8
4
3
7
12
14
20
12
9
2
5
6
12
17
17
14
9
5
5
3
11
11
17
13
12
11
2
3
7
13
15
18
14
8
4
2
4
14
12
16
17
12
5
3
7
9
13
18
16
10
5
2
9
7
14
14
15
15
10
4
3
4
9
18
17
21
10
1
1
2
8
14
15
17
12
7
6
5
9
11
14
17
16
11
4
6
7
7
17
18
15
9
7
2
7
6
10
16
13
8
11
4
4
5
9
16
17
16
11
5
2
3
9
15
20
14
15
8
2
6
9
11
14
17
15
9
5
1
4
8
13
18
15
9
8
3
4
9
14
17
15
13
7
3
3
8
11
16
17
16
12
5
3
3
9
11
17
14
10
4
16382
4
11
13
18
17
11
7
5
1
4
9
18
18
16
9
9
2
4
10
14
17
16
12
3
4
2
10
15
17
16
14
9
6
2
8
10
17
19
18
11
3
4
5
9
15
17
17
13
7
3
1
11
12
16
18
14
8
6
0
4
6
14
16
15
9
7
2
4
12
16
19
13
13
5
4
1
8
11
16
19
17
11
5
6
4
13
14
20
18
12
7
4
3
8
13
15
18
15
7
5
7
6
13
18
19
14
10
4
4
3
13
16
14
16
13
6
1
5
9
17
15
17
12
7
5
4
7
11
17
18
16
14
7
0
5
8
15
17
15
16
6
2
2
9
11
16
18
13
9
6
0
7
12
16
18
18
10
5
4
6
8
12
17
14
12
2
2
3
7
12
16
19
14
8
4
3
7
9
16
19
18
11
7
5
5
10
13
13
17
9
6
6
2
5
16
18
18
12
10
3
3
4
9
15
15
18
10
5
2
5
6
10
18
16
16
6
5
5
3
8
18
14
10
9
7
5
5
7
14
16
15
12
9
2
4
6
13
17
19
14
9
5
4
5
12
16
15
19
10
3
3
5
6
14
16
14
12
5
4
0
5
12
16
18
12
6
2
1
2
12
15
14
16
9
6
3
1
11
13
18
16
13
6
3
6
3
9
17
19
13
9
4
5
3
13
17
0
0
0
0
