24
4
15
18
19
11
11
11
1
16383
3
9
16
19
22
12
8
5
16382
4
11
12
19
18
18
13
2
2
6
7
14
18
15
18
10
3
16383
3
7
15
21
21
16
11
8
3
1
3
15
19
24
19
13
7
16380
16383
7
10
16
22
20
13
5
2
1
8
11
19
24
20
13
8
2
1
6
10
17
18
21
16
6
7
4
5
7
16
18
20
17
9
4
16383
2
11
14
20
21
15
7
4
16382
2
7
10
19
21
18
11
6
3
1
6
15
20
22
20
10
5
16383
2
3
14
23
22
18
17
5
16383
16383
8
10
15
19
20
13
8
0
1
8
10
18
26
15
13
2
5
0
2
7
16
21
19
18
7
1
0
1
7
19
19
18
18
13
16383
1
16383
9
13
22
16
18
12
5
3
5
11
13
21
18
18
10
7
5
1
6
11
16
21
20
16
4
0
3
7
12
18
20
18
13
4
4
2
3
10
16
19
14
12
10
2
1
4
12
16
21
19
13
10
4
16383
4
13
12
21
16
14
7
2
16383
0
8
18
18
21
16
9
0
1
1
10
15
20
18
20
11
6
1
4
8
10
20
19
17
13
3
1
3
6
15
15
20
18
11
7
1
3
6
12
20
23
17
12
7
2
16383
4
14
17
18
21
19
4
2
16381
5
11
13
22
22
20
9
4
1
6
9
15
20
19
18
8
5
16382
5
7
17
18
19
16
9
1
16382
1
5
15
16
20
14
13
4
1
16383
6
13
17
20
16
9
5
16383
3
6
11
16
19
18
14
3
4
1
4
11
19
20
20
16
5
1
1
3
9
18
19
17
13
10
4
2
2
8
16
21
21
12
13
5
1
1
10
14
20
15
15
10
1
16379
0
7
14
17
22
15
11
5
2
3
8
18
16
20
17
11
8
1
1
8
15
19
19
19
14
3
1
16383
9
11
18
21
15
17
8
0
1
5
10
16
18
19
13
8
3
16381
2
11
18
19
22
16
11
1
1
2
10
15
22
20
19
8
4
16383
3
7
14
18
22
19
8
4
1
1
9
11
21
18
18
9
2
2
1
9
13
18
20
17
13
10
5
2
8
12
17
19
21
14
7
16381
5
7
10
19
19
19
14
9
4
2
5
11
14
23
19
13
11
4
4
3
7
15
20
17
14
9
7
2
7
8
13
19
23
16
10
5
0
4
6
13
20
22
19
13
5
1
16383
6
15
16
18
21
12
5
1
5
6
13
17
21
22
13
9
16383
1
4
10
17
19
20
13
8
2
3
2
9
13
23
16
14
10
3
3
3
8
18
18
20
19
10
2
2
2
8
13
16
15
14
9
3
1
1
7
16
17
18
15
10
2
1
2
6
14
19
20
20
11
2
16382
16383
6
12
18
19
17
14
8
16383
2
7
15
18
20
21
12
5
2
16383
5
9
15
18
21
16
4
3
0
4
14
19
22
17
17
8
3
16382
6
11
16
20
20
18
12
6
16383
2
6
12
21
19
18
9
5
16381
1
2
13
18
24
18
13
7
16383
1
5
13
19
22
21
10
2
16383
16382
5
11
17
22
18
12
5
1
16383
4
9
15
21
17
16
9
2
1
4
12
15
17
18
14
7
3
16383
5
8
15
18
23
15
6
2
16383
2
6
13
19
18
18
7
4
16383
2
9
14
18
22
13
10
8
0
0
8
14
20
20
15
10
8
16383
3
7
10
18
21
23
14
7
16383
2
4
11
19
20
18
12
7
3
16383
2
11
14
19
20
15
7
2
16382
16383
10
15
22
18
18
6
1
5
16383
11
15
18
16
21
11
3
3
16383
5
14
18
21
16
10
1
16382
2
7
17
18
20
18
11
5
2
16382
7
13
19
21
15
12
5
16383
16382
5
11
17
20
18
14
7
1
0
5
9
16
20
16
16
6
16383
16383
3
10
15
21
19
19
8
1
16381
1
9
13
21
22
15
11
5
1
2
8
13
23
20
17
7
5
1
3
7
10
17
19
18
12
4
1
4
4
15
16
21
16
13
6
1
16383
6
14
19
20
18
7
11
2
16383
4
9
17
17
16
16
7
2
16383
4
10
16
20
21
17
10
3
0
2
5
15
18
20
16
14
3
16383
3
3
15
21
20
21
13
5
6
2
8
14
19
21
16
9
6
0
3
5
13
14
19
15
10
4
16383
2
3
13
19
21
17
10
7
0
3
3
11
15
22
21
14
4
4
0
5
11
17
21
18
14
8
2
4
3
7
16
18
23
13
11
3
4
2
8
11
17
19
19
7
6
16383
2
10
11
19
20
16
10
3
5
2
4
13
19
19
18
13
5
3
2
4
14
17
23
19
13
3
3
1
4
11
18
21
20
10
9
2
0
2
9
18
21
22
20
7
3
10
