61
9
13
18
17
15
15
15
12
8
3
4
4
5
8
9
13
17
16
19
13
14
13
6
6
1
5
5
6
12
11
20
15
19
15
13
8
7
2
5
4
8
9
13
14
18
17
15
17
12
9
6
3
5
5
2
14
15
13
19
18
21
14
10
7
3
7
2
2
6
10
14
17
14
16
12
11
13
6
2
1
2
8
11
11
16
17
16
16
15
10
5
6
6
3
2
4
9
15
17
18
18
17
12
11
9
2
2
4
6
6
10
13
18
18
15
16
11
10
7
5
1
4
2
10
15
13
14
20
16
15
13
7
6
2
2
16382
2
8
15
14
20
17
18
14
11
9
3
16383
6
3
9
7
14
17
21
16
16
11
10
6
3
4
4
6
10
11
15
18
15
19
16
10
10
5
4
2
5
4
10
15
15
14
19
19
8
11
6
6
4
6
3
10
10
17
18
20
14
16
10
9
8
3
1
1
7
8
12
13
19
17
16
17
14
10
5
18
21
18
16
15
13
9
5
20
13
11
11
9
5
0
1
3
10
8
17
17
19
18
16
14
10
7
2
2
7
2
5
13
15
15
17
15
16
11
9
6
5
2
5
6
11
13
17
14
17
17
12
11
6
7
4
3
4
9
9
11
19
18
18
15
14
13
6
6
5
3
3
6
11
15
19
18
17
12
10
7
9
8
3
3
7
12
13
14
16
15
16
16
11
9
4
1
5
7
9
13
12
14
18
19
15
13
7
7
3
4
2
6
7
11
18
14
20
18
14
14
8
8
0
3
1
5
14
11
16
17
18
17
11
9
3
3
3
16383
7
8
12
12
18
18
15
13
13
10
5
2
6
3
8
7
9
18
17
18
13
16
12
10
4
1
4
6
4
8
11
13
16
17
17
12
13
8
7
3
2
4
6
9
13
18
17
17
16
11
8
8
5
6
4
4
4
10
16
15
19
17
17
11
11
5
0
5
2
16383
11
13
15
18
18
18
11
9
5
5
3
1
5
8
10
14
19
18
19
14
11
8
8
4
3
3
4
9
9
18
13
17
17
13
10
9
8
5
5
5
8
8
12
15
19
19
13
14
11
8
2
1
1
1
6
11
11
15
18
19
15
15
12
7
6
2
1
4
5
8
13
18
17
19
16
13
7
5
5
3
1
8
7
14
15
13
18
14
14
9
6
1
2
1
4
4
11
14
17
17
17
15
12
8
9
4
0
2
6
10
11
14
13
17
16
14
10
6
6
4
3
1
4
7
13
18
16
17
11
15
9
7
6
3
3
4
7
10
16
15
15
17
12
10
9
6
5
5
1
2
8
12
14
18
18
18
15
9
8
4
3
2
5
7
9
17
14
12
14
15
13
13
9
7
16383
2
5
9
8
13
14
16
13
16
15
12
6
4
3
2
5
8
8
12
17
16
18
15
11
13
3
4
2
4
8
8
11
14
21
16
17
13
11
8
1
3
2
5
3
10
13
17
14
21
17
13
10
4
5
5
0
2
9
7
17
18
17
20
14
16
6
5
5
2
3
6
10
4
5
3
6
8
14
13
17
4
7
3
4
7
9
15
12
18
16
12
13
10
7
2
1
4
7
8
12
12
17
17
18
16
13
10
1
2
1
5
6
12
12
16
14
21
18
15
11
9
5
3
16380
2
6
11
13
19
17
18
16
16
9
7
3
3
3
5
5
10
9
16
17
17
14
11
10
7
5
1
1
6
9
10
14
18
19
15
18
11
9
8
6
0
6
9
8
16
17
14
18
15
14
11
7
3
16383
3
8
8
7
14
17
17
17
14
14
11
7
4
3
4
3
11
10
15
16
18
18
13
10
8
7
5
6
4
8
10
15
14
20
16
16
13
15
9
4
3
3
5
8
11
16
18
18
17
13
13
8
9
7
5
3
1
11
11
13
20
19
18
13
9
4
2
3
3
2
5
8
14
14
21
18
17
16
10
9
7
1
1
4
9
8
13
15
17
18
18
15
8
7
2
2
3
6
7
13
16
14
15
18
13
9
9
4
6
3
1
10
6
12
12
17
19
17
13
12
5
8
6
2
4
10
10
16
16
19
18
15
11
14
10
4
2
3
7
9
8
18
15
16
17
14
10
10
4
2
4
0
7
13
13
14
15
20
16
9
13
6
7
3
3
4
9
13
12
14
18
17
16
14
7
6
2
1
4
7
9
11
14
15
16
17
19
14
10
4
5
4
5
7
8
13
16
18
17
17
12
14
6
5
1
1
4
6
10
13
13
18
16
18
15
9
5
2
1
3
3
7
11
12
17
19
18
15
13
9
4
2
16383
5
6
9
10
14
19
18
22
14
10
8
3
4
