65
19
18
11
8
7
7
7
14
19
21
18
9
5
1
7
15
20
14
14
9
7
4
9
9
17
17
16
12
5
4
4
11
15
17
20
10
8
4
4
11
14
21
15
14
7
2
6
11
12
19
20
13
6
3
8
8
16
19
18
11
8
5
4
7
17
18
20
13
12
2
5
4
16
15
20
17
10
3
2
5
10
17
18
17
9
7
2
5
11
18
16
15
7
2
3
5
9
18
21
18
12
7
1
5
9
18
17
16
11
7
4
4
10
15
18
17
11
10
6
6
6
14
18
17
14
9
5
2
8
11
15
18
14
10
6
2
5
10
17
17
14
7
4
4
3
11
14
17
18
13
6
1
4
8
12
17
17
12
7
16382
6
8
13
20
14
13
11
2
2
9
14
18
18
13
8
2
3
9
13
17
18
13
6
4
3
6
13
19
17
15
8
5
4
6
11
17
19
18
9
5
5
6
10
17
18
14
12
6
3
3
8
21
20
19
12
5
3
4
9
11
17
15
14
8
3
4
5
12
17
15
12
8
2
2
7
11
19
16
12
7
6
5
7
11
19
18
13
9
3
4
5
13
16
19
15
8
4
5
8
11
9
15
18
12
9
2
5
9
14
17
19
13
9
3
1
7
13
17
19
15
4
3
2
10
12
18
18
14
8
1
3
5
9
16
16
13
11
6
2
1
10
17
17
15
8
4
3
2
8
13
17
16
13
2
3
0
8
12
18
13
14
6
5
1
8
15
20
18
13
8
6
4
9
9
17
20
12
9
3
4
10
11
14
19
13
8
9
5
5
10
14
21
13
9
3
3
6
8
15
19
14
14
4
1
9
12
16
19
15
10
6
6
4
11
14
17
18
12
7
4
1
7
14
18
16
17
8
2
1
4
14
19
23
13
10
5
5
7
13
21
13
16
9
5
4
6
12
14
17
16
9
5
2
1
9
14
17
14
17
4
0
6
8
13
17
18
16
6
3
4
8
12
19
17
12
6
2
5
8
13
18
15
13
10
5
4
8
10
19
17
16
6
4
4
4
11
17
20
13
11
3
2
9
8
14
15
16
10
5
16383
5
12
15
15
13
11
4
2
7
9
13
17
19
10
2
7
4
10
14
17
16
14
8
1
2
6
13
18
16
11
6
6
4
4
12
17
15
16
10
1
6
9
15
13
20
14
5
0
3
6
9
20
19
17
11
6
4
6
11
16
16
17
12
5
4
3
11
17
19
16
11
8
6
4
8
12
21
22
17
5
6
0
8
13
17
20
11
9
2
2
7
13
16
18
13
10
1
4
8
10
15
19
17
11
3
5
6
10
18
19
16
12
7
4
2
8
18
16
20
11
10
3
3
6
15
20
18
14
6
3
6
8
18
18
18
11
5
0
16383
7
13
15
17
18
12
6
6
5
13
15
18
17
9
5
2
3
9
14
21
14
12
6
2
5
9
13
16
18
16
7
1
5
8
19
19
16
15
5
1
5
6
15
16
16
13
9
4
4
6
13
15
22
14
7
8
0
6
12
18
15
16
8
5
5
5
13
13
17
15
11
8
5
8
12
17
18
18
10
5
6
8
7
15
17
17
12
2
16382
5
8
15
15
15
12
6
4
6
7
13
17
17
13
7
2
3
6
13
16
17
16
8
1
0
4
10
15
14
20
7
4
6
6
9
16
20
17
11
6
3
3
12
12
17
16
10
5
5
4
8
16
19
18
10
10
3
6
7
15
20
16
11
7
3
6
10
18
17
18
14
8
3
3
5
12
19
20
15
8
4
1
8
12
16
18
15
13
3
0
5
13
18
17
15
9
4
4
5
7
15
18
18
13
7
2
4
9
15
19
15
8
8
0
4
5
16
16
18
14
5
3
4
6
14
16
19
13
10
3
1
7
12
15
18
16
6
4
3
8
15
16
18
15
9
2
16383
5
10
13
20
18
13
5
3
2
10
15
21
18
11
5
1
2
7
17
16
16
15
5
2
4
8
14
17
18
14
10
16382
2
5
10
17
21
16
8
4
3
6
15
21
16
17
9
2
4
5
10
14
20
22
9
6
1
3
12
15
22
15
9
7
4
6
10
14
23
20
12
4
2
5
10
15
19
15
13
7
2
3
8
14
19
16
14
5
2
9
8
13
17
19
13
8
3
8
4
14
15
17
13
10
5
4
5
8
12
17
13
10
6
3
4
10
13
21
15
12
8
4
1
9
15
21
16
12
8
4
1
10
10
14
13
9
10
3
1
5
11
19
17
14
6
1
1
8
10
21
18
12
11
3
8
8
10
13
19
16
9
5
3
4
11
15
20
19
10
8
4
6
9
13
16
17
12
5
