19
18
17
17
17
9
9
9
5
6
5
4
4
3
5
5
8
9
9
15
19
15
19
16
16
14
13
12
10
7
4
3
3
2
3
3
9
9
8
14
14
15
17
17
17
17
17
13
10
9
6
7
3
0
2
1
6
6
5
12
11
14
18
15
15
16
22
16
15
13
8
6
3
2
5
5
1
5
7
7
9
13
11
12
21
17
21
13
14
17
15
9
8
4
3
6
4
4
1
5
7
6
10
11
15
17
16
18
19
17
13
10
12
11
6
3
3
1
5
4
5
9
9
11
13
10
14
20
18
19
18
17
16
11
12
6
7
2
4
3
5
5
9
11
11
15
17
15
21
18
18
16
18
13
13
9
8
7
6
8
4
4
3
7
6
11
12
12
13
14
17
17
17
18
14
11
6
7
7
3
3
2
4
4
8
7
13
13
13
12
17
20
20
14
16
16
14
13
8
5
6
3
2
2
3
2
5
8
14
16
16
13
18
16
17
15
13
12
12
9
6
2
4
3
2
7
2
7
10
10
11
16
17
17
17
18
20
12
14
7
9
5
5
2
5
0
6
4
5
8
9
12
13
16
14
16
18
16
15
16
13
10
6
3
5
4
7
5
5
9
9
11
14
17
13
15
18
17
15
18
14
17
11
5
6
4
3
1
5
7
8
5
11
11
12
17
16
18
18
18
14
13
11
8
9
5
2
5
16383
6
5
6
9
9
13
13
14
19
20
15
18
17
16
14
9
8
8
1
2
5
7
3
4
6
12
11
14
19
14
18
18
18
13
11
13
13
6
6
7
1
2
3
2
3
7
10
9
13
16
12
16
17
16
18
16
14
11
8
5
4
5
6
5
5
4
1
7
10
11
15
15
18
18
17
17
17
12
11
5
6
4
5
1
0
1
6
6
9
11
10
12
16
17
19
19
18
11
15
13
9
5
6
5
3
4
2
3
8
5
9
11
13
14
21
21
19
14
16
15
15
11
7
6
4
3
7
0
2
5
8
9
13
17
12
15
18
18
17
16
16
17
9
9
3
3
3
0
1
2
5
8
8
11
13
18
17
17
17
18
15
15
11
7
10
3
5
4
2
3
3
6
7
7
12
15
14
16
12
19
18
16
14
10
10
6
9
5
2
16383
3
6
1
5
9
5
15
14
15
19
21
18
16
17
14
10
9
11
6
3
2
4
1
7
8
8
13
12
14
16
12
16
17
14
12
13
10
10
5
6
7
3
3
3
6
5
7
9
10
14
14
13
20
16
17
14
17
10
10
9
5
6
6
3
4
6
1
6
9
10
13
18
10
16
16
16
17
11
13
9
13
8
5
3
3
2
5
16383
6
9
11
13
13
17
21
19
18
18
14
15
12
9
7
5
5
6
1
6
5
5
10
13
13
11
15
18
16
18
18
11
13
10
10
10
3
7
2
4
3
6
5
8
8
10
14
17
18
16
18
16
18
15
9
9
6
6
5
2
2
1
5
9
9
10
13
17
16
17
16
18
16
18
17
12
9
10
7
5
6
4
4
7
9
8
10
13
11
13
14
21
18
15
14
15
15
8
9
3
8
3
2
4
1
6
7
9
11
12
15
14
21
17
19
15
16
14
11
7
8
4
5
4
5
2
7
7
8
11
10
11
13
19
18
15
17
15
14
10
12
7
7
5
4
3
3
3
10
8
10
8
14
17
17
19
22
17
13
13
14
7
8
6
8
4
16383
3
7
8
9
10
11
14
17
17
17
15
18
13
14
14
9
10
9
4
6
1
6
2
8
9
9
15
13
14
17
17
15
14
13
15
15
11
7
4
3
4
1
6
1
5
5
10
9
12
14
16
22
18
18
20
14
10
9
9
5
8
5
2
2
1
2
7
9
10
15
14
14
18
17
19
19
13
11
8
9
8
6
5
7
4
5
7
3
7
12
11
15
15
17
14
17
15
17
10
10
11
7
3
5
4
5
2
6
3
7
10
11
12
15
16
19
17
14
16
13
9
11
8
3
5
2
4
4
6
7
8
10
10
14
14
14
20
13
20
19
14
12
10
6
7
4
6
5
4
5
6
8
9
10
16
16
15
21
16
16
17
11
15
12
10
6
8
2
1
1
3
4
4
9
10
12
16
14
16
16
18
17
21
9
7
9
5
4
5
3
5
0
5
6
6
10
13
16
15
17
14
16
19
14
17
14
7
7
4
5
6
5
4
3
8
7
9
13
11
16
19
18
18
17
13
17
12
8
6
9
5
3
5
3
2
9
5
11
13
15
15
17
14
19
17
15
15
10
9
8
8
3
2
2
5
2
4
6
9
10
13
16
15
18
17
19
15
17
10
6
