64
1
5
10
16
15
15
15
6
4
2
5
9
15
23
17
14
9
2
16382
4
4
20
20
18
18
10
5
0
4
10
15
17
22
17
12
4
2
4
7
14
17
16
16
7
3
0
3
8
12
18
24
17
11
3
3
1
6
14
18
20
14
8
2
4
16383
10
13
16
20
18
13
4
0
16383
9
8
18
18
19
14
4
0
3
7
14
20
21
16
12
6
16383
0
5
13
17
23
16
11
6
16382
1
4
13
18
20
18
11
7
2
1
5
11
19
23
20
15
3
1
0
5
10
16
19
18
16
3
2
16383
3
9
17
23
21
18
9
16383
2
3
10
15
21
21
19
7
4
3
16383
9
19
20
25
19
8
1
2
6
10
12
18
19
14
10
16383
1
5
8
16
20
18
16
8
3
3
4
10
13
19
21
18
9
5
16383
16383
9
14
18
20
17
11
6
16383
2
3
14
17
20
18
13
6
1
3
7
13
20
23
17
9
5
2
1
9
10
18
17
21
13
8
5
1
6
11
17
19
17
14
5
0
0
3
12
17
18
19
14
4
1
3
3
11
15
21
19
10
6
1
16382
4
10
15
19
18
15
6
16381
16381
0
13
16
23
20
16
7
0
1
1
8
17
22
21
16
12
1
4
2
10
13
22
20
18
9
6
16383
3
6
18
21
22
17
9
5
3
0
8
11
20
21
18
9
2
0
4
6
11
20
17
17
11
11
5
6
7
11
20
19
16
8
2
3
16382
5
13
21
21
16
12
9
4
1
6
9
18
20
17
13
3
0
1
4
8
17
19
18
14
7
2
0
4
10
17
22
18
7
8
1
3
3
10
15
17
19
15
7
2
16382
5
11
14
22
18
15
10
1
16383
3
9
14
18
21
16
13
2
16383
3
11
16
20
20
14
11
3
2
4
10
16
17
22
18
6
5
16383
3
9
18
21
22
17
12
4
1
0
9
12
21
22
15
13
4
0
0
6
16
15
21
18
12
4
1
2
3
14
18
21
18
10
5
2
0
2
11
20
21
14
10
7
0
3
4
11
20
22
18
11
8
2
1
6
17
17
21
21
14
4
16382
2
4
10
16
22
21
13
8
6
16383
5
12
18
24
19
17
9
2
16383
5
11
17
21
22
15
9
3
3
2
13
17
19
20
18
10
3
3
5
5
19
20
18
17
6
6
0
5
6
17
22
25
18
8
6
3
1
10
12
19
20
20
9
2
2
4
9
14
19
19
16
10
6
2
16380
8
10
20
22
18
16
6
0
16382
6
11
17
21
18
12
6
4
16382
8
11
20
21
20
11
9
3
4
7
10
17
21
21
13
7
0
0
3
13
18
21
19
12
6
16382
1
4
11
16
22
20
11
9
4
16383
5
12
16
18
20
13
6
16383
4
7
13
14
18
19
17
10
3
16382
16383
6
14
21
22
14
9
4
4
2
9
11
18
19
15
9
5
0
4
7
17
20
15
15
6
0
1
16382
12
14
16
18
14
11
7
1
5
7
15
16
19
15
13
6
16381
3
6
17
18
19
16
10
2
3
0
4
11
18
22
17
15
4
1
1
4
12
16
19
19
11
5
16382
2
5
11
18
23
20
11
8
0
4
6
12
16
19
20
15
10
16383
3
6
12
17
20
18
14
10
2
3
2
10
17
20
16
15
10
2
2
2
7
9
19
23
15
11
2
16383
3
6
14
19
22
17
14
3
16382
3
10
18
19
19
16
11
4
2
5
11
20
20
21
14
9
6
16383
3
7
14
21
21
19
12
1
3
4
11
14
15
21
18
13
5
0
16382
8
16
19
23
18
18
5
4
1
6
12
20
23
18
11
6
16383
2
4
11
15
25
22
15
4
1
1
7
14
17
18
17
11
9
3
2
6
7
18
21
21
15
7
1
16383
1
6
15
21
21
18
10
1
16383
5
8
16
20
21
20
8
2
1
3
9
14
21
19
19
9
4
2
6
10
13
20
20
16
9
3
2
1
6
14
18
19
20
13
4
1
0
6
13
20
20
19
7
5
3
3
6
11
19
19
16
14
2
16383
1
5
17
20
19
20
10
4
0
16383
2
13
16
19
20
14
4
1
0
5
11
17
21
16
18
6
4
3
6
14
21
20
20
12
5
1
16383
6
8
18
18
19
15
9
0
3
3
11
16
18
21
17
9
2
16383
1
9
18
21
19
13
7
2
1
4
8
17
24
21
15
11
2
16380
0
11
15
20
22
14
10
2
1
3
8
14
20
19
15
14
0
1
4
7
13
20
20
17
12
2
16383
3
9
14
17
20
17
9
3
1
2
7
11
19
23
17
11
6
16383
0
7
11
21
20
18
14
2
16383
1
5
13
19
22
18
10
5
16382
1
4
10
20
19
4
