22
13
4
3
2
10
10
10
15
17
20
16
14
11
6
3
0
5
8
8
14
15
16
18
15
8
5
3
2
1
7
12
15
19
19
17
14
10
7
16383
4
2
7
12
18
20
14
19
14
8
7
4
4
7
5
9
18
24
14
16
9
9
4
0
5
4
11
12
17
17
17
16
11
9
8
2
3
4
11
14
16
15
17
14
9
8
4
2
1
10
10
18
21
17
15
16
10
8
4
2
4
9
11
13
19
16
18
13
9
5
2
4
4
9
11
15
15
17
17
9
7
5
3
1
6
8
15
14
19
18
12
11
8
10
7
6
4
12
14
18
17
18
12
7
6
4
5
2
8
11
14
22
18
14
12
11
6
3
2
7
5
13
17
15
17
20
14
12
2
3
2
5
7
13
15
20
22
16
13
9
6
16383
3
4
9
17
15
21
17
13
10
7
7
3
2
6
14
12
21
16
18
16
9
10
6
8
4
6
11
16
18
15
15
15
9
9
2
6
8
6
15
13
17
20
15
14
9
6
2
2
6
7
13
20
18
19
17
9
8
9
16383
4
4
9
13
17
18
17
15
12
7
5
6
3
9
11
15
14
12
17
15
12
8
5
4
0
5
12
15
18
15
17
13
12
6
4
4
6
7
11
17
19
17
13
10
9
4
4
4
5
10
15
15
15
16
16
15
9
5
2
4
5
5
12
20
21
14
14
14
9
2
6
1
7
9
12
16
17
17
11
12
5
2
0
5
8
11
14
16
15
16
13
9
7
2
4
1
7
10
17
20
18
18
13
11
3
4
6
7
10
14
19
20
19
13
12
6
4
16382
3
9
13
14
16
21
14
13
12
9
4
3
5
8
13
14
14
16
17
16
11
8
3
3
3
10
10
19
17
16
17
16
6
6
1
8
5
6
13
16
18
15
20
14
8
8
4
2
3
8
14
16
19
22
15
13
7
6
4
7
10
11
10
15
18
16
18
12
6
8
2
2
8
10
13
14
15
19
13
11
5
1
1
3
8
8
16
15
18
18
18
6
8
2
4
6
8
11
19
20
20
16
12
5
5
4
2
6
11
9
13
20
20
15
14
9
4
6
4
5
8
14
16
18
17
15
10
10
4
2
16383
6
11
14
17
17
16
15
13
9
5
5
1
5
8
16
14
20
17
18
11
4
4
3
5
7
12
19
19
20
16
15
7
5
3
2
5
9
14
17
22
20
18
13
10
7
2
4
7
14
13
14
21
18
13
12
6
4
3
3
8
10
13
16
20
16
14
10
8
6
5
4
10
8
17
20
19
21
14
8
9
8
4
4
10
10
17
23
18
20
13
10
5
2
6
10
7
14
15
15
18
16
11
11
8
6
4
5
10
14
20
17
19
14
13
12
3
7
1
5
11
12
20
21
17
16
12
9
8
7
2
7
12
17
17
23
18
13
10
4
3
3
3
6
10
13
17
19
22
12
9
6
1
4
4
8
10
16
20
21
13
15
9
2
2
3
6
6
11
14
17
18
15
13
9
4
3
4
6
7
15
20
18
19
11
10
10
4
5
4
6
8
13
18
15
19
17
12
7
3
1
4
8
13
12
17
15
15
13
9
6
4
2
10
10
10
20
19
15
18
14
8
4
2
2
7
10
13
13
19
19
18
12
10
3
2
4
2
10
15
20
16
19
14
9
9
3
1
3
5
10
12
14
13
17
14
9
8
4
3
8
6
9
15
17
21
20
15
9
3
1
3
6
11
14
12
17
17
13
10
13
4
8
2
5
8
10
19
19
16
17
11
9
5
4
5
7
6
13
17
19
17
17
14
7
6
3
5
6
13
17
21
18
15
16
11
8
5
4
4
9
13
14
19
18
18
15
15
10
3
3
5
8
12
13
5
8
10
15
18
14
17
17
7
11
10
18
18
19
17
13
8
9
6
5
6
9
17
17
19
15
15
9
11
5
4
2
9
10
15
17
18
19
15
8
8
5
6
5
6
13
15
13
17
16
12
9
9
4
4
5
8
14
16
19
17
17
13
8
5
3
5
5
10
13
18
18
20
17
13
11
6
4
4
9
10
14
18
18
19
16
15
9
2
7
8
7
14
14
21
21
18
13
6
5
2
2
6
7
17
17
22
14
17
16
8
5
5
4
5
7
10
16
18
22
18
14
12
4
1
7
8
6
13
17
19
21
17
13
5
5
2
2
5
7
12
18
18
13
18
11
8
3
4
1
5
13
14
16
19
21
15
7
8
2
16383
7
9
12
14
15
22
18
14
8
5
4
1
7
9
11
15
17
20
18
12
8
6
4
0
7
10
15
16
19
20
16
11
6
5
3
5
6
11
18
