58
5
6
8
5
10
10
10
13
15
14
18
18
18
16
14
17
17
14
16
13
8
10
6
8
4
5
2
1
6
2
9
7
10
10
12
9
12
13
19
16
15
17
21
17
17
15
14
11
11
10
11
8
6
3
7
3
5
7
6
8
6
11
7
11
10
12
12
19
15
18
15
16
17
17
15
13
12
11
7
7
3
7
6
5
6
5
3
6
7
9
10
9
14
14
13
16
19
20
15
17
18
11
18
14
15
11
9
10
9
5
5
6
2
4
16383
2
6
7
10
10
10
11
12
15
17
19
17
19
17
14
13
14
15
10
9
11
6
7
4
4
5
1
3
3
4
6
10
9
10
12
14
15
14
16
16
20
17
14
16
12
11
12
12
8
10
7
7
6
5
1
5
4
8
5
8
7
12
11
14
15
15
21
20
16
17
18
13
20
15
13
11
10
10
10
9
5
4
5
8
4
2
5
5
6
9
12
14
9
18
13
17
16
15
15
19
16
16
13
13
11
7
9
3
9
4
6
6
3
8
5
11
5
7
11
13
11
20
16
18
16
15
17
18
15
14
17
11
12
9
8
6
3
5
4
3
1
7
3
6
6
7
10
13
14
14
13
16
15
15
18
21
17
13
10
14
12
10
7
6
4
7
7
6
6
6
3
4
10
10
12
13
12
14
18
16
18
13
18
18
19
17
14
12
14
10
7
12
8
6
5
4
5
5
7
5
6
10
5
11
16
15
14
17
14
19
19
19
18
16
17
7
13
13
10
12
6
6
7
6
8
2
2
4
8
9
3
12
9
4
4
5
7
7
5
6
8
9
6
6
7
14
13
9
6
5
7
3
1
7
4
6
6
7
7
10
7
11
13
11
14
18
17
17
16
17
18
13
13
14
9
13
7
8
5
7
4
7
3
9
3
5
6
6
13
11
13
13
16
17
17
17
15
17
16
18
13
11
14
10
6
10
6
5
5
5
5
8
3
7
6
8
11
13
14
9
15
16
18
15
17
20
20
14
19
12
15
12
8
6
5
7
3
3
2
5
4
5
5
6
6
12
14
11
13
15
17
11
19
16
15
18
14
13
11
13
10
9
7
4
4
4
4
5
2
6
7
6
6
10
11
11
11
11
17
16
15
19
18
17
11
14
12
13
13
9
8
7
5
6
2
5
6
5
6
7
10
12
11
13
14
16
17
16
16
17
18
17
14
14
13
13
10
9
8
5
3
8
5
2
2
5
5
7
8
8
12
11
13
14
16
16
18
14
15
14
16
18
18
15
13
11
11
10
8
5
5
3
3
3
7
3
4
9
11
13
11
15
15
15
19
18
17
15
13
18
15
12
13
11
9
9
9
7
4
5
4
6
5
3
8
8
10
9
13
11
10
16
14
17
17
20
18
15
14
15
13
9
10
8
9
6
6
2
4
3
4
6
7
5
7
9
11
10
8
11
19
19
14
18
17
18
19
13
14
16
11
9
9
6
8
6
3
3
3
3
8
5
11
10
8
10
12
13
15
14
17
18
18
15
13
18
15
13
14
10
10
8
3
4
2
5
5
6
4
4
7
11
6
8
11
14
18
15
15
17
18
17
15
15
15
11
12
9
15
7
6
6
5
2
2
6
3
7
9
6
11
9
10
12
15
15
16
17
18
17
13
14
15
12
14
12
10
10
4
5
6
1
3
9
4
6
4
8
8
10
10
12
13
17
19
18
18
20
19
15
19
13
11
14
6
10
8
5
5
2
5
6
6
8
5
8
5
11
13
12
13
18
12
18
17
14
16
16
15
15
15
9
8
8
10
5
5
7
4
4
2
3
6
2
3
10
11
10
13
13
15
15
14
19
14
20
18
16
15
13
8
8
8
7
8
10
4
2
6
5
5
2
6
6
8
14
10
15
14
17
15
15
18
18
18
14
16
15
11
12
6
11
6
6
5
5
1
7
4
5
5
6
10
7
10
13
13
15
16
20
21
16
15
15
16
17
12
10
10
7
5
4
4
5
5
6
4
7
7
6
5
9
9
10
11
14
14
15
15
15
19
20
17
15
10
13
8
10
7
5
5
4
16383
6
5
5
6
3
5
7
8
8
13
15
14
15
15
15
12
19
15
18
15
15
10
8
8
7
5
7
5
5
6
7
7
6
6
10
12
7
13
12
12
18
18
16
19
17
16
13
15
12
14
9
8
9
5
7
5
2
2
3
5
5
5
6
9
11
11
10
6
18
15
18
17
18
15
15
16
12
12
10
8
9
9
5
3
5
3
5
3
3
2
8
6
8
14
9
13
15
13
15
18
18
18
14
15
14
12
11
8
11
13
5
5
5
4
3
