63
20
15
12
8
5
5
5
8
12
18
21
20
11
8
4
1
3
7
12
19
20
20
13
9
0
1
2
3
8
11
21
18
16
13
7
1
4
5
10
17
16
17
16
10
6
2
16382
4
9
14
18
18
21
12
11
5
2
2
5
12
17
21
17
17
10
7
6
1
6
11
18
18
17
15
13
8
2
3
5
7
14
20
20
17
10
2
1
2
5
10
15
17
22
18
14
8
2
3
5
8
15
13
18
19
13
9
1
0
0
10
11
17
20
20
11
6
4
5
16382
3
12
13
14
16
17
11
4
4
16383
2
7
16
19
19
19
12
8
4
1
4
6
16
18
16
16
12
6
1
2
2
3
12
17
20
19
12
13
5
3
5
12
11
15
20
19
18
9
7
4
0
6
9
14
17
19
16
12
7
4
2
2
5
13
15
20
19
14
8
5
1
3
9
10
15
15
20
14
11
2
4
4
8
9
14
20
21
13
13
9
3
2
6
10
17
14
22
18
10
8
4
0
4
7
13
18
17
18
12
6
2
4
2
10
13
15
18
21
15
6
7
0
1
7
11
15
19
18
13
13
7
0
16383
5
9
13
16
20
15
13
5
2
16382
4
10
14
16
22
14
17
6
4
2
3
7
13
18
21
17
10
9
5
2
5
8
16
16
16
19
19
8
4
3
4
5
10
17
18
18
18
8
8
6
2
3
8
18
19
20
16
13
7
4
3
3
9
11
17
19
20
15
7
5
6
3
6
15
17
20
18
16
11
5
1
2
7
11
17
20
19
16
10
9
1
1
6
12
13
20
19
17
11
7
0
3
6
10
9
17
21
17
14
8
3
3
2
6
14
20
19
17
16
7
5
4
1
4
13
18
17
18
15
10
6
2
2
6
10
16
19
19
18
9
8
2
2
6
10
14
19
22
15
13
7
3
2
2
6
13
18
16
16
13
7
4
16383
2
11
11
17
19
21
15
10
2
16383
1
6
10
17
23
20
18
11
4
16381
1
6
9
15
20
21
19
11
10
1
1
6
8
15
18
18
17
11
6
5
1
5
7
13
19
18
15
13
8
5
5
0
2
11
16
20
18
11
7
6
2
16381
5
10
14
18
17
18
13
5
2
0
6
7
17
18
21
17
11
6
4
3
1
8
13
19
22
17
12
9
6
2
2
5
14
21
18
19
17
6
5
5
1
6
9
19
19
18
14
13
7
1
2
4
6
17
18
19
14
12
7
3
2
6
10
14
20
15
17
16
9
4
0
1
8
11
15
19
19
13
11
3
2
1
5
13
15
18
20
13
8
4
4
16383
7
8
12
16
21
19
12
8
2
1
3
8
15
20
18
18
13
8
2
0
3
7
15
18
15
13
14
8
3
1
2
5
12
15
22
18
12
8
6
16383
0
5
8
14
20
18
15
10
7
2
3
3
9
17
19
15
14
11
9
3
3
6
8
14
17
18
18
13
10
1
16381
2
10
11
17
19
22
14
7
7
2
6
7
12
18
21
19
17
8
5
16383
5
3
11
15
16
23
19
11
8
3
4
4
9
13
20
20
19
12
5
4
1
0
9
13
17
15
15
11
4
1
1
3
8
11
19
17
18
16
10
4
2
3
6
6
18
20
19
16
10
7
3
0
6
8
14
17
17
17
12
5
4
2
4
6
13
17
20
18
13
13
4
2
2
6
13
17
21
18
12
10
3
2
1
4
13
14
18
19
13
10
7
1
2
5
9
15
17
18
15
10
6
5
0
6
7
11
18
19
19
11
7
1
3
3
3
14
18
21
19
17
10
4
4
4
8
12
17
19
17
12
12
6
3
1
7
13
16
19
14
18
9
6
3
3
4
8
13
14
15
14
10
4
2
4
2
7
14
19
21
19
10
9
4
2
16383
4
11
17
20
20
17
9
3
3
3
7
13
11
19
17
17
7
6
4
1
6
9
15
19
17
17
12
6
2
2
1
11
10
16
18
16
8
8
3
3
3
7
14
15
19
16
14
9
5
0
2
6
10
13
21
18
15
9
6
6
16383
6
9
17
17
21
15
14
5
4
3
4
10
15
19
21
17
13
10
5
16382
2
8
15
21
20
17
14
6
2
0
5
3
10
17
18
17
12
9
3
16383
16382
4
8
16
20
19
11
10
6
1
2
2
8
11
16
20
15
10
8
5
2
2
8
12
17
19
15
11
6
6
16383
3
6
11
19
19
18
13
9
4
16381
2
3
13
15
20
18
13
7
4
1
3
9
13
15
19
19
14
12
8
4
2
4
10
13
17
21
19
15
5
5
1
3
8
12
15
21
17
15
10
4
2
16383
7
10
17
21
18
13
11
1
1
3
6
9
17
20
