60
15
21
18
13
7
7
7
5
3
5
4
3
8
7
12
19
18
20
14
11
14
11
10
5
6
5
1
4
10
10
13
15
23
16
19
15
14
11
10
8
16383
6
5
3
6
7
12
15
14
19
13
14
13
16
12
11
10
5
3
16383
5
4
10
12
14
13
19
17
20
16
14
9
7
5
4
1
6
6
8
10
16
15
15
15
19
17
19
11
6
5
4
6
1
16383
5
9
11
15
17
17
17
17
17
10
13
9
9
6
2
4
6
6
11
13
17
18
18
19
19
19
11
13
8
5
2
1
5
4
10
12
14
14
18
14
16
15
13
11
5
5
4
4
4
4
7
6
10
14
17
17
21
19
19
11
14
8
6
5
5
3
8
5
7
15
17
17
17
17
14
14
14
10
7
4
6
2
5
5
8
13
12
15
17
20
18
17
12
11
11
8
5
2
3
4
6
9
13
14
18
15
19
13
12
13
5
7
6
3
2
6
6
8
12
15
16
18
21
18
16
15
13
9
5
4
5
2
6
8
10
14
16
19
13
15
19
17
16
8
9
7
2
2
1
7
9
10
13
14
17
18
18
18
12
8
6
4
4
16383
3
6
7
12
10
17
19
17
20
16
15
12
11
9
4
4
5
7
5
8
11
12
16
16
14
22
17
15
12
7
6
6
3
3
5
7
10
9
13
17
18
18
14
14
11
10
5
3
4
2
2
3
8
11
13
17
17
15
17
17
16
13
12
7
4
4
4
2
10
9
12
14
13
16
19
17
16
17
10
7
7
2
5
3
3
7
10
14
16
22
18
16
14
15
16
11
10
4
5
2
3
4
7
8
10
14
18
20
18
18
15
12
13
5
5
3
4
4
3
10
14
11
16
18
14
15
20
11
11
9
8
5
1
4
8
7
8
17
14
19
19
19
21
12
10
11
9
7
3
2
4
5
10
13
14
18
19
19
18
16
16
7
6
5
5
2
3
8
8
9
14
19
19
19
18
19
14
10
11
8
6
5
6
4
7
10
9
19
16
21
21
18
17
15
12
6
5
6
1
2
1
10
7
14
16
14
17
11
12
9
7
5
3
7
4
1
3
10
8
9
14
16
19
18
14
18
13
14
11
9
2
2
5
6
8
10
13
14
16
17
19
16
15
8
10
8
6
2
5
3
9
7
11
14
14
18
17
21
19
15
10
9
7
3
6
0
5
3
7
9
16
14
20
18
20
17
13
12
10
3
4
3
5
2
10
11
10
10
19
17
18
17
20
13
11
5
6
2
2
3
12
12
13
14
15
14
17
18
14
15
13
8
8
3
5
7
6
7
10
10
15
14
17
19
18
17
12
11
9
5
0
4
3
7
5
9
11
17
15
18
17
18
16
12
8
7
2
4
3
6
6
7
16
11
13
15
19
18
17
10
10
13
7
5
1
3
6
8
9
13
12
16
19
17
18
18
10
8
8
5
3
3
0
4
11
8
12
13
17
18
16
19
14
13
9
5
5
0
4
4
8
8
15
14
13
17
19
18
16
13
9
8
3
4
5
3
6
8
14
13
17
19
17
19
17
13
11
9
7
5
3
3
3
6
8
14
15
15
18
21
22
14
14
8
10
5
4
3
5
8
8
11
13
14
18
19
17
16
13
12
10
7
4
2
1
2
5
9
10
14
15
14
19
17
15
14
10
7
4
2
3
6
4
12
9
10
14
16
17
17
15
16
11
10
6
6
2
2
7
5
7
9
14
14
18
19
19
17
15
10
9
5
5
5
5
3
7
10
13
14
12
16
17
15
18
11
11
8
4
2
0
2
6
8
12
13
17
16
20
18
15
15
14
7
6
2
3
1
8
6
13
13
14
19
18
15
17
13
12
8
5
4
4
5
2
4
8
11
13
18
16
18
18
17
15
10
7
6
3
3
2
4
6
10
13
11
17
19
18
22
13
11
7
5
5
4
4
8
6
7
12
13
14
17
22
18
17
19
13
12
5
3
2
4
4
7
10
17
13
17
17
19
18
18
13
14
4
6
2
6
5
2
6
9
13
15
17
18
14
17
13
10
10
4
4
7
16383
3
4
7
11
13
18
19
19
16
18
13
10
9
6
8
6
2
5
8
12
13
16
16
17
18
21
17
15
10
6
8
3
5
4
7
7
9
14
12
18
18
19
17
16
10
8
8
5
5
1
7
6
8
12
9
12
11
13
17
19
15
17
9
7
6
3
1
2
10
10
14
14
16
15
15
13
15
9
5
11
3
3
4
4
6
11
13
11
17
18
15
14
18
14
10
5
4
6
2
4
5
7
8
12
17
17
15
17
15
14
10
12
10
4
4
3
2
9
