62
1
6
2
8
20
20
20
14
13
10
6
5
0
1
3
13
13
16
16
16
12
12
5
2
2
7
9
12
14
13
16
13
12
9
3
2
2
1
9
11
14
17
18
14
11
4
16383
0
1
2
6
10
15
19
17
14
7
6
16383
1
1
5
9
14
14
16
18
10
8
4
6
2
4
10
11
16
20
16
17
12
14
4
0
3
5
9
10
14
21
18
15
14
5
5
3
3
2
8
11
17
20
18
15
9
7
16383
0
16383
9
8
15
18
21
15
14
5
2
2
2
2
5
10
13
18
18
16
9
8
2
6
3
3
5
13
16
17
18
16
15
6
3
6
2
5
9
15
16
18
17
12
9
4
6
1
2
5
9
20
20
15
15
16
13
7
1
1
5
6
13
12
18
17
17
14
8
5
4
16381
6
10
7
13
15
20
14
10
6
3
1
16383
6
10
11
15
21
19
17
10
5
5
1
3
6
9
14
18
21
15
12
10
3
1
1
5
11
11
18
19
21
17
12
7
6
2
6
5
8
10
14
18
18
13
12
7
2
16383
5
4
8
14
18
18
14
13
12
7
3
4
4
9
12
14
17
17
16
14
8
4
2
2
5
7
7
14
18
21
17
11
4
6
16383
16383
2
8
15
14
20
18
12
8
6
5
2
6
7
10
12
18
18
23
16
9
5
5
16382
0
7
9
14
13
13
17
15
8
10
1
3
4
6
10
11
18
19
14
10
9
1
5
3
10
8
14
18
19
18
17
12
11
8
5
5
7
10
14
16
15
14
14
9
7
3
3
2
6
12
15
15
16
15
11
11
4
3
5
1
6
10
14
16
16
16
13
10
9
6
0
2
6
14
15
15
17
16
11
5
7
0
4
6
9
13
17
18
20
17
11
6
3
4
6
11
9
15
17
20
15
13
10
5
2
1
4
6
12
17
18
17
17
10
8
7
3
3
7
6
10
16
15
14
15
9
9
1
3
5
6
6
13
16
20
20
12
8
6
3
4
5
6
14
13
16
18
18
11
11
7
3
2
4
9
9
17
18
19
15
13
8
5
2
3
4
10
12
17
20
16
13
9
7
7
3
0
6
8
17
14
18
18
13
11
4
6
1
2
5
13
14
17
18
19
10
8
5
4
1
5
7
13
14
18
17
17
13
6
4
2
2
5
8
13
18
17
20
15
13
6
5
16382
4
4
12
14
15
19
14
15
12
8
1
16382
4
5
11
14
19
18
19
13
10
5
3
4
3
7
10
15
18
20
15
16
9
5
6
16380
2
10
13
14
14
22
17
12
7
5
1
5
7
11
12
18
16
16
12
14
12
4
1
2
5
10
13
20
15
14
15
8
5
3
2
5
8
12
14
15
13
13
9
7
16383
4
2
5
8
16
18
17
19
13
12
9
4
4
4
3
11
12
15
19
18
15
13
5
5
5
3
8
13
17
14
19
14
10
9
6
4
4
4
7
9
16
19
18
14
9
6
6
2
1
5
8
14
14
18
16
14
13
8
7
3
3
3
11
13
15
18
17
15
13
9
3
2
16382
6
11
13
16
17
14
9
8
5
4
3
6
6
15
16
13
17
17
13
9
6
3
3
8
10
14
13
19
17
15
14
8
6
2
2
7
10
14
16
19
20
18
11
4
3
0
6
8
10
16
19
13
17
13
9
8
1
2
3
9
14
19
18
18
17
17
5
6
4
3
7
8
10
18
18
14
15
10
8
1
4
2
9
9
13
17
19
17
16
12
6
2
4
4
9
10
14
17
16
18
15
11
7
3
3
7
6
13
18
16
16
15
12
12
1
2
2
5
6
16
19
21
21
14
11
10
1
1
4
8
10
17
14
20
19
14
9
8
3
1
6
5
12
13
18
18
16
14
10
6
5
3
1
7
14
13
19
18
16
12
8
1
3
1
3
7
11
17
16
17
14
11
7
3
1
5
7
12
14
17
16
18
16
11
4
3
2
6
4
14
11
18
19
17
14
10
7
3
4
3
6
11
11
20
20
17
11
5
5
3
4
4
11
14
16
17
19
14
12
8
3
5
6
6
7
14
17
17
20
16
13
6
6
2
4
6
7
14
20
21
16
16
10
2
2
3
5
7
10
16
18
19
17
15
8
3
2
4
6
6
12
16
16
19
18
12
7
7
2
3
5
8
14
18
22
19
14
11
8
6
3
3
8
13
13
19
17
16
11
8
9
2
1
3
5
9
15
17
16
13
14
8
8
16382
3
4
7
14
16
18
18
14
13
9
4
5
4
6
7
11
16
20
16
14
14
8
3
2
4
6
8
12
18
11
18
15
8
5
5
16382
3
5
11
15
16
16
20
11
8
9
4
