66
9
17
13
15
10
10
10
5
11
10
12
14
9
8
8
11
13
16
13
11
5
5
10
14
17
17
10
7
5
6
12
18
17
12
6
8
8
11
12
17
14
9
6
7
12
11
12
13
8
8
5
5
10
14
14
10
9
4
6
12
14
13
12
9
10
5
8
12
12
16
9
8
8
3
9
12
16
13
11
6
8
9
12
13
14
9
6
10
5
11
12
18
12
9
6
3
10
14
19
15
7
7
7
7
13
11
16
15
4
9
6
12
14
16
13
10
8
6
11
13
10
15
13
2
9
9
12
11
13
12
9
5
9
10
14
15
13
11
7
8
8
13
18
14
9
9
5
9
12
16
14
11
7
6
5
14
14
16
18
10
8
8
10
10
14
13
14
2
2
9
14
18
18
13
8
9
6
7
13
14
14
15
6
7
6
11
13
13
12
10
6
8
10
15
14
15
11
4
4
9
11
13
13
13
11
8
6
10
11
17
9
10
8
4
9
15
16
13
15
7
8
7
13
13
14
15
10
6
5
12
14
14
15
10
6
6
11
10
17
17
9
9
6
11
11
15
14
11
10
5
4
9
13
15
13
11
4
5
10
8
17
15
15
10
8
6
11
13
14
15
9
5
8
8
11
14
15
14
12
5
10
13
20
16
13
10
8
14
8
1
3
5
9
16
16
9
12
12
15
13
9
6
9
10
13
16
11
10
5
3
10
10
14
14
12
7
7
4
9
14
14
15
8
6
7
10
11
15
11
10
8
5
3
12
14
15
13
8
5
7
10
17
16
11
5
6
8
8
10
15
10
12
9
6
10
10
14
16
9
8
4
3
10
13
17
7
8
6
7
6
10
14
11
12
8
10
7
13
14
17
15
8
6
7
8
12
14
15
11
5
7
9
13
14
11
10
9
7
7
10
13
14
11
10
3
7
8
10
14
11
12
9
7
8
10
14
17
13
7
8
8
11
16
15
16
13
8
5
10
11
15
15
13
6
7
6
12
14
16
12
10
6
4
9
11
15
18
11
10
7
8
14
15
14
11
9
6
6
10
13
12
15
11
6
5
12
10
14
15
11
6
6
10
11
15
15
10
9
8
9
10
11
17
14
12
6
7
7
13
13
13
10
10
10
8
10
13
17
14
10
8
9
11
17
15
11
11
10
8
11
13
15
13
9
8
9
7
9
16
17
15
9
9
9
10
13
13
14
15
6
3
9
9
11
17
17
6
6
9
10
14
14
13
10
7
7
7
8
17
14
12
9
9
8
13
13
14
16
11
5
6
7
10
13
16
11
5
4
6
10
13
17
11
9
6
3
8
17
16
15
9
5
7
10
18
14
17
10
7
5
8
13
16
15
14
11
7
4
7
12
11
13
9
10
7
10
10
15
17
10
9
6
8
10
17
17
12
10
3
5
6
12
14
14
12
5
9
9
13
12
14
11
5
8
4
9
14
14
14
7
5
4
6
12
17
10
13
7
5
8
9
13
17
15
10
4
7
7
13
11
14
12
7
8
6
11
14
14
13
10
8
8
10
13
13
13
10
6
4
7
15
15
9
12
8
5
6
12
13
15
13
8
9
8
7
12
13
13
10
5
9
6
13
17
15
12
3
2
6
11
14
17
10
10
10
4
7
14
17
14
12
5
3
9
10
11
17
13
10
6
10
9
13
15
14
10
7
8
6
11
17
14
12
7
6
8
11
17
16
13
8
6
9
10
12
14
16
9
6
6
7
12
13
12
13
12
6
8
11
15
12
15
14
4
7
6
12
12
15
12
7
8
8
12
13
15
13
8
5
7
10
14
15
12
11
8
4
9
15
13
16
10
9
6
7
11
11
15
16
8
3
4
6
9
15
14
8
7
7
11
10
14
14
14
10
6
7
11
14
15
15
14
6
6
7
12
13
14
12
8
7
8
7
14
10
9
10
7
10
10
11
14
14
13
8
3
4
10
15
15
14
6
7
10
6
13
14
10
8
7
7
9
14
15
16
11
8
6
7
11
15
14
12
8
6
4
10
11
17
13
12
7
6
8
13
12
17
11
8
10
5
10
14
14
12
8
4
5
10
15
10
14
14
11
7
10
15
15
15
9
11
6
9
7
13
16
13
10
5
6
8
13
15
15
12
6
5
8
11
12
15
15
11
8
6
11
10
12
14
13
4
7
9
11
13
16
14
10
6
9
11
10
20
12
12
8
4
9
11
13
18
11
9
5
10
14
16
13
10
7
11
5
9
12
13
10
12
6
6
7
15
14
15
9
11
5
11
8
15
18
11
9
6
9
9
13
15
12
16
10
8
5
9
20
13
14
11
9
5
8
13
14
7
