99
20
16
19
20
17
17
17
13
17
9
7
7
6
3
2
5
5
9
9
13
11
18
16
18
18
17
18
13
14
13
6
6
3
3
2
3
3
4
8
11
12
12
17
15
18
18
19
17
14
12
11
7
5
3
4
7
6
4
5
6
9
10
14
16
15
16
18
17
17
12
11
14
5
4
6
6
6
7
5
8
7
11
10
13
17
20
16
19
16
16
15
16
12
9
5
7
3
4
2
5
4
6
10
13
16
17
17
16
22
19
17
14
9
11
8
5
0
5
2
4
3
4
11
9
17
18
17
15
18
17
18
18
12
11
10
5
6
4
6
1
2
3
4
10
11
13
13
19
16
14
19
20
15
14
12
13
11
6
3
5
6
7
3
8
5
14
11
14
17
20
19
14
14
18
9
14
7
4
4
4
3
3
3
4
9
10
14
15
13
18
20
20
16
18
16
13
10
9
5
7
2
3
3
3
9
7
11
9
14
13
17
17
15
17
15
17
8
10
9
5
3
4
2
4
4
7
10
10
12
13
14
16
17
17
16
17
13
11
10
11
5
4
5
1
1
7
5
11
14
11
16
19
19
20
17
17
14
14
12
10
6
6
5
1
3
5
4
8
7
9
15
15
13
17
19
18
17
15
14
13
11
6
3
1
5
0
4
6
9
11
13
14
14
15
18
17
19
19
15
11
13
10
5
5
5
5
8
6
6
8
9
12
13
17
17
15
15
21
17
12
11
11
10
8
4
4
2
4
5
6
7
7
13
16
18
16
19
21
14
20
13
10
9
9
6
5
2
4
1
6
4
9
11
11
13
15
18
19
17
16
17
14
9
14
9
1
5
4
5
1
1
4
8
11
10
15
16
17
22
19
18
14
13
8
10
4
6
6
1
5
8
4
8
8
8
13
14
17
17
20
18
18
14
15
11
9
3
5
5
6
5
4
7
7
8
11
15
15
17
15
13
17
17
14
11
11
8
7
6
2
2
5
7
7
8
10
12
14
13
14
16
14
21
17
15
13
8
5
6
4
2
5
3
5
4
5
7
10
14
14
17
20
16
17
15
15
12
9
6
7
4
3
1
4
4
8
5
10
11
13
13
15
19
17
17
17
11
10
10
3
4
7
5
1
7
3
8
10
13
14
14
14
17
20
18
18
16
15
9
6
6
6
4
4
6
9
8
8
10
14
14
18
19
17
18
16
14
14
16
15
10
8
16382
6
7
2
7
4
11
10
11
15
17
21
18
16
16
17
11
11
8
11
7
7
4
1
3
3
4
8
12
13
15
18
15
19
20
18
13
14
14
11
8
5
3
4
4
4
7
5
11
8
12
13
16
21
15
16
15
17
17
10
10
8
6
0
2
6
3
4
10
7
11
14
13
17
19
19
19
16
17
15
10
8
11
7
9
5
4
4
6
10
10
11
15
15
16
18
19
19
14
16
13
10
7
8
2
3
4
3
3
5
5
9
9
16
14
15
18
15
16
17
13
14
7
8
3
4
4
3
1
2
5
8
10
11
14
13
16
17
18
20
15
15
15
11
9
2
7
1
4
3
5
5
7
12
11
8
17
18
17
18
17
14
14
7
9
7
6
6
5
4
2
3
6
7
6
8
17
18
18
18
15
15
16
15
9
8
6
9
2
4
3
4
6
4
10
11
16
17
16
13
14
18
15
17
16
13
10
8
2
4
2
6
0
5
8
11
10
12
16
17
15
16
17
15
11
12
5
10
9
5
3
3
4
6
10
6
11
10
13
17
18
15
18
16
15
17
13
9
8
4
3
5
3
5
4
4
5
7
11
14
12
17
16
15
17
17
13
12
5
8
6
4
3
8
6
5
7
9
9
11
16
17
18
15
16
17
17
13
11
7
5
4
5
5
1
5
6
8
7
13
16
14
14
17
14
15
18
17
10
10
9
4
5
6
2
7
2
6
9
6
11
14
17
18
16
17
19
15
13
15
11
10
5
9
3
4
3
5
3
5
7
9
11
16
13
16
17
21
18
15
12
14
6
4
3
2
2
2
3
6
9
9
10
16
18
16
18
18
18
14
14
13
9
7
5
5
0
4
2
1
5
7
9
13
14
17
15
22
18
15
17
15
11
11
5
4
7
8
2
3
7
6
4
8
14
12
14
20
19
17
15
14
13
10
9
9
5
2
4
3
4
4
9
8
9
15
15
13
17
18
12
18
13
13
9
10
10
6
6
6
4
3
6
6
9
9
9
10
17
17
20
13
17
17
13
13
7
6
7
4
4
3
5
4
7
9
12
15
13
14
18
17
14
13
15
15
14
7
6
8
5
3
5
4
7
10
9
12
12
19
17
