25
10
4
0
2
17
17
17
15
10
16383
2
5
10
15
18
11
14
6
7
5
6
15
16
14
14
11
7
1
6
17
16
17
15
7
3
2
10
13
17
20
15
6
6
2
8
9
15
18
15
7
6
1
5
10
16
20
15
10
5
3
4
11
16
17
16
15
6
1
5
9
14
19
16
10
4
5
5
5
14
17
13
12
8
2
3
6
14
17
17
16
9
5
5
3
14
16
20
16
12
6
2
6
9
15
18
16
8
7
3
5
8
15
17
16
8
6
3
3
10
14
15
17
11
9
2
0
9
13
15
19
9
9
3
4
5
12
20
18
12
13
5
1
4
10
20
18
15
9
0
0
3
9
17
19
13
11
5
4
3
7
13
13
15
8
8
4
4
7
13
16
16
12
5
5
7
9
14
17
18
17
6
3
2
7
15
17
17
16
9
0
3
8
12
15
20
16
11
3
16383
6
13
14
18
17
12
1
16382
2
10
15
18
14
15
6
0
8
10
14
20
17
13
3
3
3
6
14
17
18
14
3
3
5
8
13
18
13
15
6
4
4
6
8
17
17
14
8
3
5
5
9
16
19
12
12
0
2
2
6
19
17
16
15
6
0
3
8
14
16
19
13
3
3
5
7
9
17
17
11
8
4
0
8
14
21
19
15
13
4
0
8
9
21
20
14
9
7
2
6
13
15
19
11
8
6
3
2
9
17
18
13
15
4
2
5
9
17
20
19
13
10
6
1
6
17
19
15
13
6
4
3
6
11
17
20
13
9
2
4
4
10
17
18
14
8
5
4
4
8
16
18
15
7
1
3
4
8
14
16
15
13
6
3
3
7
14
19
16
13
6
4
5
7
14
20
17
12
7
0
4
6
11
18
18
14
7
16383
3
7
10
17
17
17
11
2
7
5
10
18
19
14
11
8
3
3
10
14
20
15
13
5
1
3
9
15
18
16
11
5
3
4
5
12
18
16
9
8
2
2
10
10
17
17
15
8
3
2
7
9
17
18
10
9
2
4
6
11
16
20
13
10
7
5
1
10
18
16
13
10
6
5
7
10
12
21
18
13
6
2
2
9
16
15
13
15
8
2
3
7
14
15
18
12
9
2
3
5
11
13
20
14
10
6
2
7
13
16
16
18
12
3
1
10
11
17
16
15
13
7
2
5
10
14
20
18
15
7
6
4
12
14
19
17
16
5
3
3
8
13
19
16
9
11
2
2
4
14
16
20
15
10
6
4
5
10
17
19
12
12
2
4
5
10
17
18
15
8
5
0
6
13
15
19
15
10
11
2
7
8
14
18
16
13
9
3
4
9
13
20
18
14
5
2
2
6
10
16
18
15
7
5
1
8
12
16
16
14
7
2
6
8
11
15
16
15
11
2
2
5
12
14
20
14
13
6
4
18
21
16
4
3
0
4
14
6
8
15
18
17
14
10
2
4
9
11
17
15
17
7
4
0
5
13
17
20
18
10
6
16383
2
10
15
19
18
13
5
2
6
9
14
20
20
9
4
1
3
8
17
19
19
11
8
8
1
9
14
14
15
10
8
4
16383
4
13
15
20
14
7
7
3
6
10
20
20
14
10
7
3
7
9
19
17
14
7
6
0
7
10
16
20
18
14
6
5
5
6
17
20
16
11
9
2
2
4
11
15
16
14
7
3
1
6
11
15
17
12
6
2
3
4
13
17
18
12
9
1
0
5
7
16
18
16
8
5
1
2
11
15
14
17
10
5
0
3
13
14
19
14
12
7
1
1
7
10
17
15
13
6
3
3
10
13
21
18
13
8
6
16383
7
10
16
17
14
14
6
4
6
9
15
17
14
12
8
1
2
11
14
18
20
11
4
0
5
9
14
20
20
8
3
3
3
8
10
18
17
15
8
3
2
3
11
14
17
14
7
0
0
2
10
16
16
12
8
4
16383
5
10
13
17
17
9
7
4
7
10
13
17
15
10
6
1
2
10
15
17
18
8
9
0
3
9
13
15
16
13
8
0
2
8
11
18
17
18
7
0
1
6
9
17
18
11
6
1
1
0
11
18
20
14
8
3
4
7
7
17
18
15
14
7
3
6
10
13
18
16
14
8
3
1
7
12
20
18
13
8
5
1
7
14
20
17
15
10
5
3
4
12
16
16
16
7
3
1
6
10
18
18
15
12
5
1
5
12
14
17
18
10
6
4
7
9
16
19
21
12
6
5
6
10
13
15
18
13
6
2
10
6
13
19
16
11
9
5
4
6
10
18
16
15
9
1
1
3
10
15
19
15
7
8
5
5
9
17
20
12
10
4
2
6
8
16
17
17
12
7
5
4
9
15
18
16
13
6
8
