1.75608e+16
2.37237e+16
3.09579e+16
3.2783e+16
2.50068e+16
1.7658e+16
1.28176e+16
6.73455e+15
3.62773e+15
4.26323e+15
8.1547e+15
1.33307e+16
2.11071e+16
4.21618e+16
7.5237e+16
9.37901e+16
1.34996e+17
2.17772e+17
1.53121e+17
3.26076e+16
9.85888e+14
5.78588e+16
1.83889e+17
1.82565e+17
1.18868e+17
1.03252e+17
1.31932e+17
2.04506e+17
7.86613e+16
3.55686e+17
4.09191e+17
3.39573e+17
1.78909e+17
7.60329e+22
5.30525e+18
5.85098e+19
1.55312e+20
1.69263e+20
1.53846e+20
8.0862e+19
8.56474e+18
1.16966e+17
2.61849e+17
3.4904e+17
3.3571e+17
2.89077e+17
2.32313e+17
1.85975e+17
1.12161e+17
5.50251e+16
4.36532e+16
6.21423e+16
1.02196e+17
6.98836e+16
9.57003e+15
2.89349e+15
3.96596e+16
9.2846e+16
6.05364e+16
2.96124e+16
2.19105e+16
6.49385e+15
7.4032e+14
2.96074e+15
1.22841e+16
1.63301e+16
1.73489e+15
1.21138e+15
6.23296e+14
5.09992e+14
5.0751e+14
1.25549e+14
8.85882e+13
3.06581e+14
1.12637e+15
1.8664e+15
2.61412e+15
2.66578e+15
1.30056e+15
2.81179e+14
6.46807e+13
1.59053e+14
2.1071e+14
3.0675e+14
1.50906e+14
1.09231e+14
2.31109e+14
1.10241e+14
9.56438e+13
2.79291e+14
4.36083e+14
2.98652e+14
1.88779e+14
2.18142e+14
2.13691e+14
2.21852e+13
7.96305e+13
1.38438e+14
6.99396e+14
1.90023e+22
1.14888e+15
5.62044e+14
1.76179e+14
9.96259e+13
1.72942e+14
1.3431e+14
6.24622e+13
7.04514e+13
3.24872e+13
8.62902e+12
2.24907e+12
1.51021e+13
7.62914e+12
9.99874e+13
6.07804e+13
1.03899e+14
1.40179e+14
1.79441e+14
2.89818e+14
2.16683e+14
4.17378e+14
4.11411e+14
3.30814e+14
2.48864e+14
3.88347e+13
1.66178e+14
5.30054e+14
1.2819e+15
2.14771e+15
1.41445e+15
1.22841e+16
1.63301e+16
9.49573e+14
4.45598e+14
2.73274e+13
2.38787e+14
6.62473e+14
5.46644e+14
5.93417e+14
1.6715e+15
2.53335e+15
3.18855e+15
3.32369e+15
2.01685e+15
1.0854e+15
4.44231e+14
3.93959e+13
4.58294e+14
1.8016e+15
2.50384e+15
2.20071e+15
9.01541e+14
8.66505e+13
3.8437e+14
3.45435e+14
4.01024e+14
3.96242e+14
8.51373e+14
9.73934e+14
4.81729e+14
5.96238e+14
5.0076e+14
1.89333e+15
3.20491e+15
3.76875e+15
7.60313e+22
2.19146e+15
1.69431e+15
3.01722e+15
4.96334e+15
5.67645e+15
4.89513e+15
2.94252e+15
9.96109e+14
1.8402e+14
1.77127e+14
3.93518e+14
3.42101e+14
1.69234e+14
1.27433e+14
1.46756e+14
5.68881e+14
8.8023e+14
1.33239e+15
2.4586e+15
3.13785e+15
2.35753e+15
2.13381e+15
4.11255e+15
6.58951e+15
6.39711e+15
5.25687e+15
2.89177e+15
3.39227e+15
5.28945e+15
4.71153e+15
3.70711e+15
3.24383e+15
