1.31965e+16
1.44663e+16
1.35381e+16
4.7559e+15
6.40828e+14
2.74869e+15
1.10037e+16
1.76655e+16
1.05747e+16
1.06403e+15
1.87887e+15
1.03496e+16
2.14107e+16
1.95743e+16
5.44822e+15
4.5817e+15
1.09995e+17
2.84804e+17
2.89525e+17
2.0912e+17
9.80935e+16
5.84869e+16
5.79559e+16
3.22688e+16
2.39821e+16
3.26352e+16
4.65652e+16
7.27496e+16
2.26941e+17
1.34357e+17
2.35174e+17
3.6884e+17
3.75791e+17
7.60592e+22
2.69869e+18
4.8117e+19
1.40135e+20
1.64243e+20
1.6358e+20
9.29806e+19
1.40112e+19
1.2725e+18
4.9963e+17
1.80767e+17
1.53161e+17
1.70561e+17
1.38225e+17
8.46923e+16
3.57508e+16
1.29524e+16
2.14187e+16
4.57264e+16
7.19758e+16
7.25069e+16
6.9508e+16
1.10945e+17
1.58635e+17
2.22809e+17
1.93219e+17
8.72629e+16
4.06134e+16
2.25498e+16
1.69729e+16
6.74422e+15
1.43587e+17
9.911e+16
2.01106e+15
1.64449e+15
1.97415e+15
2.17125e+15
1.50254e+15
5.90872e+14
1.40666e+14
1.52983e+14
1.0642e+14
1.97895e+12
8.07148e+12
5.25276e+12
8.86769e+11
8.77831e+13
2.6124e+14
2.31942e+14
1.82334e+14
3.68425e+14
8.04138e+14
1.10919e+15
1.22363e+15
8.04023e+14
4.72774e+14
5.16635e+14
3.68919e+14
3.46716e+14
7.15508e+14
5.6039e+14
5.00166e+14
5.21382e+14
4.60805e+14
1.07751e+15
1.17436e+15
7.60179e+22
3.53109e+14
4.80819e+14
9.55784e+14
1.53027e+15
1.49695e+15
8.18827e+14
1.90234e+19
9.20776e+17
7.64287e+16
1.04468e+16
2.15497e+16
1.39612e+16
3.54004e+16
3.62432e+16
3.88301e+14
1.86576e+14
9.1028e+13
1.19942e+14
5.3573e+14
7.8964e+14
3.63791e+14
1.30025e+14
3.0304e+13
4.59035e+13
8.92011e+13
8.8817e+13
8.12811e+13
1.94693e+14
1.02031e+15
1.48986e+15
1.43587e+17
9.911e+16
2.01106e+15
1.64449e+15
1.97415e+15
2.17125e+15
1.50254e+15
5.90872e+14
1.40666e+14
1.52983e+14
9.49331e+13
3.75322e+14
5.93651e+14
7.17667e+14
1.01674e+15
1.4746e+15
1.26418e+15
1.01054e+15
2.09739e+15
4.0132e+15
3.96259e+15
2.20887e+15
1.10399e+15
9.54232e+14
1.43165e+15
1.01576e+15
2.45026e+14
5.17605e+14
7.48549e+14
5.81252e+14
6.93581e+14
9.32521e+14
1.89741e+15
3.01504e+15
1.17436e+15
7.60179e+22
3.53109e+14
4.80819e+14
9.55784e+14
1.53027e+15
1.49695e+15
8.18827e+14
2.16913e+14
1.43495e+14
3.97801e+14
6.66136e+14
9.77886e+14
1.13463e+15
1.44719e+15
2.27639e+15
2.30513e+15
2.54713e+15
2.61594e+15
2.83911e+15
2.98859e+15
3.31113e+15
3.53515e+15
2.23217e+15
7.09894e+14
2.18235e+14
4.88912e+14
1.05597e+15
1.47086e+15
1.52585e+15
1.31923e+15
1.1238e+15
1.43587e+17
9.911e+16
