2.22332e+16
2.74025e+16
2.52562e+16
1.26819e+16
4.90441e+15
3.03171e+15
2.08419e+15
1.29829e+15
1.13259e+16
2.43852e+16
3.00995e+16
2.92136e+16
2.64938e+16
3.18724e+16
6.16284e+16
8.96293e+16
9.45763e+14
8.46684e+14
1.78791e+15
2.72677e+15
2.59797e+15
3.09855e+15
2.4926e+15
5.4741e+14
6.16101e+16
7.68181e+16
6.18419e+16
1.00829e+17
7.16128e+16
3.48978e+17
4.07835e+17
5.65717e+17
3.77079e+14
7.60102e+22
1.85082e+14
4.15308e+14
1.27734e+15
3.19169e+15
5.87664e+15
5.90843e+15
2.23066e+18
5.04743e+17
4.84082e+17
4.74874e+17
4.02933e+17
3.17704e+17
2.04958e+17
8.94384e+16
6.05055e+16
8.38552e+16
6.45524e+16
7.41441e+16
1.44567e+17
1.65869e+17
1.23697e+17
6.66305e+16
4.35395e+16
4.85141e+16
6.15832e+16
6.21561e+16
3.99934e+16
2.21325e+16
2.48945e+16
1.85023e+16
1.15801e+16
1.34472e+16
2.86721e+17
2.831e+17
2.29166e+17
1.75029e+17
1.20585e+17
6.88481e+16
2.70827e+16
3.24323e+15
2.40288e+15
2.89748e+16
8.38664e+16
1.54615e+17
2.20983e+17
2.84069e+17
3.6594e+17
4.39911e+17
4.53313e+17
3.85654e+17
2.79325e+17
1.88282e+17
1.18406e+17
5.52373e+16
2.86756e+16
8.61605e+16
2.44836e+17
5.02317e+17
8.89781e+17
1.43642e+18
2.2531e+18
2.82837e+18
4.83308e+18
2.43747e+18
3.28293e+18
7.71921e+22
6.4687e+18
6.98198e+18
7.2362e+18
7.17082e+18
6.84086e+18
6.31869e+18
2.23066e+18
5.04743e+17
4.84082e+17
4.74874e+17
4.02933e+17
3.17704e+17
2.04958e+17
8.94384e+16
5.75023e+17
3.27674e+17
1.75182e+17
1.11488e+17
1.17239e+17
1.64764e+17
2.34822e+17
2.9538e+17
3.34097e+17
3.6148e+17
3.68166e+17
3.48144e+17
2.98951e+17
2.19616e+17
1.54048e+17
1.10086e+17
1.15801e+16
1.34472e+16
2.60014e+13
1.74004e+14
6.79341e+14
1.1624e+15
1.96091e+15
2.11327e+15
1.02795e+15
9.38373e+14
1.18807e+15
1.11058e+15
6.32497e+14
2.32678e+14
4.20305e+14
3.66245e+14
6.44437e+14
1.97105e+15
2.42136e+15
1.55972e+15
8.93869e+14
1.4574e+15
2.95813e+15
3.19799e+15
2.00613e+15
8.48962e+14
5.52387e+14
4.91486e+14
1.9892e+14
3.25422e+13
1.22441e+14
1.43026e+15
7.54888e+15
7.6198e+15
5.61398e+15
5.06322e+15
3.25744e+15
2.13759e+15
1.21512e+15
1.64381e+14
2.21757e+14
5.28883e+14
1.09587e+15
1.56818e+15
1.83903e+15
3.2681e+15
4.17566e+15
3.89977e+15
3.81604e+15
2.59139e+15
2.02756e+15
2.33013e+15
2.68864e+15
3.33124e+15
1.88558e+15
3.52433e+14
1.05578e+14
1.02465e+15
2.00248e+15
1.78528e+15
2.87995e+15
5.26044e+15
4.55824e+15
1.98756e+15
5.49205e+14
6.72084e+13
1.15801e+16
1.34472e+16
