9.31176e+15
9.67666e+15
9.61921e+15
1.30097e+15
8.90604e+14
4.20734e+15
8.01036e+15
4.10747e+15
9.59166e+15
2.13774e+16
1.4928e+16
5.27191e+15
3.7405e+14
8.34263e+15
3.62465e+15
9.84253e+14
1.22979e+15
2.91644e+15
4.20368e+15
2.39744e+15
5.67688e+14
7.28995e+14
1.72928e+15
2.60539e+15
1.17205e+16
1.75853e+16
6.06096e+16
7.20718e+16
6.21691e+16
1.93295e+16
7.40665e+16
1.2457e+17
8.0878e+16
3.18128e+16
2.08795e+18
4.81885e+19
1.39759e+20
1.65058e+20
1.64773e+20
9.22434e+19
1.42094e+19
7.51463e+17
2.32286e+17
1.07662e+17
7.50897e+15
1.64027e+16
4.16412e+16
6.41006e+16
6.14334e+16
3.3475e+16
1.48025e+16
5.29703e+15
9.43956e+15
1.09347e+17
1.83231e+17
1.99373e+17
1.29061e+17
2.65273e+16
1.39922e+16
1.47261e+16
1.19418e+16
9.30691e+15
3.06747e+16
5.41145e+16
6.16603e+16
6.36977e+16
1.71275e+14
6.00676e+14
8.33368e+14
5.96561e+14
2.8339e+14
9.93398e+12
3.08924e+14
5.89359e+14
9.59166e+15
2.13774e+16
1.4928e+16
5.27191e+15
3.7405e+14
8.34263e+15
3.62465e+15
9.84253e+14
1.951e+15
1.80591e+15
1.29263e+15
6.66782e+14
4.78712e+14
8.53433e+14
1.33885e+15
1.77012e+15
2.02327e+15
1.19777e+15
4.19461e+14
1.42897e+14
4.16087e+13
1.79178e+14
6.44685e+13
7.59355e+13
3.64056e+13
7.60073e+22
3.96254e+13
5.30915e+13
2.28623e+14
3.79415e+14
6.80455e+14
1.04086e+15
6.07933e+14
1.03902e+14
1.21083e+14
4.07219e+13
1.38274e+13
1.38657e+14
6.39557e+14
7.31457e+14
2.99061e+14
6.36881e+13
1.88627e+14
3.36097e+14
3.81073e+14
5.70152e+14
9.74923e+14
8.1598e+14
3.17934e+14
1.03072e+14
5.85063e+13
1.51659e+14
7.40603e+13
1.36292e+14
2.34254e+14
4.40959e+14
4.27679e+14
4.45873e+14
1.5446e+15
1.16237e+15
8.05842e+14
6.7519e+14
7.83384e+14
1.26214e+15
1.82701e+15
1.08366e+15
7.82016e+14
1.94941e+15
3.59629e+15
5.17082e+15
4.46288e+15
2.45921e+15
6.8962e+14
9.35071e+14
1.18801e+15
1.08563e+15
1.3814e+15
9.87326e+14
4.50999e+14
3.12471e+14
2.24607e+13
5.38016e+14
1.70939e+15
1.02181e+15
4.08293e+14
1.07807e+14
8.022e+14
5.31728e+14
7.0167e+14
1.37091e+15
6.41725e+14
2.14847e+14
7.28137e+13
4.89292e+13
8.18504e+13
1.23657e+15
2.63357e+15
2.34697e+15
1.40367e+15
8.79404e+14
5.58405e+14
3.41169e+14
8.51881e+14
6.4348e+14
2.84984e+13
5.79623e+14
2.58097e+15
3.32937e+15
1.50589e+15
5.07124e+14
1.14524e+15
2.87685e+15
3.94732e+15
4.39205e+15
5.91021e+15
7.2975e+15
6.37005e+15
4.16426e+15
2.42581e+15
1.1594e+15
8.38222e+14
9.09403e+14
1.86041e+15
2.94197e+15
