2.22332e+16
2.74025e+16
2.52562e+16
1.26819e+16
4.90441e+15
3.03171e+15
2.08419e+15
1.29829e+15
1.13259e+16
2.43852e+16
3.00995e+16
2.92136e+16
2.64938e+16
3.18724e+16
6.16284e+16
8.96293e+16
9.45763e+14
8.46684e+14
1.78791e+15
2.72677e+15
2.59797e+15
3.09855e+15
2.4926e+15
5.4741e+14
6.16101e+16
7.68181e+16
6.18419e+16
1.00829e+17
7.16128e+16
3.48978e+17
4.07835e+17
5.65717e+17
3.77079e+14
7.60102e+22
1.85082e+14
4.15308e+14
1.27734e+15
3.19169e+15
5.87664e+15
5.90843e+15
2.23066e+18
5.04743e+17
4.84082e+17
4.74874e+17
4.02933e+17
3.17704e+17
2.04958e+17
8.94384e+16
6.05055e+16
8.38552e+16
6.45524e+16
7.41441e+16
1.44567e+17
1.65869e+17
1.23697e+17
6.66305e+16
4.35395e+16
4.85141e+16
6.15832e+16
6.21561e+16
3.99934e+16
2.21325e+16
2.48945e+16
1.85023e+16
1.15801e+16
1.34472e+16
1.72472e+14
1.8256e+13
6.50193e+12
3.91914e+14
1.39234e+15
2.59677e+15
2.67394e+15
2.10634e+15
1.72416e+15
6.01521e+14
7.04697e+13
3.30324e+14
1.09594e+15
1.07483e+15
2.44446e+14
5.72602e+14
1.29828e+15
1.76381e+15
1.76761e+15
1.91703e+15
3.1548e+15
4.21923e+15
3.08858e+15
1.07999e+15
1.2349e+14
9.72247e+14
1.73651e+15
1.13288e+15
3.77281e+14
6.75313e+14
4.53824e+11
2.79784e+15
3.78213e+15
7.60187e+22
4.11238e+15
2.48351e+15
3.07724e+14
6.67996e+13
3.01039e+14
3.7316e+14
2.99929e+14
2.35813e+14
3.53254e+14
6.08085e+14
9.19412e+14
7.52976e+14
5.86649e+14
4.60351e+14
2.1788e+14
7.03079e+13
1.96517e+14
4.65101e+14
7.55519e+14
5.12643e+14
2.1488e+14
7.81238e+13
7.97817e+13
2.87621e+14
2.28066e+14
7.53637e+13
5.92853e+13
1.03569e+14
3.15775e+14
4.67411e+14
7.66618e+14
8.59331e+14
3.95626e+15
4.54761e+15
4.26054e+15
4.39114e+15
6.31991e+15
8.38281e+15
8.98863e+15
7.23875e+15
4.50442e+15
2.52582e+15
3.17676e+15
5.40638e+15
5.74889e+15
4.18849e+15
2.19827e+15
1.75811e+15
9.45763e+14
8.46684e+14
1.78791e+15
2.72677e+15
2.59797e+15
3.09855e+15
2.4926e+15
5.4741e+14
1.01883e+14
1.17913e+14
2.6039e+14
2.97365e+14
1.56969e+14
2.02866e+14
3.28323e+14
4.86044e+14
3.77079e+14
7.60102e+22
1.85082e+14
4.15308e+14
1.27734e+15
3.19169e+15
5.87664e+15
5.90843e+15
2.99929e+14
2.35813e+14
3.53254e+14
6.08085e+14
9.19412e+14
7.52976e+14
5.86649e+14
4.60351e+14
2.22789e+14
1.11937e+15
4.77264e+15
9.61782e+15
1.06409e+16
7.91112e+15
3.83097e+15
2.74239e+15
3.86163e+15
3.02942e+15
1.56729e+15
6.65697e+14
5.71377e+14
2.62867e+15
3.85176e+15
3.18658e+15
2.67694e+15
2.92561e+15
