3.18185e+15
5.96643e+15
6.82692e+15
6.14266e+15
5.38054e+15
4.54148e+15
7.10546e+15
7.78788e+15
2.81896e+15
3.54181e+14
3.17837e+15
1.93598e+15
8.92564e+14
4.39262e+14
2.79317e+15
1.93698e+15
1.02484e+15
3.01736e+15
7.17131e+15
2.15958e+16
9.31476e+16
1.61342e+17
2.29095e+17
2.07742e+17
7.11692e+16
5.77145e+15
2.68121e+15
2.23881e+15
1.2019e+15
1.58391e+16
1.20912e+24
3.15496e+15
5.20728e+16
7.55899e+22
4.35144e+18
5.81701e+19
1.48661e+20
1.66308e+20
1.59945e+20
8.16851e+19
9.76227e+18
1.93096e+17
3.35549e+16
7.31026e+15
3.09897e+16
9.78884e+15
3.09087e+15
7.02275e+15
4.04774e+15
4.26654e+15
5.47173e+16
1.92531e+17
2.26908e+17
1.89784e+17
1.63234e+17
6.05184e+16
5.16224e+15
4.00669e+15
1.0408e+16
2.04195e+15
1.51683e+14
9.97187e+14
1.01811e+15
6.41846e+14
1.05858e+15
9.32068e+14
1.50116e+16
1.2699e+16
1.04809e+16
1.04712e+16
1.04039e+16
9.56051e+15
8.87075e+15
7.81467e+15
8.29756e+15
1.16288e+16
1.53239e+16
1.81561e+16
2.03826e+16
1.81161e+16
1.4108e+16
1.21278e+16
1.02152e+16
7.96671e+15
6.86598e+15
5.40939e+15
3.61251e+15
3.2937e+15
3.78327e+15
4.19454e+15
5.92689e+15
8.53093e+15
1.10354e+16
1.32795e+16
1.46643e+16
1.51426e+16
1.13244e+16
1.13942e+16
1.32024e+16
7.60433e+22
1.45488e+16
1.73433e+16
1.95194e+16
1.68744e+16
1.36234e+16
1.13321e+16
1.03917e+16
1.06579e+16
9.02586e+15
7.32063e+15
6.98034e+15
7.68284e+15
1.04366e+16
1.39554e+16
1.62857e+16
1.67556e+16
1.53412e+16
1.37066e+16
1.21893e+16
9.65418e+15
6.79681e+15
4.7425e+15
4.82013e+15
6.25763e+15
8.77009e+15
1.22015e+16
1.34046e+16
1.1188e+16
9.08858e+15
7.56017e+15
1.05858e+15
9.32068e+14
1.08311e+15
1.95499e+15
2.64629e+15
2.79982e+15
2.45712e+15
1.74636e+15
1.57936e+15
2.25848e+15
3.15034e+15
3.18529e+15
2.08993e+15
9.68411e+14
2.40939e+14
1.76502e+13
1.20774e+14
1.66727e+14
3.64195e+14
1.23543e+15
2.87101e+15
4.43989e+15
5.61474e+15
5.25334e+15
3.81942e+15
1.92531e+15
3.03096e+14
8.91587e+13
5.41471e+14
1.07278e+15
1.08762e+15
9.88045e+14
8.62599e+14
7.64892e+14
1.2212e+15
7.60186e+22
1.88986e+15
2.25123e+15
2.95327e+15
2.68379e+15
9.60315e+14
2.93999e+14
8.26544e+13
2.62866e+14
1.27278e+15
1.70477e+15
1.35361e+15
1.6263e+15
1.9457e+15
2.02436e+15
2.93959e+15
3.45076e+15
3.49417e+15
3.14022e+15
1.72927e+15
8.20926e+14
8.13893e+14
1.12291e+15
6.7614e+14
2.36091e+14
2.36371e+14
3.89947e+14
1.14731e+15
1.927e+15
2.02228e+15
1.05811e+15
1.05858e+15
9.32068e+14
