3.24194e+16
1.79067e+16
1.03142e+16
1.33675e+16
3.83672e+15
1.30324e+15
9.27091e+14
1.30896e+15
6.86876e+15
1.32046e+16
3.79966e+16
9.70348e+16
1.33676e+17
1.26957e+17
1.74256e+17
1.49276e+17
7.6459e+14
1.38663e+15
2.96453e+15
3.99829e+15
3.46134e+15
3.20924e+15
3.17041e+15
3.20321e+15
9.87119e+16
5.28523e+16
4.05545e+16
7.26747e+16
1.39933e+17
3.36712e+17
5.25865e+17
1.04295e+18
2.82982e+18
7.6448e+22
1.56452e+19
9.17498e+19
1.73628e+20
1.61867e+20
1.30427e+20
4.79854e+19
2.19516e+18
2.38326e+18
1.49272e+18
4.39854e+17
1.8815e+17
7.03095e+16
7.55344e+15
2.35641e+16
5.28485e+16
8.43283e+16
1.19466e+17
9.44774e+16
7.89301e+16
1.1609e+17
1.77729e+17
1.53755e+17
8.86338e+16
4.58103e+16
4.18082e+16
1.15025e+17
1.15783e+17
7.9197e+16
5.69988e+16
1.91608e+16
1.82735e+15
2.98954e+14
7.13035e+14
3.64323e+14
3.5887e+14
3.73864e+14
6.49227e+14
1.06265e+15
1.95848e+15
2.71469e+15
2.93886e+15
1.92517e+15
7.80492e+14
4.41945e+14
1.53732e+14
1.74453e+14
5.91527e+14
1.00145e+15
1.25442e+15
2.17714e+15
3.36563e+15
3.29409e+15
2.55146e+15
1.47906e+15
3.62938e+14
3.84166e+14
8.25522e+14
1.18863e+15
1.08619e+15
7.4516e+14
5.34417e+14
2.76315e+14
7.31772e+13
4.43899e+14
1.21775e+15
7.60116e+22
1.94591e+15
1.81975e+15
6.67554e+14
7.40617e+12
2.65314e+14
6.27426e+14
4.48021e+14
2.03616e+14
7.16591e+13
2.85831e+14
6.76774e+14
1.19755e+15
1.65429e+15
1.35244e+15
1.15802e+15
9.43233e+14
6.58798e+14
4.81531e+14
6.24096e+14
7.06758e+14
5.66948e+14
3.31693e+14
2.22204e+14
1.98305e+14
3.19434e+14
6.61926e+14
5.82111e+14
4.02399e+14
3.14926e+14
2.51785e+14
1.10521e+17
1.07875e+17
2.53288e+15
1.59329e+15
3.22573e+14
6.74854e+13
2.63575e+14
1.10248e+15
2.19687e+15
3.30287e+15
3.21211e+15
1.81174e+15
7.3741e+14
7.73984e+13
1.78701e+14
2.10683e+14
1.61931e+14
3.23156e+14
7.6459e+14
1.38663e+15
2.96453e+15
3.99829e+15
3.46134e+15
3.20924e+15
3.17041e+15
3.20321e+15
2.80226e+15
1.77354e+15
8.50286e+14
2.38447e+13
1.57931e+15
2.3167e+15
3.45741e+15
4.28853e+15
1.21775e+15
7.60116e+22
1.94591e+15
1.81975e+15
6.67554e+14
7.40617e+12
2.65314e+14
6.27426e+14
9.30855e+14
1.00102e+15
1.61528e+15
2.5025e+15
4.80012e+15
7.06415e+15
7.75008e+15
8.54794e+15
7.80702e+15
6.08651e+15
4.80307e+15
2.9512e+15
1.50765e+15
1.76124e+15
2.76721e+15
5.1491e+15
5.80528e+15
6.58642e+15
7.46978e+15
6.58945e+15
6.28112e+15
5.20201e+15
4.08851e+15
5.77346e+15
1.10521e+17
1.07875e+17
