4.69396e+15
4.25109e+14
1.08229e+14
2.08189e+15
6.24606e+15
5.93817e+15
6.68992e+15
2.56777e+15
3.9969e+14
1.28211e+15
2.61203e+15
5.13865e+15
6.80066e+15
7.44986e+15
8.92735e+15
1.35823e+16
4.29967e+16
1.83619e+17
2.61766e+17
1.83969e+17
1.50048e+17
5.71052e+16
3.16455e+16
5.29559e+16
6.14388e+16
4.17829e+16
1.00993e+16
2.3305e+15
1.4637e+16
1.79195e+16
5.22555e+15
5.21343e+15
3.88725e+15
2.18884e+16
1.80793e+18
4.43025e+19
1.29822e+20
1.63375e+20
1.76757e+20
1.00189e+20
1.54549e+19
5.87087e+17
1.52706e+16
2.07737e+16
1.42619e+16
1.81062e+15
1.04311e+16
1.60161e+15
3.60376e+15
6.05557e+15
1.67705e+16
7.97148e+15
9.23047e+15
1.77704e+16
4.88771e+16
8.15293e+16
1.52289e+17
1.44118e+17
6.13221e+16
3.94236e+16
4.92489e+16
6.31522e+16
5.85368e+16
2.38605e+16
1.96453e+15
4.29552e+15
2.16601e+15
3.68909e+15
4.14201e+15
3.48675e+15
1.98784e+15
9.17414e+14
2.95011e+14
4.24531e+13
4.57294e+13
2.29698e+14
6.10682e+14
1.42824e+15
1.53346e+15
1.13954e+15
1.1679e+15
9.97401e+14
5.22308e+14
2.97961e+14
4.31872e+14
5.60047e+14
5.02517e+14
2.96357e+14
1.62468e+14
1.50593e+14
7.26703e+13
1.84181e+13
5.59177e+12
1.47491e+14
3.01981e+14
1.09063e+15
6.70229e+14
3.99466e+14
6.52888e+13
1.44779e+13
4.28889e+12
7.23192e+13
4.60977e+14
1.27049e+15
1.63955e+15
1.21159e+15
4.45331e+14
5.5966e+14
1.63533e+15
2.42227e+15
2.25845e+15
1.50986e+15
1.14357e+15
1.99425e+15
3.50753e+15
3.09629e+15
2.59035e+15
2.83082e+15
2.86203e+15
3.06822e+15
3.4031e+15
3.26722e+15
1.59952e+15
2.33501e+14
4.87183e+13
2.66741e+14
4.02671e+14
2.83717e+14
1.36399e+14
3.77498e+13
4.31527e+14
1.1604e+15
1.11428e+15
1.19621e+15
1.27642e+15
8.5535e+14
2.7474e+14
8.85892e+14
2.939e+15
4.82717e+15
4.19904e+15
2.90982e+15
2.18754e+15
7.8122e+14
6.47617e+14
3.27188e+15
4.85763e+15
5.61543e+15
5.18493e+15
3.62675e+15
1.67973e+15
9.59691e+14
2.08752e+15
6.1603e+15
6.85334e+15
4.77891e+15
2.43758e+15
1.3346e+15
5.03754e+14
1.77773e+14
3.54238e+14
7.64292e+14
1.4738e+15
2.58727e+15
2.28593e+15
7.60127e+22
8.01938e+14
6.95024e+12
2.77841e+14
9.87443e+13
5.61515e+13
3.0305e+14
1.0129e+15
1.6897e+15
1.3832e+15
1.51864e+15
2.05689e+15
1.65387e+15
5.36808e+14
3.42833e+14
1.08088e+14
1.82781e+14
5.16062e+13
5.11891e+14
9.53003e+14
1.11336e+15
1.34845e+15
1.79503e+15
1.5105e+15
1.28245e+15
1.00013e+15
5.71956e+14
1.13901e+15
4.07288e+15
7.06327e+15
9.43021e+15
9.09651e+15
6.2487e+15
