3.18185e+15
5.96643e+15
6.82692e+15
6.14266e+15
5.38054e+15
4.54148e+15
7.10546e+15
7.78788e+15
2.81896e+15
3.54181e+14
3.17837e+15
1.93598e+15
8.92564e+14
4.39262e+14
2.79317e+15
1.93698e+15
1.02484e+15
3.01736e+15
7.17131e+15
2.15958e+16
9.31476e+16
1.61342e+17
2.29095e+17
2.07742e+17
7.11692e+16
5.77145e+15
2.68121e+15
2.23881e+15
1.2019e+15
1.58391e+16
1.20912e+24
3.15496e+15
5.20728e+16
7.55899e+22
4.35144e+18
5.81701e+19
1.48661e+20
1.66308e+20
1.59945e+20
8.16851e+19
9.76227e+18
1.93096e+17
3.35549e+16
7.31026e+15
3.09897e+16
9.78884e+15
3.09087e+15
7.02275e+15
4.04774e+15
4.26654e+15
5.47173e+16
1.92531e+17
2.26908e+17
1.89784e+17
1.63234e+17
6.05184e+16
5.16224e+15
4.00669e+15
1.0408e+16
2.04195e+15
1.51683e+14
9.97187e+14
1.01811e+15
6.41846e+14
1.05858e+15
9.32068e+14
1.50116e+16
1.2699e+16
1.04809e+16
1.04712e+16
1.04039e+16
9.56051e+15
8.87075e+15
7.81467e+15
8.29756e+15
1.16288e+16
1.53239e+16
1.81561e+16
2.03826e+16
1.81161e+16
1.4108e+16
1.21278e+16
1.02152e+16
7.96671e+15
6.86598e+15
5.40939e+15
3.61251e+15
3.2937e+15
3.78327e+15
4.19454e+15
5.92689e+15
8.53093e+15
1.10354e+16
1.32795e+16
1.46643e+16
1.51426e+16
1.13244e+16
1.13942e+16
1.32024e+16
7.60433e+22
1.45488e+16
1.73433e+16
1.95194e+16
1.68744e+16
1.36234e+16
1.13321e+16
1.03917e+16
1.06579e+16
9.02586e+15
7.32063e+15
6.98034e+15
7.68284e+15
1.04366e+16
1.39554e+16
1.62857e+16
1.67556e+16
1.53412e+16
1.37066e+16
1.21893e+16
9.65418e+15
6.79681e+15
4.7425e+15
4.82013e+15
6.25763e+15
8.77009e+15
1.22015e+16
1.34046e+16
1.1188e+16
9.08858e+15
7.56017e+15
1.05858e+15
9.32068e+14
1.40901e+15
1.82733e+15
1.05856e+15
1.02114e+15
6.90933e+14
1.59146e+14
2.11196e+14
3.6817e+14
1.52605e+14
3.5737e+14
7.0668e+14
6.23097e+14
9.516e+14
9.56377e+14
1.31828e+14
4.43017e+14
4.17466e+14
1.16612e+14
1.31969e+14
9.17821e+14
1.48082e+15
1.17347e+15
5.77251e+14
2.41649e+14
3.04694e+14
4.43881e+14
5.90164e+14
7.27017e+14
1.08027e+15
7.71929e+14
1.35482e+12
3.42749e+15
1.32024e+16
7.60433e+22
1.45488e+16
1.73433e+16
1.95194e+16
1.68744e+16
1.36234e+16
1.13321e+16
1.37724e+14
1.89383e+14
4.06766e+14
5.62122e+14
5.66545e+14
1.8102e+15
4.81169e+15
6.65375e+15
5.68317e+15
3.33634e+15
1.03662e+15
3.11633e+14
6.51239e+14
8.66837e+14
8.3107e+14
1.5243e+14
8.02414e+13
4.8682e+13
1.09802e+13
6.44428e+14
2.81407e+15
4.00126e+15
2.59166e+15
6.66446e+14
1.54721e+15
3.59501e+15
