1.08479e+16
4.23649e+15
2.58044e+14
1.15978e+15
1.90745e+15
2.11912e+14
1.85473e+15
5.83674e+12
6.43407e+15
6.13943e+15
2.83422e+15
2.38015e+15
1.54686e+15
1.26823e+16
1.57314e+16
2.80413e+16
1.94706e+15
2.19289e+15
1.31333e+15
3.55498e+14
9.79284e+13
6.69894e+14
1.66749e+15
2.09587e+15
2.68123e+15
1.99587e+15
8.82445e+14
5.32523e+14
2.37351e+14
2.13344e+14
5.10556e+12
9.25438e+12
5.41724e+12
1.85238e+13
1.19625e+15
2.19631e+15
1.95726e+15
1.51948e+15
9.10669e+14
4.41973e+14
1.7569e+19
2.67392e+17
8.87602e+16
3.4138e+16
5.96495e+14
8.89484e+15
5.06924e+14
3.46568e+15
3.40913e+14
6.86935e+15
4.6753e+15
2.10571e+15
1.70957e+16
1.0037e+16
1.31072e+16
4.78137e+16
1.0659e+17
2.33644e+17
2.64805e+17
1.5284e+17
9.85815e+16
6.04841e+16
1.30575e+16
1.29864e+15
3.29166e+14
4.52586e+15
2.64209e+15
4.25291e+15
4.85924e+15
4.28472e+15
2.24598e+15
3.9658e+14
3.69625e+13
5.03817e+14
8.57335e+14
7.22199e+14
4.80008e+14
4.57941e+14
7.00443e+14
7.29141e+14
1.10832e+15
2.56034e+15
3.31746e+15
2.51291e+15
1.5911e+15
9.18832e+14
3.42404e+14
2.13034e+13
1.11405e+15
2.80247e+15
2.68535e+15
1.3482e+15
4.30006e+14
2.77441e+14
4.21151e+14
2.69335e+14
6.94255e+14
9.68596e+14
9.55105e+14
7.60081e+22
1.52118e+15
1.62977e+15
1.45628e+15
1.04412e+15
8.99819e+14
1.45481e+15
2.22317e+15
2.16826e+15
1.95744e+15
1.71651e+15
9.16706e+14
8.08241e+14
8.27239e+14
4.07281e+14
9.08962e+13
1.96042e+14
1.17246e+15
1.38004e+15
4.87466e+14
8.34696e+13
1.4353e+15
3.97859e+15
6.18151e+15
5.8767e+15
3.35812e+15
1.66045e+15
1.13126e+15
9.13267e+14
4.52996e+14
3.25692e+14
3.29166e+14
4.52586e+15
1.50151e+15
8.61493e+14
3.90444e+14
3.01798e+14
2.14282e+14
9.33485e+13
7.96511e+14
2.49836e+15
2.97195e+15
2.1474e+15
1.71327e+15
2.16159e+15
1.99816e+15
9.84939e+14
2.57863e+14
1.26652e+14
2.11153e+14
6.16018e+14
1.88718e+15
2.65459e+15
2.17249e+15
2.05092e+15
3.49276e+15
4.42767e+15
2.68535e+15
1.3482e+15
4.30006e+14
2.77441e+14
4.21151e+14
2.69335e+14
6.94255e+14
9.68596e+14
5.12538e+15
7.60116e+22
3.81906e+15
1.36568e+15
3.70308e+14
2.87276e+14
3.58497e+14
6.63068e+14
1.0066e+15
1.51632e+15
3.47825e+15
5.04752e+15
2.64758e+15
9.75527e+14
3.35287e+14
2.22458e+15
3.94831e+15
1.70015e+15
2.07797e+14
3.08418e+15
4.70196e+15
4.37733e+15
1.37481e+15
1.14627e+14
9.4927e+14
9.10307e+14
5.70341e+14
7.3513e+14
1.1337e+15
5.82877e+14
2.17932e+14
2.77071e+14
2.25959e+14
3.5072e+14
