9.27116e+15
9.34915e+15
1.70185e+16
2.82439e+16
3.48194e+16
6.60126e+16
1.28276e+17
1.6679e+17
1.71374e+17
1.48608e+17
8.94354e+16
4.42948e+16
1.71805e+16
5.73384e+15
1.40986e+16
3.51067e+16
1.26574e+17
3.57394e+17
5.82072e+17
7.12472e+17
6.8111e+17
3.92805e+17
2.17308e+17
1.80162e+17
2.01524e+17
2.13645e+17
1.271e+17
6.85057e+16
4.36627e+16
1.18265e+17
5.60673e+16
3.76045e+17
1.32884e+14
7.60078e+22
3.8719e+14
1.17971e+15
2.68503e+15
3.30861e+15
2.17002e+15
5.59557e+14
1.13293e+18
1.52882e+18
8.38318e+17
1.56298e+17
1.99329e+16
2.86518e+16
1.17408e+17
1.99407e+17
2.75563e+17
3.19787e+17
2.4932e+17
1.93466e+17
1.98737e+17
3.30738e+17
5.00016e+17
4.08783e+17
2.54523e+17
1.16006e+17
2.14514e+16
2.98936e+15
1.56508e+15
6.73719e+14
2.05697e+15
9.90379e+15
1.3926e+15
1.60605e+15
1.72472e+14
1.8256e+13
6.50193e+12
3.91914e+14
1.39234e+15
2.59677e+15
2.67394e+15
2.10634e+15
1.72416e+15
6.01521e+14
7.04697e+13
3.30324e+14
1.09594e+15
1.07483e+15
2.44446e+14
5.72602e+14
1.29828e+15
1.76381e+15
1.76761e+15
1.91703e+15
3.1548e+15
4.21923e+15
3.08858e+15
1.07999e+15
1.2349e+14
9.72247e+14
1.73651e+15
1.13288e+15
3.77281e+14
6.75313e+14
4.53824e+11
2.79784e+15
3.78213e+15
7.60187e+22
4.11238e+15
2.48351e+15
3.07724e+14
6.67996e+13
3.01039e+14
3.7316e+14
2.99929e+14
2.35813e+14
3.53254e+14
6.08085e+14
9.19412e+14
7.52976e+14
5.86649e+14
4.60351e+14
2.1788e+14
7.03079e+13
1.96517e+14
4.65101e+14
7.55519e+14
5.12643e+14
2.1488e+14
7.81238e+13
7.97817e+13
2.87621e+14
2.28066e+14
7.53637e+13
5.92853e+13
1.03569e+14
3.15775e+14
4.67411e+14
7.66618e+14
8.59331e+14
1.85863e+15
1.59328e+15
1.37279e+15
9.33728e+14
2.65335e+14
2.06704e+14
5.13964e+14
1.89093e+14
1.80479e+14
9.42328e+14
9.23171e+14
3.86722e+14
4.38352e+13
2.70367e+14
4.14922e+14
1.5175e+14
3.59022e+13
5.01148e+14
1.66109e+15
1.4972e+15
8.68984e+14
2.93369e+14
1.31141e+14
7.84346e+14
5.00596e+14
8.80077e+13
2.24769e+14
1.3054e+15
2.21321e+15
1.07036e+17
1.81281e+15
3.79982e+14
1.32884e+14
7.60078e+22
3.8719e+14
1.17971e+15
2.68503e+15
3.30861e+15
2.17002e+15
5.59557e+14
1.32151e+14
2.40146e+15
5.7454e+15
5.52821e+15
3.52982e+15
1.74502e+15
5.09826e+14
1.30865e+14
8.83493e+14
3.81487e+15
5.87621e+15
5.33792e+15
3.40082e+15
1.97375e+15
3.42468e+15
3.9148e+15
2.02697e+15
1.83121e+15
3.39853e+15
4.12804e+15
3.68056e+15
3.67881e+15
4.96299e+15
6.06544e+15
1.3926e+15
1.60605e+15
