3.45113e+16
2.32334e+16
1.22457e+16
4.5672e+15
7.00828e+15
1.57722e+16
1.7866e+16
1.34986e+16
1.08663e+16
1.49638e+16
2.98959e+16
3.72709e+16
2.32799e+16
4.1564e+16
1.38531e+17
2.13146e+17
2.43262e+17
1.70983e+17
4.03365e+16
2.43902e+16
2.95224e+16
1.55247e+16
1.02252e+16
8.67979e+15
7.36586e+15
1.32959e+15
3.04712e+15
5.68848e+15
2.77175e+15
3.85098e+15
5.03213e+16
1.60262e+16
1.225e+16
9.12178e+16
4.58369e+17
2.53642e+19
1.16746e+20
1.64422e+20
1.73939e+20
1.28873e+20
3.01905e+19
1.61543e+18
6.56121e+16
1.02522e+16
1.49536e+16
5.31646e+15
5.95465e+14
3.92688e+15
2.09052e+15
1.19671e+15
8.05682e+15
1.21244e+16
1.37946e+16
2.5863e+16
4.80493e+16
6.20084e+16
4.07467e+16
2.0402e+16
1.05096e+17
1.65134e+17
1.58366e+17
1.06306e+17
2.79546e+16
1.21172e+16
2.36565e+16
1.84611e+16
1.09968e+14
1.38411e+13
2.83841e+12
5.39104e+13
2.40907e+14
3.57648e+14
5.26301e+14
7.5176e+14
1.26372e+15
1.61939e+15
1.39996e+15
9.16206e+14
3.23317e+14
1.04913e+14
3.60733e+14
9.6302e+14
9.88284e+14
5.89029e+14
7.04061e+13
1.80467e+14
7.07973e+14
8.21715e+14
5.37426e+14
6.2068e+14
8.8144e+14
1.23551e+15
1.30165e+15
1.2441e+15
1.01077e+15
3.24602e+14
3.44508e+14
1.03025e+15
1.225e+16
9.12178e+16
4.58369e+17
2.53642e+19
1.16746e+20
1.64422e+20
1.73939e+20
1.28873e+20
1.26236e+14
2.77333e+14
2.35941e+14
6.16518e+13
2.12536e+12
5.60429e+13
6.30907e+14
3.16871e+15
6.2715e+15
7.64304e+15
6.03785e+15
2.79621e+15
8.43808e+14
1.65777e+14
8.6664e+12
9.90436e+12
1.71185e+14
3.48252e+14
3.47935e+14
7.7391e+14
8.23405e+14
5.39028e+14
9.49002e+14
7.98666e+14
5.08959e+14
7.8347e+14
2.42602e+15
3.59651e+15
4.45837e+15
3.60059e+15
1.76218e+15
9.07707e+14
1.33635e+15
2.52241e+15
2.08248e+15
1.37254e+15
9.5032e+14
3.91967e+14
3.35029e+13
3.25936e+14
1.31164e+15
2.04325e+15
2.45648e+15
3.58391e+15
5.16316e+15
5.70948e+15
4.60258e+15
3.26229e+15
3.43444e+15
3.68974e+15
2.94925e+15
2.33582e+15
1.39084e+15
5.96996e+14
2.65729e+14
1.1367e+16
4.9641e+15
4.38117e+15
4.01938e+15
7.60325e+22
5.50679e+15
4.15218e+15
3.58474e+15
3.44916e+15
3.21682e+15
4.28458e+15
5.03871e+15
5.33129e+15
6.20404e+15
4.25026e+15
2.37844e+15
1.42681e+15
5.75215e+14
8.67072e+14
1.44478e+15
1.27609e+15
1.09127e+15
8.63148e+14
1.60819e+15
4.70669e+15
6.22624e+15
5.92068e+15
5.52725e+15
2.12118e+15
4.9966e+14
6.10153e+14
7.94916e+14
1.39184e+15
1.45068e+15
1.24362e+15
1.84057e+15
2.78542e+15
