1.22181e+16
1.07753e+16
2.38578e+16
4.23586e+16
4.96715e+16
4.23232e+16
2.96662e+16
3.25445e+16
4.88411e+16
6.31062e+16
7.79429e+16
8.40482e+16
8.43935e+16
9.91316e+16
8.89335e+16
5.11753e+16
1.20494e+16
1.69026e+16
1.15829e+17
1.40285e+17
1.51228e+17
1.25689e+17
6.98163e+16
4.51335e+16
7.9178e+16
1.36081e+17
1.50527e+17
1.59686e+17
3.07162e+17
2.12588e+17
5.2905e+17
4.11283e+17
4.77732e+17
7.6108e+22
6.17705e+18
6.08898e+19
1.56087e+20
1.67827e+20
1.51291e+20
7.69344e+19
7.5041e+18
5.5974e+17
4.88105e+17
3.10107e+17
2.20674e+17
1.82542e+17
1.63657e+17
1.45274e+17
1.53486e+17
1.64241e+17
1.36411e+17
7.59545e+16
4.79725e+16
5.65484e+16
7.81149e+16
7.21796e+16
6.90331e+16
2.63045e+16
2.47852e+15
3.5511e+16
8.0451e+16
1.21309e+17
9.99715e+16
6.82123e+16
3.36626e+16
8.07745e+15
1.73003e+15
1.1825e+15
6.24236e+14
6.24571e+14
7.54956e+14
9.63591e+14
1.10724e+15
1.04452e+15
6.32052e+14
2.14491e+14
5.07513e+13
1.18618e+14
3.6888e+14
2.97916e+14
1.5273e+14
1.55567e+14
3.6908e+14
9.71686e+14
2.61344e+15
4.61915e+15
5.0903e+15
4.04631e+15
2.39537e+15
1.51193e+15
1.23153e+15
9.81784e+14
1.26968e+15
1.6775e+15
2.45492e+15
2.10419e+15
1.76696e+15
1.38057e+15
2.07663e+15
1.96276e+15
1.76499e+15
1.25268e+15
6.73282e+14
3.21253e+14
1.53447e+14
6.82784e+13
1.20393e+14
1.11069e+14
1.47474e+14
4.28471e+14
3.08961e+14
1.25853e+14
4.16727e+14
6.79199e+14
5.67333e+14
7.0524e+14
1.0458e+15
1.85386e+15
2.19241e+15
1.48417e+15
9.12104e+14
6.04428e+14
3.25742e+14
3.04766e+14
2.58591e+14
3.41635e+14
7.41505e+14
1.09819e+15
8.02154e+14
4.33782e+14
3.424e+14
3.61336e+14
3.66983e+14
1.90011e+14
2.9784e+14
2.25417e+14
4.47702e+14
9.01148e+14
1.59517e+15
2.40226e+15
2.16549e+15
1.12991e+15
4.80495e+14
5.50388e+14
7.99514e+14
6.038e+14
7.66663e+11
3.3466e+14
6.38609e+14
1.61914e+15
1.53698e+15
4.03023e+14
1.03583e+14
8.14697e+13
1.23253e+15
3.55546e+15
1.23153e+15
9.81784e+14
1.26968e+15
1.6775e+15
2.45492e+15
2.10419e+15
1.76696e+15
1.38057e+15
1.0781e+15
7.60016e+22
2.78038e+14
1.66063e+15
3.90054e+15
5.82995e+15
5.10103e+15
2.08078e+15
2.6058e+14
5.40495e+14
2.10243e+15
2.7089e+15
1.74238e+15
8.71473e+14
1.09435e+14
8.9136e+13
4.1421e+14
3.72083e+14
3.84776e+14
5.22726e+14
2.41312e+14
1.42616e+14
2.03303e+14
1.47858e+14
1.19499e+15
2.64864e+15
6.96192e+15
1.00858e+16
5.91427e+15
3.04781e+15
1.73506e+15
8.34942e+14
2.05454e+15
6.47057e+14
