3.28641e+16
3.33368e+16
3.21582e+16
2.1919e+16
1.39547e+16
9.71828e+15
6.00813e+15
3.50954e+15
3.75311e+15
6.95974e+15
9.83626e+15
1.91173e+16
4.1035e+16
5.74544e+16
8.11927e+16
1.23554e+17
2.20475e+17
4.6472e+17
5.95584e+17
5.11395e+17
3.95843e+17
1.66264e+17
4.20379e+16
4.0168e+16
4.56286e+16
5.68059e+16
6.99377e+16
9.96029e+16
1.36585e+17
1.6436e+17
2.92121e+17
4.36604e+17
6.7021e+17
7.63189e+22
7.94695e+18
6.46816e+19
1.60436e+20
1.68411e+20
1.47599e+20
7.29164e+19
5.59662e+18
4.63902e+17
6.93053e+17
4.01631e+17
2.93124e+17
2.12837e+17
1.84855e+17
1.74231e+17
1.23086e+17
1.03906e+17
8.01108e+16
6.18819e+16
5.04618e+16
8.85794e+16
2.20052e+17
2.82639e+17
2.88758e+17
2.62552e+17
1.32896e+17
8.14869e+16
9.23664e+16
7.41767e+16
4.25527e+16
2.2523e+16
1.8974e+16
3.39865e+16
3.28641e+16
3.33368e+16
3.21582e+16
2.1919e+16
1.39547e+16
9.71828e+15
6.00813e+15
3.50954e+15
5.83961e+14
8.03436e+14
4.89711e+14
2.85313e+14
1.78009e+14
1.34577e+14
5.53816e+13
2.12704e+14
1.14563e+15
2.32621e+15
3.33572e+15
2.03435e+15
3.20859e+14
1.00625e+14
9.87172e+14
1.54589e+15
1.56853e+15
1.17248e+15
8.66413e+14
6.1774e+14
2.62234e+14
1.65568e+14
2.99913e+14
4.02491e+14
8.37249e+14
7.60025e+22
7.006e+14
4.50717e+14
3.41285e+14
3.1217e+14
3.03542e+14
3.204e+14
2.45833e+14
1.01721e+14
5.01519e+12
8.07287e+13
2.29298e+14
5.6711e+14
5.51117e+14
1.8665e+14
4.87023e+13
8.23586e+13
3.03516e+14
3.59268e+14
6.42924e+14
1.16255e+15
1.6078e+15
1.86061e+15
2.1368e+15
2.01049e+15
1.37967e+15
9.40094e+14
5.78274e+14
2.62899e+14
1.99658e+14
8.96343e+13
5.71037e+13
2.15588e+14
5.31079e+14
1.24502e+15
1.11751e+15
1.13727e+15
1.15029e+15
8.70166e+14
7.53452e+14
4.05093e+14
1.20787e+14
1.73012e+14
9.27319e+14
1.86757e+15
2.61019e+15
2.46391e+15
1.28707e+15
3.57203e+14
1.73829e+14
4.46486e+14
5.83626e+14
9.11201e+14
1.74499e+15
1.69389e+15
1.11423e+15
1.18306e+15
1.67336e+15
1.67709e+15
1.24588e+15
1.02339e+15
1.70859e+14
4.83334e+14
6.10224e+14
1.17101e+15
7.06501e+14
7.60103e+22
1.11429e+14
5.11987e+13
3.05196e+14
1.46047e+15
3.0551e+15
6.20765e+15
7.92016e+15
6.40689e+15
5.06142e+15
3.14247e+15
6.49665e+14
1.05109e+15
2.15758e+15
3.05814e+15
1.74459e+15
1.7902e+14
1.84411e+14
8.78348e+14
1.76642e+15
3.37343e+15
4.64759e+15
6.43832e+15
8.25973e+15
6.80985e+15
4.35923e+15
2.23179e+15
1.37781e+15
2.71851e+15
3.70761e+15
5.5657e+15
5.71037e+13
2.15588e+14
