1.65809e+15
2.18658e+15
1.83499e+15
1.85242e+15
3.48876e+14
1.20411e+15
3.4314e+15
1.48944e+15
2.55482e+15
8.26558e+15
1.64235e+16
2.60252e+16
2.70576e+16
2.44148e+16
2.54089e+16
8.87058e+16
2.06837e+17
2.60847e+17
2.93622e+17
2.36928e+17
9.80736e+16
7.14482e+16
1.21752e+17
1.56944e+17
2.07901e+17
2.82451e+17
3.35213e+17
3.59096e+17
4.06453e+17
2.75746e+17
2.98453e+18
1.76925e+18
2.18469e+18
7.55753e+22
9.60808e+18
6.63357e+19
1.54115e+20
1.60405e+20
1.39343e+20
6.51105e+19
9.29153e+18
3.97336e+18
2.40569e+18
1.62796e+18
1.03131e+18
6.04073e+17
4.64089e+17
3.77967e+17
2.4735e+17
1.37532e+17
9.51958e+16
9.30769e+16
9.00823e+16
8.70477e+16
1.23657e+17
2.72338e+17
3.52081e+17
2.6797e+17
2.0509e+17
8.47539e+16
3.39499e+15
1.03203e+15
5.3203e+13
2.0457e+14
3.43436e+15
1.67707e+16
1.00583e+15
1.1801e+15
1.43113e+15
1.85668e+15
2.17589e+15
2.75949e+15
2.57662e+15
1.27479e+15
3.81507e+14
6.66301e+14
1.19845e+15
6.79947e+14
2.05184e+14
6.13073e+13
7.93215e+13
4.18133e+14
1.02544e+15
8.18608e+14
2.817e+14
4.4791e+14
1.01278e+15
1.21653e+15
1.05278e+15
1.01043e+15
1.01645e+15
5.67465e+14
5.26435e+13
1.1398e+14
5.60674e+14
8.42338e+14
2.72609e+14
5.11269e+13
3.92949e+13
7.60062e+22
3.53418e+14
4.50047e+14
6.73095e+14
4.84727e+14
1.14133e+14
7.94564e+13
9.36765e+11
2.90024e+14
1.06948e+15
1.52148e+15
1.49953e+15
1.03293e+15
2.34431e+14
8.87293e+13
1.14098e+15
2.23743e+15
1.90833e+15
1.06205e+15
6.98576e+14
6.39824e+14
5.61601e+14
1.26539e+14
1.57965e+13
5.27374e+13
6.62553e+13
2.75932e+14
4.96218e+14
2.39108e+14
3.19421e+13
2.2922e+14
6.97467e+14
9.86105e+14
5.37835e+14
2.78356e+13
4.88546e+14
5.64443e+14
1.68484e+14
8.31071e+12
4.59989e+13
9.91263e+13
5.46467e+13
5.15414e+14
8.64537e+14
1.19477e+15
1.28451e+15
1.08998e+15
9.88828e+14
1.14285e+15
1.2404e+15
1.41102e+15
1.27345e+15
1.11424e+15
1.19866e+15
5.80296e+14
5.65871e+13
4.07072e+14
1.27649e+15
1.53576e+15
1.50445e+15
2.94697e+15
4.8161e+15
5.48852e+15
3.12328e+15
6.57926e+15
5.90842e+15
5.0071e+15
4.23886e+15
2.53008e+15
1.05848e+15
3.39463e+14
3.7389e+14
1.01652e+15
2.0907e+15
2.16417e+15
9.7038e+14
6.42192e+14
5.60563e+14
1.76659e+14
9.5702e+13
2.08967e+14
1.04365e+14
1.8225e+14
5.08121e+14
3.41444e+14
5.56673e+14
2.38618e+15
6.42596e+15
9.51144e+15
8.57722e+15
7.98745e+15
7.73532e+15
6.14826e+15
4.25432e+15
3.05106e+15
3.05235e+15
3.81786e+15
3.20837e+15
1.7176e+15
