8.24859e+15
3.51863e+15
1.06237e+16
1.74624e+16
1.83429e+16
1.11529e+16
1.7281e+15
5.39384e+15
2.89605e+16
3.2723e+16
1.97098e+16
3.67449e+15
1.66803e+14
5.20923e+16
1.79993e+17
2.7704e+17
3.20258e+17
1.66447e+17
2.92357e+16
3.65989e+16
4.61546e+16
2.77716e+16
4.26607e+15
4.59129e+15
1.30576e+16
3.63644e+16
7.97571e+16
7.79854e+16
2.93882e+16
1.02673e+17
6.70885e+16
4.71037e+16
2.17432e+17
5.80542e+17
6.07375e+17
3.06659e+19
1.26093e+20
1.65417e+20
1.6814e+20
1.17073e+20
2.54032e+19
1.82332e+18
3.67448e+17
3.17721e+16
8.49887e+16
1.18386e+17
1.6527e+16
2.20265e+16
1.02152e+17
8.88815e+16
5.16297e+16
3.6319e+16
2.35699e+16
1.53501e+16
3.79342e+16
6.71533e+16
3.65044e+16
5.6383e+15
9.16669e+16
1.9772e+17
1.80794e+17
1.00164e+17
2.07018e+16
6.72567e+15
2.87528e+16
6.02471e+16
1.73003e+15
1.1825e+15
6.24236e+14
6.24571e+14
7.54956e+14
9.63591e+14
1.10724e+15
1.04452e+15
6.32052e+14
2.14491e+14
5.07513e+13
1.18618e+14
3.6888e+14
2.97916e+14
1.5273e+14
1.55567e+14
3.6908e+14
9.71686e+14
2.61344e+15
4.61915e+15
5.0903e+15
4.04631e+15
2.39537e+15
1.51193e+15
1.23153e+15
9.81784e+14
1.26968e+15
1.6775e+15
2.45492e+15
2.10419e+15
1.76696e+15
1.38057e+15
2.07663e+15
1.96276e+15
1.76499e+15
1.25268e+15
6.73282e+14
3.21253e+14
1.53447e+14
6.82784e+13
1.20393e+14
1.11069e+14
1.47474e+14
4.28471e+14
3.08961e+14
1.25853e+14
4.16727e+14
6.79199e+14
5.67333e+14
7.0524e+14
1.0458e+15
1.85386e+15
2.19241e+15
1.48417e+15
9.12104e+14
6.04428e+14
3.25742e+14
3.04766e+14
2.58591e+14
3.41635e+14
7.41505e+14
1.09819e+15
8.02154e+14
4.33782e+14
3.424e+14
3.61336e+14
3.66983e+14
1.90011e+14
2.9784e+14
2.25417e+14
4.47702e+14
9.01148e+14
1.59517e+15
2.40226e+15
2.16549e+15
1.12991e+15
4.80495e+14
5.50388e+14
7.99514e+14
6.038e+14
7.66663e+11
3.3466e+14
6.38609e+14
1.61914e+15
1.53698e+15
4.03023e+14
1.03583e+14
8.14697e+13
1.23253e+15
3.55546e+15
1.23153e+15
9.81784e+14
1.26968e+15
1.6775e+15
2.45492e+15
2.10419e+15
1.76696e+15
1.38057e+15
1.0781e+15
7.60016e+22
2.78038e+14
1.66063e+15
3.90054e+15
5.82995e+15
5.10103e+15
2.08078e+15
2.6058e+14
5.40495e+14
2.10243e+15
2.7089e+15
1.74238e+15
8.71473e+14
1.09435e+14
8.9136e+13
4.1421e+14
3.72083e+14
3.84776e+14
5.22726e+14
2.41312e+14
1.42616e+14
2.03303e+14
1.47858e+14
1.19499e+15
2.64864e+15
6.96192e+15
1.00858e+16
5.91427e+15
3.04781e+15
1.73506e+15
8.34942e+14
2.05454e+15
6.47057e+14
