1.17128e+16
2.81095e+16
3.76494e+16
2.48549e+16
1.74866e+16
1.58995e+16
1.56443e+16
1.38095e+16
1.64002e+16
2.52992e+16
2.02412e+16
2.38301e+16
3.75659e+16
6.16577e+16
1.11549e+17
1.89099e+17
2.5234e+17
2.52104e+17
1.94216e+17
9.76243e+16
3.68286e+16
7.72617e+16
1.11307e+17
1.32965e+17
1.23073e+17
8.51218e+16
6.49016e+16
7.61306e+16
2.7439e+17
1.41678e+17
9.17005e+16
7.75631e+17
1.4643e+18
1.43509e+18
7.60892e+18
5.98751e+19
1.58513e+20
1.68678e+20
1.44258e+20
7.53212e+19
6.78642e+18
1.20649e+18
1.18006e+18
6.56076e+17
3.80045e+17
1.94052e+17
1.15286e+17
1.09361e+17
1.06925e+17
9.34293e+16
9.11143e+16
8.96684e+16
6.58624e+16
4.6326e+16
4.59421e+16
5.72557e+16
1.32761e+17
1.87152e+17
1.86986e+17
1.81872e+17
1.45485e+17
7.83223e+16
4.02734e+16
2.236e+16
9.60501e+14
2.74622e+14
3.46864e+15
3.35825e+15
1.08705e+15
1.72204e+14
2.0962e+15
3.50067e+15
3.30547e+15
3.91078e+15
4.73816e+15
4.11126e+15
1.534e+15
1.45038e+14
7.17761e+12
3.43667e+14
1.27187e+15
2.08877e+15
1.99971e+15
1.29549e+15
7.3484e+14
7.29055e+14
8.89655e+14
5.96321e+14
1.30283e+14
1.30718e+14
8.67081e+14
1.09426e+15
5.33091e+14
3.96308e+14
6.23871e+14
1.41973e+15
2.68935e+15
4.13313e+15
3.43181e+16
7.6043e+22
1.29358e+18
3.65896e+19
1.2754e+20
1.64487e+20
1.74917e+20
1.12022e+20
2.05375e+19
8.50006e+17
3.08672e+16
3.04828e+15
1.47959e+15
3.45035e+15
2.46836e+15
1.76853e+15
1.23499e+14
4.31282e+14
8.82434e+14
4.42506e+14
7.84291e+12
3.3631e+14
9.20404e+14
5.83451e+14
1.07142e+14
1.03392e+14
2.03574e+14
6.5022e+14
1.32147e+15
7.5948e+14
4.53176e+14
6.05184e+14
9.60501e+14
2.74622e+14
1.78633e+14
8.37831e+14
1.65725e+15
1.6493e+15
1.36703e+15
3.18044e+14
5.46315e+13
4.06785e+14
7.80641e+14
4.15179e+14
1.98465e+12
2.58805e+14
8.00757e+14
1.57407e+15
1.40209e+15
6.35387e+14
3.37068e+14
2.50718e+14
2.63588e+14
5.3588e+14
1.03207e+15
1.37211e+15
1.01836e+15
7.41231e+14
9.70535e+14
7.96852e+14
1.49076e+14
2.46767e+13
3.40566e+14
1.09674e+14
6.56077e+12
1.58887e+14
2.05169e+14
2.88516e+14
1.46952e+14
1.3965e+14
2.05798e+14
2.6685e+14
3.25004e+14
6.15577e+14
6.25998e+14
5.89416e+14
8.28489e+14
1.31695e+15
1.1244e+15
6.59841e+14
6.34677e+14
5.16443e+14
3.13431e+14
8.48446e+14
1.19244e+15
9.3846e+14
8.76113e+14
1.17968e+15
1.48263e+15
1.33094e+15
1.07142e+14
1.03392e+14
2.03574e+14
6.5022e+14
1.32147e+15
7.5948e+14
4.53176e+14
6.05184e+14
9.60501e+14
2.74622e+14
