2.42072e+16
2.83125e+16
2.08781e+16
1.17563e+16
7.01212e+15
6.9989e+15
1.17818e+16
1.57989e+16
1.2292e+16
6.97038e+15
3.06545e+15
5.0031e+15
1.10075e+16
4.25602e+15
1.25169e+14
1.76884e+15
1.92303e+16
7.21283e+16
1.75256e+17
3.08091e+17
2.42782e+17
8.06156e+16
1.95168e+16
1.0197e+16
1.24113e+16
5.02186e+16
6.01221e+16
2.0532e+16
3.51362e+15
1.56776e+16
7.56201e+22
5.32657e+16
4.87209e+16
4.33386e+16
2.00013e+18
4.80843e+19
1.33859e+20
1.6687e+20
1.74962e+20
9.54709e+19
1.55672e+19
9.80693e+17
1.2147e+17
1.63018e+16
1.11766e+16
4.51392e+16
3.42223e+16
2.23458e+15
2.23785e+16
4.39376e+16
2.78933e+16
3.92621e+16
2.71029e+16
2.40448e+16
1.08326e+17
1.84643e+17
1.60113e+17
8.21923e+16
1.89084e+16
1.98237e+14
4.98484e+15
1.48805e+16
3.12059e+16
3.20129e+16
1.34604e+16
4.45215e+14
5.93707e+15
8.02376e+14
8.81689e+14
4.07323e+15
2.88732e+15
1.27614e+15
1.23353e+15
2.57637e+15
1.76014e+15
2.12249e+15
8.19466e+15
3.47231e+15
3.58329e+14
5.50928e+15
7.21695e+15
4.95779e+15
2.65079e+15
1.60581e+15
5.55545e+15
5.47821e+15
5.85617e+14
1.66337e+15
4.66597e+15
1.80394e+15
4.81672e+15
3.18968e+15
6.71297e+15
2.28858e+16
2.00486e+16
5.00447e+16
1.19551e+16
4.58838e+16
2.86714e+16
3.11984e+16
3.6146e+16
3.90259e+16
3.43523e+16
2.93557e+16
3.90612e+16
2.80843e+16
2.4466e+16
2.46283e+16
1.93617e+16
1.37887e+16
1.44908e+16
8.78865e+15
5.77006e+15
4.00158e+15
2.78001e+15
1.72426e+15
1.55368e+15
3.60853e+14
1.67099e+15
4.38114e+15
2.83367e+15
8.70881e+14
3.03722e+15
4.23457e+14
9.1049e+14
1.64333e+15
9.34646e+14
4.61897e+12
7.42736e+14
6.91311e+14
1.33448e+14
1.70728e+15
1.12106e+14
7.81288e+14
1.21501e+15
8.29402e+14
5.32337e+14
2.40155e+14
2.41881e+14
7.52755e+14
9.70111e+14
1.30771e+15
2.04677e+15
3.14897e+15
3.58515e+15
2.49127e+15
1.4896e+15
1.27978e+15
1.25099e+15
5.03535e+14
1.1291e+14
5.8078e+14
1.75851e+15
2.26499e+15
3.12399e+15
3.89867e+15
2.53193e+15
1.26295e+15
5.86477e+14
6.08153e+13
3.38039e+14
3.52363e+14
1.85981e+15
1.33357e+15
4.18008e+14
9.81934e+13
1.21038e+14
9.39229e+14
1.8948e+15
2.51113e+15
2.36477e+15
1.42158e+15
5.34299e+14
1.41725e+14
8.49107e+12
7.15809e+13
9.70304e+13
7.70338e+13
3.64636e+14
1.03057e+15
4.89407e+14
2.10662e+14
1.92215e+15
5.51578e+15
6.34261e+15
2.97193e+15
3.16272e+14
4.21893e+13
2.19358e+13
1.46645e+13
1.14632e+14
8.45415e+14
1.96349e+15
3.84228e+15
6.90836e+15
8.04667e+15
5.05336e+15
2.454e+15
