1.75608e+16
2.37237e+16
3.09579e+16
3.2783e+16
2.50068e+16
1.7658e+16
1.28176e+16
6.73455e+15
3.62773e+15
4.26323e+15
8.1547e+15
1.33307e+16
2.11071e+16
4.21618e+16
7.5237e+16
9.37901e+16
1.34996e+17
2.17772e+17
1.53121e+17
3.26076e+16
9.85888e+14
5.78588e+16
1.83889e+17
1.82565e+17
1.18868e+17
1.03252e+17
1.31932e+17
2.04506e+17
7.86613e+16
3.55686e+17
4.09191e+17
3.39573e+17
1.78909e+17
7.60329e+22
5.30525e+18
5.85098e+19
1.55312e+20
1.69263e+20
1.53846e+20
8.0862e+19
8.56474e+18
1.16966e+17
2.61849e+17
3.4904e+17
3.3571e+17
2.89077e+17
2.32313e+17
1.85975e+17
1.12161e+17
5.50251e+16
4.36532e+16
6.21423e+16
1.02196e+17
6.98836e+16
9.57003e+15
2.89349e+15
3.96596e+16
9.2846e+16
6.05364e+16
2.96124e+16
2.19105e+16
6.49385e+15
7.4032e+14
2.96074e+15
1.22841e+16
1.63301e+16
1.73489e+15
1.21138e+15
6.23296e+14
5.09992e+14
5.0751e+14
1.25549e+14
8.85882e+13
3.06581e+14
1.12637e+15
1.8664e+15
2.61412e+15
2.66578e+15
1.30056e+15
2.81179e+14
6.46807e+13
1.59053e+14
2.1071e+14
3.0675e+14
1.50906e+14
1.09231e+14
2.31109e+14
1.10241e+14
9.56438e+13
2.79291e+14
4.36083e+14
2.98652e+14
1.88779e+14
2.18142e+14
2.13691e+14
2.21852e+13
7.96305e+13
1.38438e+14
6.99396e+14
1.90023e+22
1.14888e+15
5.62044e+14
1.76179e+14
9.96259e+13
1.72942e+14
1.3431e+14
6.24622e+13
7.04514e+13
3.24872e+13
8.62902e+12
2.24907e+12
1.51021e+13
7.62914e+12
9.99874e+13
6.07804e+13
1.03899e+14
1.40179e+14
1.79441e+14
2.89818e+14
2.16683e+14
4.17378e+14
4.11411e+14
3.30814e+14
2.48864e+14
3.88347e+13
1.66178e+14
5.30054e+14
1.2819e+15
2.14771e+15
1.41445e+15
1.22841e+16
1.63301e+16
5.31079e+14
1.24502e+15
1.11751e+15
1.13727e+15
1.15029e+15
8.70166e+14
7.53452e+14
4.05093e+14
1.20787e+14
1.73012e+14
9.27319e+14
1.86757e+15
2.61019e+15
2.46391e+15
1.28707e+15
3.57203e+14
1.73829e+14
4.46486e+14
5.83626e+14
9.11201e+14
1.74499e+15
1.69389e+15
1.11423e+15
1.18306e+15
1.67336e+15
1.67709e+15
1.24588e+15
1.02339e+15
1.70859e+14
4.83334e+14
6.10224e+14
1.17101e+15
7.06501e+14
7.60103e+22
1.11429e+14
5.11987e+13
3.05196e+14
1.46047e+15
3.0551e+15
6.20765e+15
7.92016e+15
6.40689e+15
5.06142e+15
3.14247e+15
6.49665e+14
1.05109e+15
2.15758e+15
3.05814e+15
1.74459e+15
1.7902e+14
1.84411e+14
8.78348e+14
1.76642e+15
3.37343e+15
4.64759e+15
6.43832e+15
8.25973e+15
6.80985e+15
4.35923e+15
2.23179e+15
1.37781e+15
2.71851e+15
3.70761e+15
5.5657e+15
5.71037e+13
2.15588e+14
