3.28641e+16
3.33368e+16
3.21582e+16
2.1919e+16
1.39547e+16
9.71828e+15
6.00813e+15
3.50954e+15
3.75311e+15
6.95974e+15
9.83626e+15
1.91173e+16
4.1035e+16
5.74544e+16
8.11927e+16
1.23554e+17
2.20475e+17
4.6472e+17
5.95584e+17
5.11395e+17
3.95843e+17
1.66264e+17
4.20379e+16
4.0168e+16
4.56286e+16
5.68059e+16
6.99377e+16
9.96029e+16
1.36585e+17
1.6436e+17
2.92121e+17
4.36604e+17
6.7021e+17
7.63189e+22
7.94695e+18
6.46816e+19
1.60436e+20
1.68411e+20
1.47599e+20
7.29164e+19
5.59662e+18
4.63902e+17
6.93053e+17
4.01631e+17
2.93124e+17
2.12837e+17
1.84855e+17
1.74231e+17
1.23086e+17
1.03906e+17
8.01108e+16
6.18819e+16
5.04618e+16
8.85794e+16
2.20052e+17
2.82639e+17
2.88758e+17
2.62552e+17
1.32896e+17
8.14869e+16
9.23664e+16
7.41767e+16
4.25527e+16
2.2523e+16
1.8974e+16
3.39865e+16
3.28641e+16
3.33368e+16
3.21582e+16
2.1919e+16
1.39547e+16
9.71828e+15
6.00813e+15
3.50954e+15
5.83961e+14
8.03436e+14
4.89711e+14
2.85313e+14
1.78009e+14
1.34577e+14
5.53816e+13
2.12704e+14
1.14563e+15
2.32621e+15
3.33572e+15
2.03435e+15
3.20859e+14
1.00625e+14
9.87172e+14
1.54589e+15
1.56853e+15
1.17248e+15
8.66413e+14
6.1774e+14
2.62234e+14
1.65568e+14
2.99913e+14
4.02491e+14
8.37249e+14
7.60025e+22
7.006e+14
4.50717e+14
3.41285e+14
3.1217e+14
3.03542e+14
3.204e+14
2.45833e+14
1.01721e+14
5.01519e+12
8.07287e+13
2.29298e+14
5.6711e+14
5.51117e+14
1.8665e+14
4.87023e+13
8.23586e+13
3.03516e+14
3.59268e+14
6.42924e+14
1.16255e+15
1.6078e+15
1.86061e+15
2.1368e+15
2.01049e+15
1.37967e+15
9.40094e+14
5.78274e+14
2.62899e+14
1.99658e+14
8.96343e+13
5.71037e+13
2.15588e+14
1.36442e+15
2.18934e+15
3.67687e+15
5.58069e+15
6.4221e+15
4.00775e+15
2.029e+15
2.41544e+15
4.13065e+15
4.38976e+15
1.5292e+15
2.16312e+14
2.01498e+14
7.01964e+13
6.74819e+14
2.13521e+15
6.07584e+15
1.01056e+16
1.19588e+16
1.2034e+16
7.94584e+15
3.99713e+15
1.88287e+15
4.67981e+14
7.66523e+13
9.49114e+13
5.30828e+14
5.8652e+14
1.44239e+15
2.75415e+15
2.86328e+15
2.13527e+15
1.08111e+15
7.60093e+22
1.16278e+15
1.78351e+15
2.27585e+15
1.92866e+15
9.91256e+14
1.33444e+14
1.01753e+14
3.675e+14
3.4811e+14
1.83651e+14
1.83781e+14
2.86733e+14
1.32534e+15
2.77936e+15
2.82597e+15
3.46677e+15
4.92438e+15
3.85655e+15
1.82061e+15
3.91239e+14
1.14307e+15
1.58266e+15
8.64031e+14
2.59669e+15
4.91755e+15
5.84086e+15
4.74313e+15
3.59332e+15
4.29347e+15
2.75235e+15
1.27749e+15
1.44168e+15
