4.8194e+15
6.24455e+15
5.91916e+15
5.22372e+15
5.05584e+15
9.93903e+15
1.4497e+16
1.51547e+16
1.7442e+16
1.79825e+16
1.9179e+16
2.13435e+16
1.69592e+16
7.31232e+15
1.18605e+15
9.63514e+14
4.97205e+15
3.86599e+16
1.7185e+17
3.3155e+17
3.48746e+17
2.66097e+17
1.3064e+17
2.59865e+16
1.19542e+15
1.18659e+15
5.05876e+15
2.4798e+16
4.50259e+16
5.28317e+16
1.67844e+16
1.59719e+16
1.46373e+16
7.58013e+22
2.74224e+18
4.72663e+19
1.42554e+20
1.68184e+20
1.6534e+20
9.59874e+19
1.38671e+19
2.05652e+17
1.16031e+15
5.72308e+15
2.34181e+16
5.04207e+16
4.71269e+16
3.05368e+16
1.07946e+16
8.38948e+14
4.89844e+14
3.87344e+15
2.65634e+16
9.54312e+16
1.47952e+17
1.44119e+17
9.07966e+16
1.98472e+16
1.80768e+15
3.99102e+15
2.11004e+15
9.33363e+15
4.61658e+16
8.78289e+16
8.61859e+16
4.84887e+16
1.47715e+15
9.35812e+14
5.83136e+14
3.35967e+14
2.85118e+14
4.06682e+14
1.18009e+15
1.83773e+15
2.88233e+15
2.89586e+15
2.07853e+15
6.80871e+14
3.55388e+14
2.15559e+15
4.48282e+15
4.48809e+15
2.17415e+15
7.01145e+14
1.4412e+14
2.67851e+12
2.41251e+13
5.63675e+13
1.82722e+13
1.66009e+14
2.19142e+14
2.18453e+14
1.22565e+14
8.58094e+12
4.86074e+13
1.10682e+15
1.00007e+15
1.4667e+15
9.37761e+14
7.60076e+22
6.43708e+14
4.45193e+14
5.16115e+14
7.39014e+14
9.09229e+14
6.30594e+14
9.94465e+13
1.38445e+13
5.59521e+13
3.12655e+14
5.08642e+14
3.96989e+14
1.27085e+14
1.38113e+14
5.24198e+14
6.38758e+14
4.11556e+14
2.15388e+14
1.17935e+14
1.76619e+14
2.73659e+14
3.83844e+14
9.07966e+16
1.98472e+16
1.80768e+15
3.99102e+15
2.11004e+15
9.33363e+15
4.61658e+16
8.78289e+16
1.05858e+15
9.32068e+14
3.67442e+14
4.3298e+14
4.57978e+14
7.11971e+14
6.72122e+14
2.79959e+14
1.18541e+13
5.7541e+14
1.00266e+15
1.51244e+15
1.82723e+15
9.41558e+14
6.24287e+14
7.35649e+14
6.27095e+14
6.79149e+14
6.91719e+14
3.68207e+14
4.86987e+14
7.20284e+14
3.25652e+14
1.86378e+14
1.206e+14
1.3943e+14
2.08582e+14
9.16164e+14
1.74189e+15
1.83483e+15
2.12003e+15
1.38508e+15
4.20919e+14
5.11776e+14
7.90265e+14
7.60013e+22
5.86109e+14
6.59002e+14
3.88241e+14
1.05283e+14
3.52642e+13
1.35437e+14
5.80366e+18
6.3179e+17
6.45571e+17
4.95144e+17
3.02658e+17
1.62449e+17
1.00342e+17
9.4381e+16
1.80758e+15
1.95415e+15
1.05393e+15
2.44006e+14
3.4617e+14
4.7087e+14
8.74968e+14
1.46381e+15
1.11088e+15
7.83762e+14
5.41923e+14
1.66456e+14
5.12568e+13
5.00786e+13
7.58627e+13
2.53795e+14
1.30843e+14
5.46538e+13
