1.65809e+15
2.18658e+15
1.83499e+15
1.85242e+15
3.48876e+14
1.20411e+15
3.4314e+15
1.48944e+15
2.55482e+15
8.26558e+15
1.64235e+16
2.60252e+16
2.70576e+16
2.44148e+16
2.54089e+16
8.87058e+16
2.06837e+17
2.60847e+17
2.93622e+17
2.36928e+17
9.80736e+16
7.14482e+16
1.21752e+17
1.56944e+17
2.07901e+17
2.82451e+17
3.35213e+17
3.59096e+17
4.06453e+17
2.75746e+17
2.98453e+18
1.76925e+18
2.18469e+18
7.55753e+22
9.60808e+18
6.63357e+19
1.54115e+20
1.60405e+20
1.39343e+20
6.51105e+19
9.29153e+18
3.97336e+18
2.40569e+18
1.62796e+18
1.03131e+18
6.04073e+17
4.64089e+17
3.77967e+17
2.4735e+17
1.37532e+17
9.51958e+16
9.30769e+16
9.00823e+16
8.70477e+16
1.23657e+17
2.72338e+17
3.52081e+17
2.6797e+17
2.0509e+17
8.47539e+16
3.39499e+15
1.03203e+15
5.3203e+13
2.0457e+14
3.43436e+15
1.67707e+16
1.00583e+15
1.1801e+15
1.43113e+15
1.85668e+15
2.17589e+15
2.75949e+15
2.57662e+15
1.27479e+15
3.81507e+14
6.66301e+14
1.19845e+15
6.79947e+14
2.05184e+14
6.13073e+13
7.93215e+13
4.18133e+14
1.02544e+15
8.18608e+14
2.817e+14
4.4791e+14
1.01278e+15
1.21653e+15
1.05278e+15
1.01043e+15
1.01645e+15
5.67465e+14
5.26435e+13
1.1398e+14
5.60674e+14
8.42338e+14
2.72609e+14
5.11269e+13
3.92949e+13
7.60062e+22
3.53418e+14
4.50047e+14
6.73095e+14
4.84727e+14
1.14133e+14
7.94564e+13
9.36765e+11
2.90024e+14
1.06948e+15
1.52148e+15
1.49953e+15
1.03293e+15
2.34431e+14
8.87293e+13
1.14098e+15
2.23743e+15
1.90833e+15
1.06205e+15
6.98576e+14
6.39824e+14
5.61601e+14
1.26539e+14
1.57965e+13
5.27374e+13
6.62553e+13
2.75932e+14
4.96218e+14
2.39108e+14
3.19421e+13
2.2922e+14
6.97467e+14
9.86105e+14
1.6396e+14
8.02436e+14
1.18307e+15
1.11158e+15
3.10257e+14
5.08138e+13
3.50169e+14
5.23208e+14
5.0306e+14
5.547e+14
4.90054e+14
4.88669e+14
2.07574e+14
1.10891e+14
3.17654e+13
2.38447e+14
1.22979e+15
2.91644e+15
4.20368e+15
2.39744e+15
5.67688e+14
7.28995e+14
1.72928e+15
2.60539e+15
1.99277e+15
8.10463e+14
1.86122e+14
1.11575e+14
1.05057e+14
5.51243e+14
4.26156e+14
2.5386e+15
3.09775e+15
7.60048e+22
2.17259e+15
1.00866e+15
6.6137e+14
5.90227e+14
5.34903e+14
4.13818e+14
1.50319e+14
5.07293e+13
4.0346e+14
1.49992e+15
2.48559e+15
2.06339e+15
7.82278e+14
1.19133e+14
2.43145e+14
6.98361e+14
1.31555e+15
6.4268e+14
1.95617e+14
1.14527e+14
5.38472e+13
7.00939e+14
2.11658e+15
4.53512e+15
7.43741e+15
8.99865e+15
9.03734e+15
4.87269e+15
7.84548e+14
6.65601e+14
1.20354e+15
1.49659e+15
