7.33267e+14
3.37247e+14
1.7551e+15
2.74635e+15
1.34364e+15
2.16616e+15
2.76061e+15
1.7158e+15
5.93708e+14
3.03011e+15
2.85769e+15
1.34499e+15
1.07708e+15
3.17275e+14
8.7583e+15
3.39238e+16
5.91669e+16
1.33733e+17
1.51948e+17
1.14866e+17
8.04393e+16
3.37654e+16
2.32614e+16
2.04656e+16
7.89128e+15
8.30889e+15
1.76109e+16
1.57872e+16
1.09938e+16
7.73778e+15
8.10592e+15
5.71225e+16
1.74038e+17
1.94557e+17
1.69983e+18
3.84068e+19
1.33695e+20
1.6586e+20
1.66149e+20
1.05611e+20
1.81957e+19
6.8246e+17
1.54992e+17
4.01324e+16
9.03439e+15
4.85316e+15
4.7716e+15
5.34184e+15
7.15309e+15
1.56804e+16
1.50887e+16
1.3656e+16
2.29871e+16
2.60246e+16
6.43382e+16
1.02224e+17
1.39362e+17
2.10662e+17
1.69105e+17
1.14065e+17
9.62161e+16
3.6809e+16
5.73171e+15
4.02562e+15
8.60522e+15
2.30849e+16
2.1453e+13
2.01001e+13
1.40724e+14
2.8089e+14
6.51854e+14
8.15644e+14
6.37646e+14
6.33395e+14
1.34546e+15
2.33146e+15
2.53854e+15
1.96443e+15
1.36285e+15
5.16452e+14
8.28267e+13
4.95111e+14
7.80433e+14
3.7077e+14
1.42071e+13
6.09721e+14
1.15609e+15
7.87825e+14
1.37761e+14
4.4896e+13
1.86813e+14
3.08485e+14
2.94475e+14
1.05959e+14
2.15559e+13
9.63264e+13
9.56682e+14
5.19081e+14
1.70533e+14
7.60076e+22
4.12691e+14
9.22442e+14
1.44391e+15
1.05222e+15
5.43531e+14
5.36104e+14
5.44568e+14
1.24079e+14
5.87507e+13
5.90389e+14
1.73745e+15
1.43643e+15
3.16801e+14
2.86959e+13
1.72371e+14
1.21915e+15
1.99617e+15
2.54991e+15
2.65045e+15
1.99359e+15
1.12308e+15
8.18122e+14
5.76626e+14
3.44678e+14
2.56939e+14
8.46435e+13
1.60371e+13
5.63925e+13
2.14231e+14
5.22924e+14
2.95834e+14
1.48547e+14
1.04159e+15
9.9823e+14
1.05802e+15
1.01398e+15
1.10013e+15
1.05517e+15
5.12897e+14
1.88053e+14
2.07294e+14
4.40123e+14
7.6381e+14
1.40969e+15
2.51626e+15
4.17204e+15
4.73239e+15
5.46424e+15
6.89174e+15
4.9209e+15
1.7653e+15
8.21184e+14
4.45258e+14
3.9045e+14
9.53278e+14
2.33543e+15
3.04889e+15
1.98428e+15
1.83537e+15
2.06404e+15
1.33593e+15
1.71561e+15
9.65558e+14
2.73361e+15
5.69159e+15
7.60186e+22
8.38625e+15
9.96643e+15
9.44562e+15
5.96436e+15
3.60311e+15
2.00043e+15
5.11521e+14
3.68716e+14
6.87431e+14
4.3634e+14
1.63282e+14
6.86775e+14
4.14272e+14
5.47735e+13
2.26134e+14
5.58519e+14
2.45163e+14
1.4097e+14
4.79396e+14
1.80878e+15
2.41055e+15
1.1344e+15
2.96891e+14
9.68492e+13
5.59965e+14
1.96677e+15
5.16021e+15
7.55219e+15
6.14436e+15
6.11871e+15
2.95834e+14
1.48547e+14
