1.7643e+16
1.8508e+16
1.5842e+16
1.37696e+16
3.15199e+16
2.75409e+16
7.41848e+15
9.87152e+15
1.683e+16
1.45999e+16
1.45229e+16
1.27086e+16
2.08946e+15
1.13438e+16
2.4946e+16
4.30857e+16
7.73505e+16
1.69628e+17
3.21777e+17
3.63704e+17
2.97425e+17
2.51934e+17
1.94663e+17
1.31963e+17
1.07035e+17
1.07546e+17
1.03968e+17
9.4201e+16
1.2005e+17
3.52328e+17
5.41584e+17
6.02682e+17
1.29649e+15
7.59175e+22
1.09648e+18
3.43422e+19
1.30216e+20
1.68069e+20
1.72248e+20
1.14422e+20
5.80366e+18
6.3179e+17
6.45571e+17
4.95144e+17
3.02658e+17
1.62449e+17
1.00342e+17
9.4381e+16
1.04251e+17
9.64609e+16
9.61933e+16
1.18821e+17
1.36019e+17
1.86561e+17
2.41175e+17
2.64404e+17
2.47886e+17
1.24031e+17
4.10296e+16
2.1303e+16
2.74489e+15
5.78377e+15
2.56361e+16
2.83743e+16
5.48778e+15
8.64337e+14
2.45572e+14
2.66162e+14
2.03401e+14
8.17011e+13
2.41639e+14
5.30803e+14
6.89009e+14
9.95425e+14
1.63127e+15
1.76366e+15
1.58025e+15
9.24606e+14
2.23321e+14
2.07153e+14
8.97288e+14
2.14169e+15
1.78751e+15
1.01297e+15
1.10734e+15
1.01019e+15
7.95257e+14
8.76497e+14
1.44696e+15
1.13684e+15
8.22406e+14
6.63736e+14
6.09833e+14
5.69023e+14
3.87618e+14
1.04072e+14
5.68346e+13
5.34341e+13
1.29649e+15
7.59175e+22
1.09648e+18
3.43422e+19
1.30216e+20
1.68069e+20
1.72248e+20
1.14422e+20
1.08427e+14
1.1569e+14
6.70122e+13
8.23343e+13
2.44154e+14
7.44329e+14
1.75117e+15
3.22756e+15
4.2515e+15
3.1601e+15
1.53896e+15
8.01795e+14
5.07799e+14
4.73334e+14
5.76502e+14
1.07416e+15
1.23482e+17
1.88433e+17
1.82538e+17
1.24091e+17
5.0034e+16
9.54114e+15
6.11583e+14
1.54999e+15
1.85293e+14
2.12139e+15
1.36744e+15
3.22506e+14
1.99224e+14
6.35796e+14
6.62003e+14
2.70879e+14
8.97246e+14
2.49973e+15
3.0263e+15
1.82777e+15
3.50539e+14
5.66848e+14
2.15406e+15
4.58762e+15
9.12289e+15
1.07123e+16
8.62929e+15
7.11031e+15
5.72514e+15
4.87023e+15
2.52854e+15
1.06163e+15
8.28321e+14
5.02768e+14
8.22406e+14
6.63736e+14
6.09833e+14
5.69023e+14
3.87618e+14
1.04072e+14
5.68346e+13
5.34341e+13
1.29649e+15
7.59175e+22
1.09648e+18
3.43422e+19
1.30216e+20
1.68069e+20
1.72248e+20
1.14422e+20
1.08427e+14
1.1569e+14
6.70122e+13
8.23343e+13
2.44154e+14
7.44329e+14
1.75117e+15
3.22756e+15
3.77555e+15
3.92946e+15
6.15594e+15
6.30411e+15
4.16841e+15
3.00899e+15
1.70161e+15
6.50644e+14
1.23482e+17
1.88433e+17
1.82538e+17
1.24091e+17
5.0034e+16
9.54114e+15
6.11583e+14
1.54999e+15
2.24094e+15
1.83372e+15
