9.1573e+15
3.13896e+15
6.75349e+15
7.41449e+14
1.40952e+16
1.04109e+16
3.74647e+15
1.70201e+16
3.2512e+16
2.5695e+16
5.06967e+16
6.03994e+16
3.87642e+16
3.03907e+16
5.84837e+16
1.43965e+17
2.1063e+17
2.2934e+17
1.54279e+17
1.66659e+16
4.00631e+16
1.56666e+17
2.1834e+17
2.32288e+17
1.62165e+17
6.73248e+16
6.40678e+16
6.81922e+16
5.27132e+16
4.50292e+16
6.90955e+16
2.8197e+16
2.02079e+17
7.59042e+22
4.09642e+18
5.50532e+19
1.47503e+20
1.67181e+20
1.62362e+20
8.70434e+19
1.27277e+19
1.64398e+18
5.92441e+17
1.28836e+17
9.28586e+16
8.85548e+16
7.16511e+16
8.81064e+16
9.91095e+16
8.79875e+16
1.05588e+17
1.31961e+17
1.10367e+17
6.07757e+16
2.79511e+16
5.63658e+15
2.00832e+16
6.29216e+16
6.46512e+16
8.37739e+16
8.06334e+16
5.52877e+16
6.09826e+16
1.05064e+17
1.14525e+17
5.90688e+16
1.71275e+14
6.00676e+14
8.33368e+14
5.96561e+14
2.8339e+14
9.93398e+12
3.08924e+14
5.89359e+14
9.59166e+15
2.13774e+16
1.4928e+16
5.27191e+15
3.7405e+14
8.34263e+15
3.62465e+15
9.84253e+14
1.951e+15
1.80591e+15
1.29263e+15
6.66782e+14
4.78712e+14
8.53433e+14
1.33885e+15
1.77012e+15
2.02327e+15
1.19777e+15
4.19461e+14
1.42897e+14
4.16087e+13
1.79178e+14
6.44685e+13
7.59355e+13
3.64056e+13
7.60073e+22
3.96254e+13
5.30915e+13
2.28623e+14
3.79415e+14
6.80455e+14
1.04086e+15
6.07933e+14
1.03902e+14
1.21083e+14
4.07219e+13
1.38274e+13
1.38657e+14
6.39557e+14
7.31457e+14
2.99061e+14
6.36881e+13
1.88627e+14
3.36097e+14
3.81073e+14
5.70152e+14
9.74923e+14
8.1598e+14
3.17934e+14
1.03072e+14
5.85063e+13
1.51659e+14
7.40603e+13
1.36292e+14
2.34254e+14
4.40959e+14
4.27679e+14
4.45873e+14
1.5446e+15
1.16237e+15
8.05842e+14
6.7519e+14
7.83384e+14
1.26214e+15
1.82701e+15
1.08366e+15
7.82016e+14
1.94941e+15
3.59629e+15
5.17082e+15
4.46288e+15
2.45921e+15
6.8962e+14
9.35071e+14
1.18801e+15
1.08563e+15
1.3814e+15
9.87326e+14
4.50999e+14
3.12471e+14
2.24607e+13
5.38016e+14
1.70939e+15
1.02181e+15
4.08293e+14
1.07807e+14
8.022e+14
5.31728e+14
7.0167e+14
1.37091e+15
6.41725e+14
2.14847e+14
7.28137e+13
4.89292e+13
8.18504e+13
1.23657e+15
2.63357e+15
2.34697e+15
1.40367e+15
8.79404e+14
5.58405e+14
3.41169e+14
8.51881e+14
6.4348e+14
2.84984e+13
5.79623e+14
2.58097e+15
3.32937e+15
1.50589e+15
5.07124e+14
1.14524e+15
2.87685e+15
3.94732e+15
4.39205e+15
5.91021e+15
7.2975e+15
6.37005e+15
4.16426e+15
2.42581e+15
1.1594e+15
8.38222e+14
9.09403e+14
1.86041e+15
2.94197e+15
