8.9489e+15
8.65705e+15
2.14678e+16
2.45572e+16
3.0124e+16
2.93275e+16
2.65456e+16
2.23966e+16
1.57396e+16
1.41555e+16
7.83581e+15
1.24975e+16
1.40658e+16
1.79057e+16
1.37732e+16
2.15318e+16
1.13662e+17
1.74032e+17
1.33356e+17
1.08672e+17
7.20609e+16
3.13506e+16
1.99724e+16
5.06228e+16
6.54805e+16
6.94316e+16
5.66412e+16
6.4407e+16
5.59298e+16
4.66721e+16
1.37868e+17
2.64112e+17
5.14251e+17
7.51305e+17
3.81986e+18
5.11439e+19
1.47446e+20
1.68069e+20
1.5835e+20
8.77468e+19
1.30869e+19
9.12348e+17
2.45347e+17
2.56618e+17
2.25453e+17
1.63819e+17
9.56932e+16
8.40132e+16
9.39068e+16
5.50197e+16
2.89525e+16
1.48773e+16
1.79759e+16
8.48289e+15
2.82691e+16
8.24306e+16
1.50973e+17
2.1162e+17
1.84951e+17
8.56494e+16
3.47166e+16
1.70304e+16
1.68186e+16
9.47044e+15
4.79125e+15
7.79856e+15
8.9489e+15
8.65705e+15
2.14678e+16
2.45572e+16
3.0124e+16
2.93275e+16
2.65456e+16
2.23966e+16
2.46309e+14
7.63661e+14
1.44487e+15
2.74e+15
3.77167e+15
3.81538e+15
3.39531e+15
3.00795e+15
2.47459e+15
2.33623e+15
2.47047e+15
2.66444e+15
3.31434e+15
3.50796e+15
3.61679e+15
5.3207e+15
6.54805e+16
6.94316e+16
5.66412e+16
6.4407e+16
5.59298e+16
4.66721e+16
1.37868e+17
2.64112e+17
5.18334e+15
7.6006e+22
6.2865e+15
7.01745e+15
6.28036e+15
5.48135e+15
3.71587e+15
2.12453e+15
1.5777e+15
1.12774e+15
5.47915e+14
2.24674e+14
8.63169e+12
3.18738e+14
5.37076e+14
6.84923e+14
9.68841e+14
1.58098e+15
1.54499e+15
3.13587e+14
9.50777e+13
6.12422e+13
2.92417e+14
6.25522e+14
8.79403e+14
9.36938e+14
2.64932e+14
3.305e+13
2.42696e+14
9.13989e+14
1.22826e+15
1.31594e+15
8.75213e+14
2.86305e+14
4.77576e+14
3.09206e+14
1.69084e+14
1.1142e+15
1.00118e+15
1.04396e+15
5.98302e+14
1.93694e+14
1.31312e+15
3.82747e+15
5.47407e+15
3.39693e+15
7.2517e+14
6.68944e+13
4.99237e+13
2.65318e+13
2.47459e+15
2.33623e+15
2.47047e+15
2.66444e+15
3.31434e+15
3.50796e+15
3.61679e+15
5.3207e+15
7.98415e+14
2.62559e+14
4.07319e+14
1.45694e+15
2.90501e+15
1.09433e+17
8.32706e+14
8.55986e+14
6.29725e+14
3.50113e+14
1.97078e+14
5.35965e+14
1.42707e+15
1.28143e+15
4.61604e+14
3.38302e+14
4.13996e+14
3.13312e+15
7.9116e+15
1.07537e+16
9.64411e+15
4.74306e+15
1.39387e+15
8.15722e+14
7.73655e+14
1.02704e+15
2.14305e+15
2.16893e+15
7.38985e+14
2.2627e+14
3.16929e+14
8.60793e+14
6.32594e+14
8.16459e+13
2.62259e+14
9.22821e+14
2.86682e+15
4.9517e+15
4.57261e+15
1.75478e+15
8.75213e+14
2.86305e+14
