7.83134e+15
9.79252e+15
1.49059e+16
1.92513e+16
3.14189e+16
4.29063e+16
5.27276e+16
7.45535e+16
8.9703e+16
9.77627e+16
1.15823e+17
1.02394e+17
1.00808e+17
1.09282e+17
1.1694e+17
3.22962e+17
1.05431e+15
1.07006e+15
8.24693e+14
5.91119e+14
3.80798e+14
3.26356e+14
3.94411e+14
5.16133e+14
1.48678e+16
3.15623e+16
4.0508e+16
8.42433e+16
1.72614e+17
4.98936e+17
1.3209e+18
1.63519e+18
1.90912e+18
2.43908e+18
1.02385e+19
6.92554e+19
1.66995e+20
1.67763e+20
1.37104e+20
6.70417e+19
7.18395e+18
2.3537e+18
1.20531e+18
6.5013e+17
3.44226e+17
1.83836e+17
1.03175e+17
5.22593e+16
3.00794e+16
1.63222e+16
7.88889e+15
7.42659e+15
2.17829e+16
2.99207e+16
6.46054e+16
1.89339e+17
3.46492e+17
3.46997e+17
2.41376e+17
1.11086e+17
1.25204e+16
3.92134e+15
1.12161e+16
1.46445e+16
1.3926e+15
1.60605e+15
6.12453e+14
1.40521e+14
3.76022e+14
6.97148e+14
7.31654e+14
3.48066e+14
3.48311e+13
6.75657e+13
3.87037e+14
9.54371e+14
1.21642e+15
8.96019e+14
3.91892e+14
3.48123e+13
2.98248e+14
7.32386e+14
1.08788e+15
1.24906e+15
1.32661e+15
1.60858e+15
1.50219e+15
1.15684e+15
9.12139e+14
7.83788e+14
7.87332e+14
6.55725e+14
5.00775e+14
3.39691e+14
3.89473e+14
6.02175e+14
4.78772e+14
6.56462e+14
9.65516e+14
7.60136e+22
4.4099e+14
2.4026e+14
1.52473e+14
7.04535e+13
2.45816e+13
5.9705e+13
5.44853e+13
2.04766e+13
8.71068e+13
2.75308e+14
5.04926e+14
5.04673e+14
3.15696e+14
1.3948e+14
1.24683e+13
5.66047e+14
1.1258e+15
1.6778e+15
1.93415e+15
1.24384e+15
1.42389e+15
1.7923e+15
1.63361e+15
8.52187e+14
3.75487e+13
1.84204e+14
3.10469e+14
1.70333e+14
1.07228e+14
1.22267e+13
1.3926e+15
1.60605e+15
2.36904e+15
2.2904e+15
4.87588e+14
3.24568e+13
3.46243e+14
8.92612e+14
3.51706e+14
3.72905e+14
2.25053e+14
8.45627e+13
2.7408e+14
1.43103e+14
1.12777e+13
1.15977e+14
1.56834e+14
2.95493e+14
1.05431e+15
1.07006e+15
8.24693e+14
5.91119e+14
3.80798e+14
3.26356e+14
3.94411e+14
5.16133e+14
1.36358e+15
1.94593e+15
2.32108e+15
1.6862e+15
6.71724e+15
7.90813e+14
1.06184e+15
1.96078e+15
2.96979e+15
4.47523e+15
6.58043e+15
7.40249e+15
5.85602e+15
4.63817e+15
5.4035e+15
5.0157e+15
3.55529e+15
2.49485e+15
1.46074e+15
7.6064e+14
5.47683e+14
5.4212e+13
2.89619e+14
9.38981e+14
1.44241e+15
2.83549e+15
3.82497e+15
3.6807e+15
4.88272e+15
5.43653e+15
4.88349e+15
5.36847e+15
5.23573e+15
7.2402e+15
7.50127e+15
4.69896e+15
2.356e+15
8.95695e+14
5.10791e+14
1.60411e+15
1.3926e+15
1.60605e+15
