2.11023e+15
1.58728e+15
2.74374e+15
4.10424e+15
4.29957e+15
4.3846e+15
3.21662e+15
2.86019e+15
4.89786e+15
3.28167e+15
1.82239e+15
3.66214e+15
2.83712e+15
4.32747e+15
5.45602e+15
2.81616e+15
4.38466e+16
1.49833e+17
2.4783e+17
3.14818e+17
2.03393e+17
1.0274e+17
6.24224e+16
3.05911e+16
2.03827e+16
1.15519e+16
6.58742e+15
1.26751e+16
6.89528e+15
5.527e+15
2.74352e+15
8.15003e+15
3.43181e+16
7.6043e+22
1.29358e+18
3.65896e+19
1.2754e+20
1.64487e+20
1.74917e+20
1.12022e+20
2.05375e+19
8.50006e+17
3.08672e+16
3.04828e+15
1.47959e+15
3.45035e+15
2.46836e+15
1.76853e+15
1.76031e+15
2.48826e+15
8.66744e+15
8.6186e+15
1.31495e+16
2.63336e+16
5.07049e+16
1.49013e+17
2.02697e+17
1.50573e+17
5.2954e+16
4.28831e+14
3.46101e+16
5.91698e+16
3.82912e+16
9.4792e+15
4.10548e+15
1.99637e+15
3.46864e+15
3.35825e+15
1.08705e+15
1.72204e+14
2.0962e+15
3.50067e+15
3.30547e+15
3.91078e+15
4.73816e+15
4.11126e+15
1.534e+15
1.45038e+14
7.17761e+12
3.43667e+14
1.27187e+15
2.08877e+15
1.99971e+15
1.29549e+15
7.3484e+14
7.29055e+14
8.89655e+14
5.96321e+14
1.30283e+14
1.30718e+14
8.67081e+14
1.09426e+15
5.33091e+14
3.96308e+14
6.23871e+14
1.41973e+15
2.68935e+15
4.13313e+15
3.43181e+16
7.6043e+22
1.29358e+18
3.65896e+19
1.2754e+20
1.64487e+20
1.74917e+20
1.12022e+20
2.05375e+19
8.50006e+17
3.08672e+16
3.04828e+15
1.47959e+15
3.45035e+15
2.46836e+15
1.76853e+15
1.23499e+14
4.31282e+14
8.82434e+14
4.42506e+14
7.84291e+12
3.3631e+14
9.20404e+14
5.83451e+14
1.07142e+14
1.03392e+14
2.03574e+14
6.5022e+14
1.32147e+15
7.5948e+14
4.53176e+14
6.05184e+14
9.60501e+14
2.74622e+14
1.78633e+14
8.37831e+14
1.65725e+15
1.6493e+15
1.36703e+15
3.18044e+14
5.46315e+13
4.06785e+14
7.80641e+14
4.15179e+14
1.98465e+12
2.58805e+14
8.00757e+14
1.57407e+15
1.40209e+15
6.35387e+14
3.37068e+14
2.50718e+14
2.63588e+14
5.3588e+14
1.03207e+15
1.37211e+15
1.01836e+15
7.41231e+14
9.70535e+14
7.96852e+14
1.49076e+14
2.46767e+13
3.40566e+14
1.09674e+14
6.56077e+12
1.58887e+14
2.05169e+14
2.88516e+14
1.46952e+14
1.3965e+14
2.05798e+14
2.6685e+14
3.25004e+14
6.15577e+14
6.25998e+14
5.89416e+14
8.28489e+14
1.31695e+15
1.1244e+15
6.59841e+14
6.34677e+14
5.16443e+14
3.13431e+14
8.48446e+14
1.19244e+15
9.3846e+14
8.76113e+14
1.17968e+15
1.48263e+15
1.33094e+15
1.07142e+14
1.03392e+14
2.03574e+14
6.5022e+14
1.32147e+15
7.5948e+14
4.53176e+14
6.05184e+14
9.60501e+14
2.74622e+14
