4.69396e+15
4.25109e+14
1.08229e+14
2.08189e+15
6.24606e+15
5.93817e+15
6.68992e+15
2.56777e+15
3.9969e+14
1.28211e+15
2.61203e+15
5.13865e+15
6.80066e+15
7.44986e+15
8.92735e+15
1.35823e+16
4.29967e+16
1.83619e+17
2.61766e+17
1.83969e+17
1.50048e+17
5.71052e+16
3.16455e+16
5.29559e+16
6.14388e+16
4.17829e+16
1.00993e+16
2.3305e+15
1.4637e+16
1.79195e+16
5.22555e+15
5.21343e+15
3.88725e+15
2.18884e+16
1.80793e+18
4.43025e+19
1.29822e+20
1.63375e+20
1.76757e+20
1.00189e+20
1.54549e+19
5.87087e+17
1.52706e+16
2.07737e+16
1.42619e+16
1.81062e+15
1.04311e+16
1.60161e+15
3.60376e+15
6.05557e+15
1.67705e+16
7.97148e+15
9.23047e+15
1.77704e+16
4.88771e+16
8.15293e+16
1.52289e+17
1.44118e+17
6.13221e+16
3.94236e+16
4.92489e+16
6.31522e+16
5.85368e+16
2.38605e+16
1.96453e+15
4.29552e+15
1.83842e+14
5.88941e+13
3.51817e+14
6.56873e+14
4.24437e+14
1.57492e+14
1.51845e+14
2.23977e+14
2.82655e+14
2.13999e+14
1.89882e+14
1.8408e+14
4.72522e+14
6.2539e+14
7.08542e+14
6.88805e+14
6.65332e+14
5.53402e+14
4.91869e+14
7.54539e+14
1.18048e+15
1.05262e+15
8.82486e+14
5.71015e+14
2.10794e+14
3.13832e+14
7.11866e+14
1.00914e+15
1.90636e+15
6.80327e+14
6.28898e+14
5.7301e+14
3.19203e+14
1.90008e+22
1.00739e+14
4.32878e+12
1.20181e+14
3.62398e+14
5.10341e+14
4.21814e+14
1.27277e+19
1.64398e+18
5.92441e+17
1.28836e+17
9.28586e+16
8.85548e+16
7.16511e+16
8.81064e+16
9.91095e+16
8.79875e+16
1.05588e+17
1.31961e+17
1.10367e+17
6.07757e+16
2.79511e+16
5.63658e+15
2.00832e+16
6.29216e+16
6.46512e+16
8.37739e+16
8.06334e+16
5.52877e+16
6.09826e+16
1.05064e+17
1.14525e+17
5.90688e+16
1.89676e+15
1.37786e+15
7.54304e+14
4.11869e+14
1.94239e+14
2.86066e+13
4.70746e+13
1.02354e+14
1.0919e+14
4.49312e+14
1.10772e+15
1.44885e+15
8.90061e+14
8.36474e+14
6.04549e+14
1.03576e+14
2.21884e+13
3.72616e+13
5.91354e+14
1.2521e+15
1.19555e+15
1.01924e+15
9.62148e+14
1.35975e+15
2.74996e+15
3.44846e+15
2.2165e+15
3.76001e+14
2.87634e+13
3.5764e+13
2.85887e+14
1.7514e+14
4.92248e+14
7.60116e+22
2.56783e+14
3.4054e+14
5.83758e+14
6.40709e+14
1.22206e+14
3.94027e+14
3.21102e+14
1.56211e+14
1.67667e+14
3.77491e+14
4.70796e+14
4.47228e+14
2.39652e+14
4.83109e+13
3.49566e+14
1.34468e+15
2.21253e+15
1.92337e+15
8.89336e+14
2.05819e+14
5.89359e+14
9.71943e+14
1.38488e+15
1.93796e+15
2.46361e+15
2.82029e+15
2.7554e+15
2.64229e+15
2.53152e+15
2.22859e+15
1.14525e+17
5.90688e+16
