5.55887e+15
4.41901e+15
7.0877e+15
8.11057e+15
4.83435e+15
4.48743e+15
1.03369e+16
1.61106e+16
1.50539e+16
2.05999e+16
1.98927e+16
1.43366e+16
2.43877e+16
2.83491e+16
1.13928e+16
6.504e+15
1.7117e+16
1.12308e+17
2.28635e+17
2.0872e+17
1.91011e+17
1.30854e+17
5.29987e+16
4.68899e+16
4.81592e+18
4.94197e+18
4.96721e+18
4.76761e+18
4.75287e+18
4.46525e+18
4.52583e+18
5.4114e+17
6.07635e+16
7.67436e+16
1.21923e+18
3.99041e+19
1.32088e+20
1.65694e+20
1.74247e+20
1.06819e+20
1.90234e+19
9.20776e+17
7.64287e+16
1.04468e+16
2.15497e+16
1.39612e+16
3.54004e+16
3.62432e+16
1.18894e+16
1.41735e+15
4.69241e+15
1.03265e+16
1.58194e+16
4.50374e+16
8.6586e+16
1.07512e+17
1.70543e+17
1.71161e+17
5.66001e+16
1.51009e+16
1.88412e+16
3.9135e+16
4.38082e+16
2.62606e+16
1.43587e+17
9.911e+16
6.98889e+15
1.3659e+16
1.09574e+16
5.79415e+15
7.71746e+15
2.10925e+16
5.82442e+16
9.39659e+16
1.14866e+17
1.30971e+17
1.07774e+17
6.74678e+16
4.13852e+16
2.32165e+16
1.58869e+16
2.78247e+16
5.01882e+16
6.542e+16
6.65508e+16
4.9726e+16
6.37268e+16
7.47413e+16
6.92592e+16
6.6546e+16
1.08679e+16
7.91965e+15
4.33326e+16
1.64193e+17
7.45784e+16
4.3183e+17
2.78099e+18
2.80303e+18
5.94924e+18
2.11664e+19
9.89606e+19
2.04294e+20
1.82195e+20
1.30819e+20
5.27316e+19
2.42812e+18
5.10658e+18
2.04789e+18
3.45676e+17
3.9577e+16
1.63776e+16
6.31358e+16
1.20478e+17
1.7411e+17
1.2852e+17
1.11612e+17
7.24784e+16
5.20328e+16
6.78844e+16
6.17385e+16
6.25775e+16
8.05958e+16
1.04644e+17
1.41912e+17
1.84452e+17
2.20146e+17
2.44341e+17
2.53651e+17
2.45013e+17
2.00616e+17
1.43587e+17
9.911e+16
4.80921e+18
4.80682e+18
4.7272e+18
4.59282e+18
4.55611e+18
4.66276e+18
4.70757e+18
4.73491e+18
4.72042e+18
4.76059e+18
4.76723e+18
4.66868e+18
4.62736e+18
4.62914e+18
4.7012e+18
4.76481e+18
4.83102e+18
4.88818e+18
4.88441e+18
4.82589e+18
4.68579e+18
4.60127e+18
4.55863e+18
4.65233e+18
4.81592e+18
4.94197e+18
4.96721e+18
4.76761e+18
4.75287e+18
4.46525e+18
4.52583e+18
5.4114e+17
5.94924e+18
2.11664e+19
9.89606e+19
2.04294e+20
1.82195e+20
1.30819e+20
5.27316e+19
2.42812e+18
4.73626e+18
4.59993e+18
4.49129e+18
4.41328e+18
4.46325e+18
4.53987e+18
4.60484e+18
4.60766e+18
4.54025e+18
4.48332e+18
4.47321e+18
4.5858e+18
4.67123e+18
4.72531e+18
4.69319e+18
4.63211e+18
4.60107e+18
4.60497e+18
4.68695e+18
4.68852e+18
4.73099e+18
4.76161e+18
4.73967e+18
4.69154e+18
1.43587e+17
9.911e+16
