7.83134e+15
9.79252e+15
1.49059e+16
1.92513e+16
3.14189e+16
4.29063e+16
5.27276e+16
7.45535e+16
8.9703e+16
9.77627e+16
1.15823e+17
1.02394e+17
1.00808e+17
1.09282e+17
1.1694e+17
3.22962e+17
1.05431e+15
1.07006e+15
8.24693e+14
5.91119e+14
3.80798e+14
3.26356e+14
3.94411e+14
5.16133e+14
1.48678e+16
3.15623e+16
4.0508e+16
8.42433e+16
1.72614e+17
4.98936e+17
1.3209e+18
1.63519e+18
1.90912e+18
2.43908e+18
1.02385e+19
6.92554e+19
1.66995e+20
1.67763e+20
1.37104e+20
6.70417e+19
7.18395e+18
2.3537e+18
1.20531e+18
6.5013e+17
3.44226e+17
1.83836e+17
1.03175e+17
5.22593e+16
3.00794e+16
1.63222e+16
7.88889e+15
7.42659e+15
2.17829e+16
2.99207e+16
6.46054e+16
1.89339e+17
3.46492e+17
3.46997e+17
2.41376e+17
1.11086e+17
1.25204e+16
3.92134e+15
1.12161e+16
1.46445e+16
1.3926e+15
1.60605e+15
1.35823e+14
1.35942e+14
4.57777e+14
9.4682e+14
1.40783e+15
1.29568e+15
7.95862e+14
7.04254e+14
6.51708e+14
4.37218e+14
5.10952e+14
6.85327e+14
9.94142e+14
1.61779e+15
1.67856e+15
1.92707e+15
2.29471e+15
2.67406e+15
3.16578e+15
2.17962e+15
1.17582e+15
8.46749e+14
5.69275e+14
4.96796e+14
5.72953e+14
5.18459e+14
3.52531e+14
2.48218e+14
1.56044e+14
2.51826e+14
2.9839e+14
2.56433e+13
1.38263e+14
7.60074e+22
9.4749e+14
2.1548e+15
1.96264e+15
6.09822e+14
1.03661e+14
9.23152e+12
1.23663e+19
6.52974e+17
3.69892e+17
3.45683e+17
2.54492e+17
1.43834e+17
7.94898e+16
3.13379e+16
7.60894e+14
1.26072e+15
9.63334e+14
5.75078e+14
2.70469e+14
3.20358e+14
3.03723e+14
4.91131e+14
9.06175e+14
7.56964e+14
4.79022e+14
8.29276e+14
8.24967e+14
5.18052e+14
4.81183e+14
4.98019e+14
3.97805e+14
5.65085e+14
2.36904e+15
2.2904e+15
4.87588e+14
3.24568e+13
3.46243e+14
8.92612e+14
3.51706e+14
3.72905e+14
2.25053e+14
8.45627e+13
2.7408e+14
1.43103e+14
1.12777e+13
1.15977e+14
1.56834e+14
2.95493e+14
1.05431e+15
1.07006e+15
8.24693e+14
5.91119e+14
3.80798e+14
3.26356e+14
3.94411e+14
5.16133e+14
1.36358e+15
1.94593e+15
2.32108e+15
1.6862e+15
6.71724e+15
7.90813e+14
1.06184e+15
1.96078e+15
2.96979e+15
4.47523e+15
6.58043e+15
7.40249e+15
5.85602e+15
4.63817e+15
5.4035e+15
5.0157e+15
3.55529e+15
2.49485e+15
1.46074e+15
7.6064e+14
5.47683e+14
5.4212e+13
2.89619e+14
9.38981e+14
1.44241e+15
2.83549e+15
3.82497e+15
3.6807e+15
4.88272e+15
5.43653e+15
4.88349e+15
5.36847e+15
5.23573e+15
7.2402e+15
7.50127e+15
4.69896e+15
2.356e+15
8.95695e+14
5.10791e+14
1.60411e+15
1.3926e+15
1.60605e+15
