9.31176e+15
9.67666e+15
9.61921e+15
1.30097e+15
8.90604e+14
4.20734e+15
8.01036e+15
4.10747e+15
9.59166e+15
2.13774e+16
1.4928e+16
5.27191e+15
3.7405e+14
8.34263e+15
3.62465e+15
9.84253e+14
1.22979e+15
2.91644e+15
4.20368e+15
2.39744e+15
5.67688e+14
7.28995e+14
1.72928e+15
2.60539e+15
1.17205e+16
1.75853e+16
6.06096e+16
7.20718e+16
6.21691e+16
1.93295e+16
7.40665e+16
1.2457e+17
8.0878e+16
3.18128e+16
2.08795e+18
4.81885e+19
1.39759e+20
1.65058e+20
1.64773e+20
9.22434e+19
1.42094e+19
7.51463e+17
2.32286e+17
1.07662e+17
7.50897e+15
1.64027e+16
4.16412e+16
6.41006e+16
6.14334e+16
3.3475e+16
1.48025e+16
5.29703e+15
9.43956e+15
1.09347e+17
1.83231e+17
1.99373e+17
1.29061e+17
2.65273e+16
1.39922e+16
1.47261e+16
1.19418e+16
9.30691e+15
3.06747e+16
5.41145e+16
6.16603e+16
6.36977e+16
1.71275e+14
6.00676e+14
8.33368e+14
5.96561e+14
2.8339e+14
9.93398e+12
3.08924e+14
5.89359e+14
9.59166e+15
2.13774e+16
1.4928e+16
5.27191e+15
3.7405e+14
8.34263e+15
3.62465e+15
9.84253e+14
1.951e+15
1.80591e+15
1.29263e+15
6.66782e+14
4.78712e+14
8.53433e+14
1.33885e+15
1.77012e+15
2.02327e+15
1.19777e+15
4.19461e+14
1.42897e+14
4.16087e+13
1.79178e+14
6.44685e+13
7.59355e+13
3.64056e+13
7.60073e+22
3.96254e+13
5.30915e+13
2.28623e+14
3.79415e+14
6.80455e+14
1.04086e+15
6.07933e+14
1.03902e+14
1.21083e+14
4.07219e+13
1.38274e+13
1.38657e+14
6.39557e+14
7.31457e+14
2.99061e+14
6.36881e+13
1.88627e+14
3.36097e+14
3.81073e+14
5.70152e+14
9.74923e+14
8.1598e+14
3.17934e+14
1.03072e+14
5.85063e+13
1.51659e+14
7.40603e+13
1.36292e+14
2.34254e+14
4.40959e+14
4.27679e+14
4.45873e+14
1.6396e+14
8.02436e+14
1.18307e+15
1.11158e+15
3.10257e+14
5.08138e+13
3.50169e+14
5.23208e+14
5.0306e+14
5.547e+14
4.90054e+14
4.88669e+14
2.07574e+14
1.10891e+14
3.17654e+13
2.38447e+14
1.22979e+15
2.91644e+15
4.20368e+15
2.39744e+15
5.67688e+14
7.28995e+14
1.72928e+15
2.60539e+15
1.99277e+15
8.10463e+14
1.86122e+14
1.11575e+14
1.05057e+14
5.51243e+14
4.26156e+14
2.5386e+15
3.09775e+15
7.60048e+22
2.17259e+15
1.00866e+15
6.6137e+14
5.90227e+14
5.34903e+14
4.13818e+14
1.50319e+14
5.07293e+13
4.0346e+14
1.49992e+15
2.48559e+15
2.06339e+15
7.82278e+14
1.19133e+14
2.43145e+14
6.98361e+14
1.31555e+15
6.4268e+14
1.95617e+14
1.14527e+14
5.38472e+13
7.00939e+14
2.11658e+15
4.53512e+15
7.43741e+15
8.99865e+15
9.03734e+15
4.87269e+15
7.84548e+14
6.65601e+14
1.20354e+15
1.49659e+15
