4.8194e+15
6.24455e+15
5.91916e+15
5.22372e+15
5.05584e+15
9.93903e+15
1.4497e+16
1.51547e+16
1.7442e+16
1.79825e+16
1.9179e+16
2.13435e+16
1.69592e+16
7.31232e+15
1.18605e+15
9.63514e+14
4.97205e+15
3.86599e+16
1.7185e+17
3.3155e+17
3.48746e+17
2.66097e+17
1.3064e+17
2.59865e+16
1.19542e+15
1.18659e+15
5.05876e+15
2.4798e+16
4.50259e+16
5.28317e+16
1.67844e+16
1.59719e+16
1.46373e+16
7.58013e+22
2.74224e+18
4.72663e+19
1.42554e+20
1.68184e+20
1.6534e+20
9.59874e+19
1.38671e+19
2.05652e+17
1.16031e+15
5.72308e+15
2.34181e+16
5.04207e+16
4.71269e+16
3.05368e+16
1.07946e+16
8.38948e+14
4.89844e+14
3.87344e+15
2.65634e+16
9.54312e+16
1.47952e+17
1.44119e+17
9.07966e+16
1.98472e+16
1.80768e+15
3.99102e+15
2.11004e+15
9.33363e+15
4.61658e+16
8.78289e+16
8.61859e+16
4.84887e+16
3.56775e+14
7.58755e+14
3.03459e+15
5.33521e+15
3.1225e+15
1.58947e+14
1.6508e+15
4.07842e+15
4.42939e+15
2.35894e+15
1.33238e+15
7.69215e+14
7.5649e+14
1.5918e+15
1.57542e+15
1.28547e+15
7.73505e+16
1.69628e+17
3.21777e+17
3.63704e+17
2.97425e+17
2.51934e+17
1.94663e+17
1.31963e+17
1.93772e+15
2.43303e+15
3.66257e+15
2.03193e+15
5.19576e+14
9.25772e+16
7.7271e+14
1.02416e+15
3.1394e+14
7.60231e+22
2.7804e+15
3.70789e+15
3.81313e+15
4.71534e+15
3.54154e+15
1.38114e+15
5.80366e+18
6.3179e+17
6.45571e+17
4.95144e+17
3.02658e+17
1.62449e+17
1.00342e+17
9.4381e+16
1.32631e+15
5.81865e+14
1.84369e+14
1.0081e+15
3.57794e+15
3.68273e+15
1.33633e+15
4.37014e+13
8.126e+14
2.12984e+15
3.21176e+15
1.75233e+15
6.05657e+14
2.05852e+15
3.10026e+15
1.15246e+15
5.48778e+15
8.64337e+14
3.67442e+14
4.3298e+14
4.57978e+14
7.11971e+14
6.72122e+14
2.79959e+14
1.18541e+13
5.7541e+14
1.00266e+15
1.51244e+15
1.82723e+15
9.41558e+14
6.24287e+14
7.35649e+14
6.27095e+14
6.79149e+14
6.91719e+14
3.68207e+14
4.86987e+14
7.20284e+14
3.25652e+14
1.86378e+14
1.206e+14
1.3943e+14
2.08582e+14
9.16164e+14
1.74189e+15
1.83483e+15
2.12003e+15
1.38508e+15
4.20919e+14
5.11776e+14
7.90265e+14
7.60013e+22
5.86109e+14
6.59002e+14
3.88241e+14
1.05283e+14
3.52642e+13
1.35437e+14
5.80366e+18
6.3179e+17
6.45571e+17
4.95144e+17
3.02658e+17
1.62449e+17
1.00342e+17
9.4381e+16
1.80758e+15
1.95415e+15
1.05393e+15
2.44006e+14
3.4617e+14
4.7087e+14
8.74968e+14
1.46381e+15
1.11088e+15
7.83762e+14
5.41923e+14
1.66456e+14
5.12568e+13
5.00786e+13
7.58627e+13
2.53795e+14
1.30843e+14
5.46538e+13
