8.76313e+15
1.89374e+16
3.4263e+16
3.9695e+16
4.01684e+16
3.30778e+16
1.48803e+16
7.33439e+15
9.52519e+15
1.01296e+16
5.25469e+15
5.1328e+15
3.02022e+16
7.19969e+16
1.04986e+17
1.68505e+17
1.9947e+17
1.24707e+17
7.36921e+16
3.43005e+16
3.38041e+16
5.61557e+16
6.95968e+16
4.50813e+16
3.60001e+16
5.69879e+16
1.09527e+17
1.28816e+17
1.41797e+17
1.66474e+17
2.29146e+17
5.55912e+17
1.4643e+18
1.43509e+18
7.60892e+18
5.98751e+19
1.58513e+20
1.68678e+20
1.44258e+20
7.53212e+19
1.35398e+15
1.73645e+15
2.60085e+15
2.23701e+15
6.90008e+14
6.61245e+14
1.24395e+15
4.4706e+15
1.19904e+17
1.04791e+17
7.10778e+16
4.708e+16
4.05231e+16
2.33099e+16
7.22757e+15
5.57272e+15
1.91096e+16
7.13995e+16
1.30251e+17
1.49546e+17
7.86225e+16
4.1953e+16
3.03949e+16
1.68514e+16
9.44005e+15
8.25195e+15
8.90473e+14
4.10023e+14
2.06999e+14
1.00467e+14
5.32735e+12
2.55989e+13
1.73733e+14
7.7582e+14
1.60374e+15
2.81187e+15
3.14709e+15
1.37377e+15
1.34005e+14
6.13183e+13
5.33234e+14
7.36126e+14
7.22876e+14
1.8532e+15
1.49537e+15
5.82657e+14
1.45382e+14
5.0312e+13
5.57616e+12
5.2049e+14
1.52066e+15
2.31104e+15
1.60647e+15
5.81965e+14
1.17884e+15
1.94503e+15
1.0644e+15
3.26313e+13
1.4643e+18
1.43509e+18
7.60892e+18
5.98751e+19
1.58513e+20
1.68678e+20
1.44258e+20
7.53212e+19
1.75078e+13
6.64506e+12
1.12455e+13
4.10633e+13
9.44231e+12
2.00009e+13
9.31918e+13
4.07825e+14
9.15597e+14
1.45204e+15
1.8944e+15
2.25065e+15
2.20621e+15
1.48852e+15
5.92459e+14
4.63281e+14
8.30683e+14
7.38341e+14
3.45274e+14
4.60661e+14
1.07733e+15
2.04697e+15
2.99833e+15
3.01079e+15
9.60501e+14
2.74622e+14
1.06854e+15
6.40639e+14
2.54895e+14
4.09582e+13
4.65307e+13
8.61604e+14
2.58587e+15
2.42343e+15
1.19906e+15
3.80916e+14
9.09941e+14
1.48637e+15
9.46441e+14
1.75393e+15
2.78475e+15
3.03848e+15
3.05789e+15
1.82325e+15
1.04818e+15
1.6861e+15
1.9261e+15
1.08564e+15
8.44079e+14
5.19608e+14
1.11764e+15
2.72461e+15
2.34336e+15
1.48385e+15
1.4744e+15
1.39047e+15
3.69221e+14
1.55698e+15
1.4643e+18
1.43509e+18
7.60892e+18
5.98751e+19
1.58513e+20
1.68678e+20
1.44258e+20
7.53212e+19
1.35398e+15
1.73645e+15
2.60085e+15
2.23701e+15
6.90008e+14
6.61245e+14
1.24395e+15
4.4706e+15
5.85373e+15
3.3404e+15
1.40066e+15
4.46348e+14
1.43978e+14
6.06303e+14
2.87279e+15
6.6377e+15
6.02729e+15
1.55267e+15
1.07049e+15
4.31206e+15
1.04568e+16
1.14214e+16
7.1762e+15
3.22975e+15
9.60501e+14
2.74622e+14
