1.00675e+16
2.00587e+16
3.12993e+16
3.55324e+16
3.19158e+16
2.08466e+16
1.69409e+16
1.09548e+16
3.51248e+15
1.51398e+15
4.86291e+14
1.04032e+15
4.89185e+15
3.80684e+15
1.23262e+15
2.95894e+15
5.10034e+16
1.22307e+17
1.14451e+17
1.03369e+17
9.43192e+16
4.23341e+16
2.52969e+16
2.02943e+16
2.81832e+16
1.57569e+16
1.69583e+16
7.53348e+16
1.90758e+17
4.58704e+17
3.60514e+17
4.72382e+17
3.23514e+17
7.55674e+22
3.68257e+18
5.08838e+19
1.48167e+20
1.68962e+20
1.57921e+20
8.86603e+19
1.23663e+19
6.52974e+17
3.69892e+17
3.45683e+17
2.54492e+17
1.43834e+17
7.94898e+16
3.13379e+16
1.4538e+16
2.85876e+16
4.9532e+16
4.38351e+16
1.58341e+16
1.69192e+16
6.30744e+16
1.2071e+17
1.31045e+17
1.25884e+17
8.27166e+16
2.18569e+16
1.14324e+15
1.66558e+15
1.50776e+15
8.39424e+14
4.21805e+15
7.70369e+15
1.35823e+14
1.35942e+14
4.57777e+14
9.4682e+14
1.40783e+15
1.29568e+15
7.95862e+14
7.04254e+14
6.51708e+14
4.37218e+14
5.10952e+14
6.85327e+14
9.94142e+14
1.61779e+15
1.67856e+15
1.92707e+15
2.29471e+15
2.67406e+15
3.16578e+15
2.17962e+15
1.17582e+15
8.46749e+14
5.69275e+14
4.96796e+14
5.72953e+14
5.18459e+14
3.52531e+14
2.48218e+14
1.56044e+14
2.51826e+14
2.9839e+14
2.56433e+13
1.38263e+14
7.60074e+22
9.4749e+14
2.1548e+15
1.96264e+15
6.09822e+14
1.03661e+14
9.23152e+12
1.23663e+19
6.52974e+17
3.69892e+17
3.45683e+17
2.54492e+17
1.43834e+17
7.94898e+16
3.13379e+16
7.60894e+14
1.26072e+15
9.63334e+14
5.75078e+14
2.70469e+14
3.20358e+14
3.03723e+14
4.91131e+14
9.06175e+14
7.56964e+14
4.79022e+14
8.29276e+14
8.24967e+14
5.18052e+14
4.81183e+14
4.98019e+14
3.97805e+14
5.65085e+14
6.66047e+14
8.00298e+14
1.69559e+15
3.00701e+15
3.4588e+15
3.97041e+15
4.42873e+15
3.37282e+15
1.76929e+15
7.02416e+14
6.73643e+14
5.08067e+14
3.15491e+14
1.40818e+14
8.85202e+13
2.57522e+14
1.00008e+15
1.95004e+15
1.23223e+15
1.95927e+14
4.36631e+14
1.93704e+15
3.80494e+15
4.03505e+15
3.16258e+15
1.5637e+15
1.34961e+14
3.41302e+14
1.13874e+16
9.55046e+15
4.99456e+15
4.48689e+15
2.75747e+15
7.60085e+22
2.33571e+15
1.21985e+15
4.18586e+14
3.92873e+13
3.35137e+14
1.94166e+15
4.39343e+15
4.87857e+15
3.32368e+15
2.56797e+15
1.9418e+15
1.29271e+15
1.4126e+15
1.67161e+15
2.93499e+15
2.95731e+15
1.79199e+15
1.68818e+15
1.05895e+15
1.87913e+14
2.84739e+14
5.18147e+14
6.16509e+14
8.63277e+14
1.15158e+15
1.82457e+15
1.9041e+15
1.71242e+15
2.18886e+15
2.40271e+15
2.63843e+14
2.91473e+14
