8.6251e+15
5.22829e+15
4.9234e+15
3.09179e+15
6.14073e+14
3.09713e+14
1.26489e+14
1.97791e+14
4.61168e+14
1.81403e+15
8.87423e+14
6.00049e+13
1.21052e+14
4.26543e+14
2.11432e+15
1.0272e+16
1.14101e+17
2.14361e+17
2.77914e+17
3.32684e+17
2.04693e+17
8.65138e+16
7.74833e+16
6.07423e+16
2.10964e+16
1.59527e+16
1.00277e+16
2.34367e+15
3.66678e+15
3.59006e+16
9.63852e+15
3.55252e+15
9.37002e+15
8.35178e+15
1.20803e+18
3.73295e+19
1.2984e+20
1.66074e+20
1.72232e+20
1.08223e+20
2.0137e+19
6.88541e+17
6.53564e+15
1.99511e+16
9.66276e+15
7.62084e+15
6.27406e+13
9.09395e+15
2.90365e+15
2.14655e+15
2.71019e+15
1.90042e+15
1.17733e+16
1.88943e+16
4.54668e+16
1.37763e+17
1.78587e+17
1.36531e+17
1.0946e+17
5.35104e+16
3.59673e+16
2.88542e+16
6.53104e+15
5.75029e+14
2.95834e+14
1.48547e+14
2.1453e+13
2.01001e+13
1.40724e+14
2.8089e+14
6.51854e+14
8.15644e+14
6.37646e+14
6.33395e+14
1.34546e+15
2.33146e+15
2.53854e+15
1.96443e+15
1.36285e+15
5.16452e+14
8.28267e+13
4.95111e+14
7.80433e+14
3.7077e+14
1.42071e+13
6.09721e+14
1.15609e+15
7.87825e+14
1.37761e+14
4.4896e+13
1.86813e+14
3.08485e+14
2.94475e+14
1.05959e+14
2.15559e+13
9.63264e+13
9.56682e+14
5.19081e+14
1.70533e+14
7.60076e+22
4.12691e+14
9.22442e+14
1.44391e+15
1.05222e+15
5.43531e+14
5.36104e+14
5.44568e+14
1.24079e+14
5.87507e+13
5.90389e+14
1.73745e+15
1.43643e+15
3.16801e+14
2.86959e+13
1.72371e+14
1.21915e+15
1.99617e+15
2.54991e+15
2.65045e+15
1.99359e+15
1.12308e+15
8.18122e+14
5.76626e+14
3.44678e+14
2.56939e+14
8.46435e+13
1.60371e+13
5.63925e+13
2.14231e+14
5.22924e+14
2.95834e+14
1.48547e+14
1.04159e+15
9.9823e+14
1.05802e+15
1.01398e+15
1.10013e+15
1.05517e+15
5.12897e+14
1.88053e+14
2.07294e+14
4.40123e+14
7.6381e+14
1.40969e+15
2.51626e+15
4.17204e+15
4.73239e+15
5.46424e+15
6.89174e+15
4.9209e+15
1.7653e+15
8.21184e+14
4.45258e+14
3.9045e+14
9.53278e+14
2.33543e+15
3.04889e+15
1.98428e+15
1.83537e+15
2.06404e+15
1.33593e+15
1.71561e+15
9.65558e+14
2.73361e+15
5.69159e+15
7.60186e+22
8.38625e+15
9.96643e+15
9.44562e+15
5.96436e+15
3.60311e+15
2.00043e+15
5.11521e+14
3.68716e+14
6.87431e+14
4.3634e+14
1.63282e+14
6.86775e+14
4.14272e+14
5.47735e+13
2.26134e+14
5.58519e+14
2.45163e+14
1.4097e+14
4.79396e+14
1.80878e+15
2.41055e+15
1.1344e+15
2.96891e+14
9.68492e+13
5.59965e+14
1.96677e+15
5.16021e+15
7.55219e+15
6.14436e+15
6.11871e+15
2.95834e+14
1.48547e+14
