1.29897e+15
1.5236e+15
1.90098e+15
3.70365e+15
5.16921e+15
2.86819e+15
7.64178e+14
9.13747e+13
4.14899e+16
3.25385e+16
2.4956e+16
7.42999e+15
1.31808e+15
1.73985e+16
4.50829e+16
1.03536e+17
1.78001e+17
2.63161e+17
2.64536e+17
7.78018e+16
1.07921e+14
3.02139e+16
1.10395e+17
1.66906e+17
1.1892e+17
2.0692e+17
3.0747e+17
3.71349e+17
4.88337e+17
7.19378e+17
1.17478e+18
1.9261e+18
2.75568e+18
2.62926e+18
9.68789e+18
7.39971e+19
1.54494e+20
1.6053e+20
1.45753e+20
6.34473e+19
1.37852e+15
1.8262e+15
1.11479e+15
2.93852e+14
1.27979e+14
8.8354e+14
4.78614e+14
8.10397e+12
3.00213e+17
1.90246e+17
8.28496e+16
7.65993e+16
5.353e+16
3.73432e+16
3.6899e+16
7.88574e+16
1.62225e+17
1.53064e+17
8.25001e+16
3.03762e+16
7.71076e+15
3.66176e+14
2.21041e+15
6.66494e+15
1.2216e+15
3.60864e+15
7.7224e+13
6.6138e+14
4.21217e+15
1.00945e+16
1.83635e+16
3.09702e+16
3.8733e+16
4.05406e+16
4.41513e+16
5.38701e+16
6.84433e+16
7.81711e+16
8.22706e+16
7.79007e+16
6.58842e+16
5.1581e+16
3.90362e+16
2.52913e+16
1.63585e+16
1.5496e+16
1.81143e+16
1.62535e+16
9.20426e+15
3.42496e+15
1.52975e+15
1.91934e+15
3.82059e+15
8.50142e+15
1.36483e+16
2.19755e+16
1.42834e+16
2.6408e+16
2.75568e+18
2.62926e+18
9.68789e+18
7.39971e+19
1.54494e+20
1.6053e+20
1.45753e+20
6.34473e+19
4.12058e+16
4.50577e+16
4.07556e+16
2.80233e+16
1.86738e+16
1.05712e+16
5.47401e+15
3.02243e+15
8.0608e+14
6.8265e+14
1.90065e+15
7.49205e+15
2.14511e+16
3.53187e+16
3.53142e+16
3.06182e+16
3.50391e+16
4.53457e+16
5.12232e+16
5.97635e+16
6.85081e+16
7.37456e+16
7.1647e+16
6.3765e+16
4.69517e+16
3.1759e+16
1.29897e+15
1.5236e+15
1.90098e+15
3.70365e+15
5.16921e+15
2.86819e+15
7.64178e+14
9.13747e+13
2.08076e+12
5.09526e+13
2.93311e+14
3.20348e+14
1.14213e+14
2.22534e+14
1.28383e+15
1.5609e+15
8.15777e+14
1.2474e+14
1.08293e+15
1.55011e+15
1.07744e+15
1.74942e+14
8.1587e+14
2.46121e+15
2.89201e+15
2.87493e+15
2.35961e+15
1.98194e+15
1.57439e+15
1.21282e+15
3.79034e+14
8.51444e+13
3.27313e+14
7.60064e+22
1.18796e+15
1.2845e+15
1.63423e+15
1.47283e+15
7.46294e+14
5.58697e+14
1.37852e+15
1.8262e+15
1.11479e+15
2.93852e+14
1.27979e+14
8.8354e+14
4.78614e+14
8.10397e+12
9.64243e+14
2.25929e+15
3.28721e+15
2.0295e+15
3.58587e+14
7.50718e+13
9.77342e+13
8.05186e+14
1.54856e+15
1.44441e+15
6.86349e+14
2.44543e+14
3.93096e+14
1.20849e+15
7.36019e+14
5.14343e+14
1.2216e+15
3.60864e+15
