1.65809e+15
2.18658e+15
1.83499e+15
1.85242e+15
3.48876e+14
1.20411e+15
3.4314e+15
1.48944e+15
2.55482e+15
8.26558e+15
1.64235e+16
2.60252e+16
2.70576e+16
2.44148e+16
2.54089e+16
8.87058e+16
2.06837e+17
2.60847e+17
2.93622e+17
2.36928e+17
9.80736e+16
7.14482e+16
1.21752e+17
1.56944e+17
2.07901e+17
2.82451e+17
3.35213e+17
3.59096e+17
4.06453e+17
2.75746e+17
2.98453e+18
1.76925e+18
2.18469e+18
7.55753e+22
9.60808e+18
6.63357e+19
1.54115e+20
1.60405e+20
1.39343e+20
6.51105e+19
9.29153e+18
3.97336e+18
2.40569e+18
1.62796e+18
1.03131e+18
6.04073e+17
4.64089e+17
3.77967e+17
2.4735e+17
1.37532e+17
9.51958e+16
9.30769e+16
9.00823e+16
8.70477e+16
1.23657e+17
2.72338e+17
3.52081e+17
2.6797e+17
2.0509e+17
8.47539e+16
3.39499e+15
1.03203e+15
5.3203e+13
2.0457e+14
3.43436e+15
1.67707e+16
1.25539e+14
2.2791e+14
2.57098e+14
1.59972e+14
8.45011e+13
1.07488e+15
1.68766e+15
1.4016e+15
8.18874e+14
4.29442e+14
2.2471e+14
1.12361e+14
3.32988e+13
2.43227e+14
1.5595e+15
3.09041e+15
3.57611e+15
3.48585e+15
2.46504e+15
9.18518e+14
1.50427e+14
8.62823e+13
2.54815e+14
4.172e+14
4.71581e+14
3.89715e+14
2.39682e+14
2.09316e+13
1.13408e+14
5.23147e+14
5.9379e+14
9.96592e+14
1.25819e+15
7.60194e+22
1.11455e+15
5.24726e+14
1.63369e+14
3.20691e+14
4.78365e+14
3.76642e+14
1.43302e+14
3.92917e+14
1.20946e+15
1.89726e+15
2.30971e+15
1.56229e+15
4.26856e+14
2.95679e+13
2.34809e+13
1.08445e+13
4.98186e+13
3.79098e+14
1.07197e+15
1.17749e+15
6.24505e+14
3.14724e+14
1.18529e+14
7.35912e+13
1.75321e+14
1.76571e+14
2.40343e+14
4.47827e+14
7.03969e+14
1.03796e+15
1.53901e+15
1.68709e+15
5.37835e+14
2.78356e+13
4.88546e+14
5.64443e+14
1.68484e+14
8.31071e+12
4.59989e+13
9.91263e+13
5.46467e+13
5.15414e+14
8.64537e+14
1.19477e+15
1.28451e+15
1.08998e+15
9.88828e+14
1.14285e+15
1.2404e+15
1.41102e+15
1.27345e+15
1.11424e+15
1.19866e+15
5.80296e+14
5.65871e+13
4.07072e+14
1.27649e+15
1.53576e+15
1.50445e+15
2.94697e+15
4.8161e+15
5.48852e+15
3.12328e+15
6.57926e+15
5.90842e+15
5.0071e+15
4.23886e+15
2.53008e+15
1.05848e+15
3.39463e+14
3.7389e+14
1.01652e+15
2.0907e+15
2.16417e+15
9.7038e+14
6.42192e+14
5.60563e+14
1.76659e+14
9.5702e+13
2.08967e+14
1.04365e+14
1.8225e+14
5.08121e+14
3.41444e+14
5.56673e+14
2.38618e+15
6.42596e+15
9.51144e+15
8.57722e+15
7.98745e+15
7.73532e+15
6.14826e+15
4.25432e+15
3.05106e+15
3.05235e+15
3.81786e+15
3.20837e+15
1.7176e+15
