8.50386e+15
8.8007e+15
5.75511e+15
2.15594e+15
2.98797e+15
3.97156e+15
6.16884e+15
8.38897e+15
1.23273e+16
1.78943e+16
1.04001e+16
6.18665e+15
1.75041e+16
1.52115e+16
1.11404e+16
4.09452e+16
7.83558e+16
1.62223e+17
1.6054e+17
1.20406e+17
1.37759e+17
1.47899e+17
1.45907e+17
1.9425e+17
2.50921e+17
2.80748e+17
3.25159e+17
3.56029e+17
4.53794e+17
6.48739e+17
7.69693e+17
9.50633e+17
1.64113e+18
7.62514e+22
1.24046e+19
7.04763e+19
1.61779e+20
1.66677e+20
1.39316e+20
6.4291e+19
6.29118e+18
3.68326e+18
2.11885e+18
1.24049e+18
8.39538e+17
6.07278e+17
4.03168e+17
2.3407e+17
1.53493e+17
1.01532e+17
7.73613e+16
6.37602e+16
3.6664e+16
2.63907e+16
3.91701e+16
6.09053e+16
1.18124e+17
1.61217e+17
9.29161e+16
3.89956e+16
1.19242e+16
1.23549e+16
1.40195e+16
3.63812e+15
4.18309e+15
4.18827e+15
1.25539e+14
2.2791e+14
2.57098e+14
1.59972e+14
8.45011e+13
1.07488e+15
1.68766e+15
1.4016e+15
8.18874e+14
4.29442e+14
2.2471e+14
1.12361e+14
3.32988e+13
2.43227e+14
1.5595e+15
3.09041e+15
3.57611e+15
3.48585e+15
2.46504e+15
9.18518e+14
1.50427e+14
8.62823e+13
2.54815e+14
4.172e+14
4.71581e+14
3.89715e+14
2.39682e+14
2.09316e+13
1.13408e+14
5.23147e+14
5.9379e+14
9.96592e+14
1.25819e+15
7.60194e+22
1.11455e+15
5.24726e+14
1.63369e+14
3.20691e+14
4.78365e+14
3.76642e+14
1.43302e+14
3.92917e+14
1.20946e+15
1.89726e+15
2.30971e+15
1.56229e+15
4.26856e+14
2.95679e+13
2.34809e+13
1.08445e+13
4.98186e+13
3.79098e+14
1.07197e+15
1.17749e+15
6.24505e+14
3.14724e+14
1.18529e+14
7.35912e+13
1.75321e+14
1.76571e+14
2.40343e+14
4.47827e+14
7.03969e+14
1.03796e+15
1.53901e+15
1.68709e+15
1.93526e+14
6.54972e+14
1.36231e+15
1.39455e+15
6.7209e+14
1.40551e+14
1.1083e+13
1.47038e+14
3.45476e+14
2.49637e+14
1.18387e+14
7.68955e+13
1.34872e+15
3.31903e+15
3.63549e+15
3.85128e+15
3.71192e+15
2.22567e+15
8.70434e+14
8.83642e+14
2.85008e+15
4.15563e+15
4.00768e+15
3.56649e+15
4.71489e+15
6.68261e+15
6.73307e+15
4.12447e+15
1.56783e+15
2.7799e+14
1.0883e+15
2.08054e+15
3.51638e+15
7.60133e+22
2.88542e+15
2.93067e+15
3.4537e+15
3.80939e+15
3.30856e+15
3.29562e+15
2.20025e+15
9.49387e+14
1.18186e+15
2.29284e+15
3.09722e+15
3.33641e+15
2.81226e+15
2.93378e+15
4.75879e+15
4.22852e+15
1.69504e+15
3.68681e+14
9.31797e+14
1.9116e+15
2.91088e+15
1.88218e+15
5.3033e+14
1.50621e+15
2.86385e+15
4.91192e+15
6.76621e+15
5.42055e+15
3.29288e+15
1.95105e+15
1.40372e+15
4.43373e+15
