3.24194e+16
1.79067e+16
1.03142e+16
1.33675e+16
3.83672e+15
1.30324e+15
9.27091e+14
1.30896e+15
6.86876e+15
1.32046e+16
3.79966e+16
9.70348e+16
1.33676e+17
1.26957e+17
1.74256e+17
1.49276e+17
7.6459e+14
1.38663e+15
2.96453e+15
3.99829e+15
3.46134e+15
3.20924e+15
3.17041e+15
3.20321e+15
9.87119e+16
5.28523e+16
4.05545e+16
7.26747e+16
1.39933e+17
3.36712e+17
5.25865e+17
1.04295e+18
2.82982e+18
7.6448e+22
1.56452e+19
9.17498e+19
1.73628e+20
1.61867e+20
1.30427e+20
4.79854e+19
2.19516e+18
2.38326e+18
1.49272e+18
4.39854e+17
1.8815e+17
7.03095e+16
7.55344e+15
2.35641e+16
5.28485e+16
8.43283e+16
1.19466e+17
9.44774e+16
7.89301e+16
1.1609e+17
1.77729e+17
1.53755e+17
8.86338e+16
4.58103e+16
4.18082e+16
1.15025e+17
1.15783e+17
7.9197e+16
5.69988e+16
1.91608e+16
1.82735e+15
2.98954e+14
7.85344e+14
5.45496e+13
1.09717e+14
7.88524e+13
2.08683e+14
4.91792e+14
1.09597e+15
6.85858e+14
1.95483e+14
1.57708e+14
8.51855e+13
6.69688e+13
4.28584e+13
6.44078e+13
1.1755e+13
1.57358e+14
5.24632e+14
8.99012e+14
5.51839e+14
1.31324e+14
9.36189e+14
1.55919e+15
1.95255e+15
1.64507e+15
1.08174e+15
1.306e+15
7.28588e+14
2.807e+14
4.28707e+12
5.96692e+14
4.02362e+14
2.56694e+14
6.73915e+14
7.60129e+22
1.50121e+15
1.84333e+15
1.62963e+15
1.29478e+15
1.10871e+15
6.58798e+14
4.75317e+14
4.35568e+14
1.21154e+15
2.20105e+15
2.63928e+15
3.18808e+15
2.52565e+15
1.78404e+15
1.28149e+15
7.22872e+14
3.70613e+14
2.96253e+14
3.17346e+14
1.98687e+14
4.1704e+14
4.36593e+14
4.13498e+14
1.21682e+14
1.26488e+13
9.41916e+13
5.22567e+14
1.18654e+15
1.28616e+15
1.70647e+15
1.92824e+15
2.16638e+15
2.53288e+15
1.59329e+15
3.22573e+14
6.74854e+13
2.63575e+14
1.10248e+15
2.19687e+15
3.30287e+15
3.21211e+15
1.81174e+15
7.3741e+14
7.73984e+13
1.78701e+14
2.10683e+14
1.61931e+14
3.23156e+14
7.6459e+14
1.38663e+15
2.96453e+15
3.99829e+15
3.46134e+15
3.20924e+15
3.17041e+15
3.20321e+15
2.80226e+15
1.77354e+15
8.50286e+14
2.38447e+13
1.57931e+15
2.3167e+15
3.45741e+15
4.28853e+15
1.21775e+15
7.60116e+22
1.94591e+15
1.81975e+15
6.67554e+14
7.40617e+12
2.65314e+14
6.27426e+14
9.30855e+14
1.00102e+15
1.61528e+15
2.5025e+15
4.80012e+15
7.06415e+15
7.75008e+15
8.54794e+15
7.80702e+15
6.08651e+15
4.80307e+15
2.9512e+15
1.50765e+15
1.76124e+15
2.76721e+15
5.1491e+15
5.80528e+15
6.58642e+15
7.46978e+15
6.58945e+15
6.28112e+15
5.20201e+15
4.08851e+15
5.77346e+15
1.10521e+17
1.07875e+17
