6.79265e+15
7.85631e+15
6.99554e+15
6.94084e+15
6.84452e+15
8.12271e+15
1.00602e+16
8.49723e+15
6.56395e+15
3.33699e+15
8.37167e+14
4.90198e+14
1.68643e+15
9.32845e+15
1.89291e+16
2.26932e+16
5.57782e+16
1.98471e+17
2.83248e+17
2.63949e+17
1.87711e+17
7.92066e+16
4.88373e+16
3.28503e+16
2.25864e+16
1.82525e+16
1.18696e+16
5.30471e+15
1.73053e+16
5.62176e+14
1.04517e+15
2.46959e+15
1.39806e+16
7.60014e+22
1.29746e+18
3.59115e+19
1.31648e+20
1.67834e+20
1.70591e+20
1.11509e+20
2.03483e+19
5.76341e+17
1.07409e+16
3.63947e+15
2.34107e+15
8.80091e+14
8.50314e+14
1.50321e+15
1.76405e+15
2.24709e+15
3.42678e+15
2.56384e+15
8.24239e+15
1.73808e+16
3.2253e+16
9.09858e+16
1.25102e+17
1.22835e+17
5.70743e+16
2.44936e+16
4.06399e+16
3.78672e+16
1.9472e+16
6.51979e+15
3.36091e+15
1.52034e+15
4.64307e+14
6.1095e+14
7.46053e+14
6.267e+14
5.54942e+14
5.63233e+14
5.14132e+14
5.91892e+14
7.02151e+14
5.26412e+14
2.90064e+14
6.32427e+13
1.84464e+13
4.00147e+13
7.18953e+13
9.69714e+13
3.11353e+14
5.26955e+14
2.43633e+14
1.45113e+14
1.15865e+15
1.80045e+15
1.13109e+15
4.20097e+14
1.33451e+14
2.43499e+13
9.80943e+13
2.98642e+14
6.47752e+14
1.20967e+15
1.37732e+15
1.08078e+15
3.22205e+14
7.60026e+22
4.81047e+14
1.18323e+15
1.26631e+15
9.71615e+14
6.74248e+14
4.84484e+14
4.1651e+14
5.12677e+14
5.62886e+14
4.79363e+14
3.784e+14
2.28829e+14
1.23348e+14
2.06392e+14
5.52349e+14
7.16783e+14
2.27613e+14
2.4868e+13
5.06101e+14
8.37201e+14
4.40421e+14
1.50221e+14
1.08165e+14
1.48569e+14
2.93809e+14
7.85952e+14
1.18818e+15
1.18271e+15
7.08066e+14
1.47109e+14
1.05721e+15
5.93771e+14
4.19507e+15
4.93546e+15
6.51959e+15
6.79836e+15
5.07809e+15
3.81107e+15
3.56831e+15
3.3151e+15
3.73796e+15
5.79296e+15
1.02367e+16
1.4453e+16
1.52827e+16
1.4696e+16
1.36729e+16
1.09067e+16
8.22071e+15
7.40373e+15
5.88013e+15
4.47234e+15
5.41673e+15
6.29398e+15
6.47083e+15
7.42361e+15
8.4563e+15
8.73491e+15
9.66814e+15
1.21195e+16
1.35001e+16
1.2737e+16
8.92514e+15
6.94648e+15
4.25452e+15
7.60232e+22
2.61721e+15
2.65585e+15
4.39887e+15
9.10466e+15
1.30925e+16
1.30834e+16
1.17156e+16
1.0053e+16
8.57294e+15
9.3602e+15
9.19357e+15
8.13419e+15
9.11993e+15
1.17372e+16
1.28134e+16
1.29394e+16
1.17833e+16
9.2146e+15
6.56686e+15
6.57679e+15
9.74609e+15
1.3645e+16
1.60936e+16
1.67541e+16
1.06935e+16
5.72416e+15
7.22971e+15
8.16146e+15
8.04538e+15
1.04146e+16
1.21468e+16
1.49943e+16
