2.71562e+15
5.37058e+15
4.54573e+15
2.12046e+15
5.14765e+15
1.26407e+16
2.79204e+16
3.37251e+16
3.24271e+16
2.44125e+16
7.21887e+15
1.30561e+16
4.10796e+16
6.58116e+16
7.31516e+16
1.36563e+17
2.1533e+17
1.80332e+17
4.94333e+16
1.29472e+16
2.04771e+16
2.21173e+16
2.45656e+16
8.10274e+16
1.36514e+17
2.00074e+17
1.63226e+17
2.94756e+16
2.19536e+16
1.96457e+17
4.01529e+17
4.37476e+17
3.92519e+17
2.01995e+17
4.27247e+18
5.91573e+19
1.51808e+20
1.65429e+20
1.543e+20
7.86154e+19
8.92503e+18
1.99398e+17
6.04378e+17
8.80145e+17
7.13439e+17
4.12081e+17
9.03464e+16
2.65809e+16
1.15505e+17
1.62254e+17
1.00562e+17
5.07415e+16
3.04275e+16
5.88305e+16
5.29696e+16
2.01147e+16
1.71522e+16
7.76519e+16
1.73165e+17
1.7095e+17
9.10425e+16
6.80093e+16
5.77594e+16
2.28043e+16
8.75213e+14
2.86305e+14
8.68101e+14
8.70318e+14
7.30811e+14
1.40407e+14
8.66305e+13
1.37313e+14
3.41222e+14
6.74645e+14
1.01488e+15
7.37692e+14
6.67746e+14
1.61627e+15
1.49165e+15
7.92832e+14
3.79633e+14
4.31877e+14
2.1533e+17
1.80332e+17
4.94333e+16
1.29472e+16
2.04771e+16
2.21173e+16
2.45656e+16
8.10274e+16
1.36514e+17
2.00074e+17
1.63226e+17
2.94756e+16
2.19536e+16
1.96457e+17
4.01529e+17
4.37476e+17
1.46925e+15
7.6021e+22
2.45783e+15
2.01344e+15
9.67183e+14
1.12709e+14
1.58771e+14
3.90277e+14
4.04103e+14
5.66203e+14
9.28672e+14
9.59442e+14
6.18601e+14
5.35217e+14
1.52132e+14
1.60426e+12
7.27477e+13
2.07866e+14
8.1378e+14
1.82454e+15
1.67842e+15
1.51292e+15
1.30297e+15
1.05869e+15
1.0495e+15
5.75769e+14
1.13602e+14
2.4909e+13
5.78825e+13
7.02437e+13
1.52439e+14
2.11397e+14
8.75213e+14
2.86305e+14
4.77576e+14
3.09206e+14
1.69084e+14
1.1142e+15
1.00118e+15
1.04396e+15
5.98302e+14
1.93694e+14
1.31312e+15
3.82747e+15
5.47407e+15
3.39693e+15
7.2517e+14
6.68944e+13
4.99237e+13
2.65318e+13
2.47459e+15
2.33623e+15
2.47047e+15
2.66444e+15
3.31434e+15
3.50796e+15
3.61679e+15
5.3207e+15
7.98415e+14
2.62559e+14
4.07319e+14
1.45694e+15
2.90501e+15
1.09433e+17
8.32706e+14
8.55986e+14
6.29725e+14
3.50113e+14
1.97078e+14
5.35965e+14
1.42707e+15
1.28143e+15
4.61604e+14
3.38302e+14
4.13996e+14
3.13312e+15
7.9116e+15
1.07537e+16
9.64411e+15
4.74306e+15
1.39387e+15
8.15722e+14
7.73655e+14
1.02704e+15
2.14305e+15
2.16893e+15
7.38985e+14
2.2627e+14
3.16929e+14
8.60793e+14
6.32594e+14
8.16459e+13
2.62259e+14
9.22821e+14
2.86682e+15
4.9517e+15
4.57261e+15
1.75478e+15
8.75213e+14
2.86305e+14
