6.79265e+15
7.85631e+15
6.99554e+15
6.94084e+15
6.84452e+15
8.12271e+15
1.00602e+16
8.49723e+15
6.56395e+15
3.33699e+15
8.37167e+14
4.90198e+14
1.68643e+15
9.32845e+15
1.89291e+16
2.26932e+16
5.57782e+16
1.98471e+17
2.83248e+17
2.63949e+17
1.87711e+17
7.92066e+16
4.88373e+16
3.28503e+16
2.25864e+16
1.82525e+16
1.18696e+16
5.30471e+15
1.73053e+16
5.62176e+14
1.04517e+15
2.46959e+15
1.39806e+16
7.60014e+22
1.29746e+18
3.59115e+19
1.31648e+20
1.67834e+20
1.70591e+20
1.11509e+20
2.03483e+19
5.76341e+17
1.07409e+16
3.63947e+15
2.34107e+15
8.80091e+14
8.50314e+14
1.50321e+15
1.76405e+15
2.24709e+15
3.42678e+15
2.56384e+15
8.24239e+15
1.73808e+16
3.2253e+16
9.09858e+16
1.25102e+17
1.22835e+17
5.70743e+16
2.44936e+16
4.06399e+16
3.78672e+16
1.9472e+16
6.51979e+15
3.36091e+15
1.52034e+15
8.58442e+14
8.38721e+13
2.49877e+14
4.70253e+14
1.41154e+14
5.77082e+13
3.50867e+14
1.51472e+15
1.59785e+15
7.01419e+14
1.60537e+14
1.35824e+14
1.95358e+14
7.4277e+13
2.63342e+14
1.66794e+15
4.20425e+15
4.9269e+15
2.92853e+15
6.90493e+14
5.50991e+12
2.34154e+14
5.98871e+14
1.09364e+15
1.39195e+15
7.87133e+14
2.63013e+13
1.601e+15
2.59385e+15
1.77264e+15
4.56977e+14
3.28207e+14
5.65145e+14
3.85311e+14
4.71655e+14
1.12311e+14
8.03211e+14
1.5884e+15
6.78065e+14
6.36345e+14
1.8299e+15
2.62972e+15
2.29735e+15
1.4155e+15
1.34763e+15
1.60046e+15
1.37425e+15
1.5094e+15
1.0378e+15
3.64591e+14
4.43195e+12
4.0634e+14
6.89837e+14
6.36432e+14
3.93886e+14
1.01817e+14
4.103e+13
2.10789e+14
1.41745e+14
1.2842e+12
3.25795e+14
7.49348e+14
1.31701e+15
2.56913e+15
2.16548e+15
1.38883e+15
1.39491e+15
1.41376e+15
9.41442e+14
1.98513e+14
1.69789e+14
5.60496e+14
7.44144e+14
1.10785e+14
6.75571e+14
1.67837e+15
4.68726e+15
6.26172e+15
3.95362e+15
1.59195e+15
1.09494e+14
6.92786e+14
2.11677e+15
3.22278e+15
4.33661e+15
2.42661e+15
5.20636e+14
6.72202e+14
2.85763e+15
4.94381e+15
5.10308e+15
4.5154e+15
3.04145e+15
1.22084e+15
1.23619e+15
1.20198e+16
1.10817e+16
1.24915e+16
1.35053e+16
7.60347e+22
1.02083e+16
6.26096e+15
5.24928e+15
5.42646e+15
5.30625e+15
3.73315e+15
2.60637e+15
2.00148e+15
2.5488e+15
4.65752e+15
5.93997e+15
7.17038e+15
7.78679e+15
4.23376e+15
2.41786e+15
9.74732e+14
3.71007e+14
6.5089e+14
3.64408e+14
2.1188e+14
3.78347e+14
5.18114e+14
5.32491e+14
1.92923e+15
4.85452e+15
5.62901e+15
6.23821e+15
5.06093e+15
2.603e+15
1.39356e+15
4.13615e+14
6.53557e+13
