3.30444e+15
1.78905e+15
1.05095e+15
3.15266e+14
1.32248e+15
2.80952e+15
3.04698e+15
8.6177e+15
1.86059e+16
2.39647e+16
3.47302e+16
2.62862e+16
1.23744e+16
3.64649e+15
2.6022e+15
2.58148e+16
2.20066e+16
9.81405e+15
4.45444e+16
1.56199e+17
2.16279e+17
1.69471e+17
1.21082e+17
8.88849e+16
5.46642e+16
3.72711e+16
5.07527e+16
4.25071e+16
7.10384e+15
1.13503e+15
1.21843e+24
2.68746e+16
3.90145e+16
7.57805e+22
2.9448e+18
4.84342e+19
1.44665e+20
1.67219e+20
1.60224e+20
9.10336e+19
1.23426e+19
8.40508e+16
3.169e+16
2.09766e+16
6.9296e+15
3.75803e+14
3.84885e+15
4.81709e+14
5.64378e+15
3.94538e+15
3.62299e+15
1.30447e+16
3.19997e+16
5.23068e+16
1.02275e+17
1.31134e+17
8.09605e+16
3.63298e+16
3.68567e+16
5.32994e+16
2.70766e+16
1.17082e+15
5.06716e+15
2.20607e+16
4.22091e+16
4.39927e+16
2.65281e+14
5.44615e+12
7.3551e+13
7.45344e+13
1.19567e+14
3.101e+14
6.89824e+14
1.1473e+15
1.60339e+15
9.98234e+14
6.49935e+13
1.24263e+14
2.13844e+14
2.20677e+14
8.43081e+14
1.18865e+15
7.43146e+14
6.89603e+14
1.3552e+14
1.35344e+14
4.70761e+14
6.12625e+14
5.25809e+14
3.36221e+14
7.30872e+13
4.01201e+14
9.95772e+14
1.21665e+15
1.01328e+15
1.64e+15
1.02431e+15
3.64645e+14
8.03217e+13
7.60076e+22
2.56608e+14
3.16058e+14
2.37426e+14
1.52061e+14
1.8384e+14
2.21661e+14
4.85107e+14
6.33671e+14
3.57398e+14
6.56487e+13
1.20934e+14
4.52916e+14
4.72175e+14
4.58589e+14
7.63541e+14
1.83311e+15
2.74134e+15
2.41349e+15
1.66393e+15
8.57468e+14
7.22111e+14
9.20106e+14
5.36909e+14
4.99632e+13
8.02621e+13
4.50138e+14
4.70105e+14
1.72487e+14
9.19384e+13
1.61593e+14
3.62142e+14
3.77842e+14
1.11428e+15
1.19621e+15
1.27642e+15
8.5535e+14
2.7474e+14
8.85892e+14
2.939e+15
4.82717e+15
4.19904e+15
2.90982e+15
2.18754e+15
7.8122e+14
6.47617e+14
3.27188e+15
4.85763e+15
5.61543e+15
5.18493e+15
3.62675e+15
1.67973e+15
9.59691e+14
2.08752e+15
6.1603e+15
6.85334e+15
4.77891e+15
2.43758e+15
1.3346e+15
5.03754e+14
1.77773e+14
3.54238e+14
7.64292e+14
1.4738e+15
2.58727e+15
2.28593e+15
7.60127e+22
8.01938e+14
6.95024e+12
2.77841e+14
9.87443e+13
5.61515e+13
3.0305e+14
1.0129e+15
1.6897e+15
1.3832e+15
1.51864e+15
2.05689e+15
1.65387e+15
5.36808e+14
3.42833e+14
1.08088e+14
1.82781e+14
5.16062e+13
5.11891e+14
9.53003e+14
1.11336e+15
1.34845e+15
1.79503e+15
1.5105e+15
1.28245e+15
1.00013e+15
5.71956e+14
1.13901e+15
4.07288e+15
7.06327e+15
9.43021e+15
9.09651e+15
6.2487e+15
