9.1573e+15
3.13896e+15
6.75349e+15
7.41449e+14
1.40952e+16
1.04109e+16
3.74647e+15
1.70201e+16
3.2512e+16
2.5695e+16
5.06967e+16
6.03994e+16
3.87642e+16
3.03907e+16
5.84837e+16
1.43965e+17
2.1063e+17
2.2934e+17
1.54279e+17
1.66659e+16
4.00631e+16
1.56666e+17
2.1834e+17
2.32288e+17
1.62165e+17
6.73248e+16
6.40678e+16
6.81922e+16
5.27132e+16
4.50292e+16
6.90955e+16
2.8197e+16
2.02079e+17
7.59042e+22
4.09642e+18
5.50532e+19
1.47503e+20
1.67181e+20
1.62362e+20
8.70434e+19
1.27277e+19
1.64398e+18
5.92441e+17
1.28836e+17
9.28586e+16
8.85548e+16
7.16511e+16
8.81064e+16
9.91095e+16
8.79875e+16
1.05588e+17
1.31961e+17
1.10367e+17
6.07757e+16
2.79511e+16
5.63658e+15
2.00832e+16
6.29216e+16
6.46512e+16
8.37739e+16
8.06334e+16
5.52877e+16
6.09826e+16
1.05064e+17
1.14525e+17
5.90688e+16
1.83842e+14
5.88941e+13
3.51817e+14
6.56873e+14
4.24437e+14
1.57492e+14
1.51845e+14
2.23977e+14
2.82655e+14
2.13999e+14
1.89882e+14
1.8408e+14
4.72522e+14
6.2539e+14
7.08542e+14
6.88805e+14
6.65332e+14
5.53402e+14
4.91869e+14
7.54539e+14
1.18048e+15
1.05262e+15
8.82486e+14
5.71015e+14
2.10794e+14
3.13832e+14
7.11866e+14
1.00914e+15
1.90636e+15
6.80327e+14
6.28898e+14
5.7301e+14
3.19203e+14
1.90008e+22
1.00739e+14
4.32878e+12
1.20181e+14
3.62398e+14
5.10341e+14
4.21814e+14
1.27277e+19
1.64398e+18
5.92441e+17
1.28836e+17
9.28586e+16
8.85548e+16
7.16511e+16
8.81064e+16
9.91095e+16
8.79875e+16
1.05588e+17
1.31961e+17
1.10367e+17
6.07757e+16
2.79511e+16
5.63658e+15
2.00832e+16
6.29216e+16
6.46512e+16
8.37739e+16
8.06334e+16
5.52877e+16
6.09826e+16
1.05064e+17
1.14525e+17
5.90688e+16
1.89676e+15
1.37786e+15
7.54304e+14
4.11869e+14
1.94239e+14
2.86066e+13
4.70746e+13
1.02354e+14
1.0919e+14
4.49312e+14
1.10772e+15
1.44885e+15
8.90061e+14
8.36474e+14
6.04549e+14
1.03576e+14
2.21884e+13
3.72616e+13
5.91354e+14
1.2521e+15
1.19555e+15
1.01924e+15
9.62148e+14
1.35975e+15
2.74996e+15
3.44846e+15
2.2165e+15
3.76001e+14
2.87634e+13
3.5764e+13
2.85887e+14
1.7514e+14
4.92248e+14
7.60116e+22
2.56783e+14
3.4054e+14
5.83758e+14
6.40709e+14
1.22206e+14
3.94027e+14
3.21102e+14
1.56211e+14
1.67667e+14
3.77491e+14
4.70796e+14
4.47228e+14
2.39652e+14
4.83109e+13
3.49566e+14
1.34468e+15
2.21253e+15
1.92337e+15
8.89336e+14
2.05819e+14
5.89359e+14
9.71943e+14
1.38488e+15
1.93796e+15
2.46361e+15
2.82029e+15
2.7554e+15
2.64229e+15
2.53152e+15
2.22859e+15
1.14525e+17
5.90688e+16
