2.24898e+14
1.43105e+15
2.33958e+15
8.89687e+14
6.35911e+13
1.75903e+14
4.81513e+14
1.94973e+15
4.36096e+15
4.2718e+15
1.46868e+15
6.25995e+14
2.21956e+15
1.25992e+15
1.90197e+16
5.87311e+16
3.63145e+16
3.11737e+15
2.20455e+16
1.5923e+17
2.54698e+17
1.69811e+17
1.02341e+17
5.10759e+16
1.73061e+16
1.46185e+16
1.44675e+16
1.82804e+16
2.13216e+16
1.38031e+16
1.20912e+24
1.71506e+16
4.2354e+16
7.56327e+22
3.60684e+18
4.70169e+19
1.48835e+20
1.72639e+20
1.56339e+20
9.33635e+19
1.31014e+19
2.17496e+16
6.1067e+16
5.0151e+15
6.25653e+14
2.93518e+14
3.90737e+14
4.00028e+15
1.36287e+16
3.75424e+16
7.53708e+16
1.08664e+17
1.2768e+17
1.39207e+17
1.71905e+17
1.86211e+17
7.25107e+16
5.69906e+15
4.04634e+15
3.17417e+16
3.70626e+16
4.96926e+15
4.59337e+15
1.21182e+16
1.77728e+16
3.11178e+16
1.10468e+15
9.18053e+14
1.50509e+14
3.54595e+14
2.09015e+15
4.2714e+15
4.46333e+15
2.23153e+15
6.54357e+14
1.27634e+14
3.47474e+13
7.56256e+14
1.74867e+15
1.80843e+15
1.3675e+15
8.54464e+14
3.54446e+14
1.64487e+14
4.8125e+13
2.88072e+14
8.86275e+14
1.05917e+15
1.43598e+15
2.95701e+15
4.23775e+15
4.07758e+15
2.46798e+15
3.86215e+14
8.02074e+14
8.71248e+14
1.09411e+14
2.415e+14
8.67443e+14
7.60181e+22
1.89925e+15
1.13158e+15
1.29556e+15
1.83254e+15
1.50279e+15
1.32555e+15
1.22347e+15
9.49774e+14
7.20192e+14
4.05824e+14
3.64747e+14
1.79952e+14
1.23115e+14
5.92593e+14
1.6379e+15
3.04127e+15
3.76376e+15
3.56353e+15
2.76999e+15
2.77145e+15
2.8659e+15
1.75871e+15
1.25895e+15
1.65481e+15
2.76261e+15
4.02419e+15
3.10403e+15
1.79258e+15
1.15025e+15
8.36363e+14
8.48809e+14
1.3205e+15
1.93526e+14
6.54972e+14
1.36231e+15
1.39455e+15
6.7209e+14
1.40551e+14
1.1083e+13
1.47038e+14
3.45476e+14
2.49637e+14
1.18387e+14
7.68955e+13
1.34872e+15
3.31903e+15
3.63549e+15
3.85128e+15
3.71192e+15
2.22567e+15
8.70434e+14
8.83642e+14
2.85008e+15
4.15563e+15
4.00768e+15
3.56649e+15
4.71489e+15
6.68261e+15
6.73307e+15
4.12447e+15
1.56783e+15
2.7799e+14
1.0883e+15
2.08054e+15
3.51638e+15
7.60133e+22
2.88542e+15
2.93067e+15
3.4537e+15
3.80939e+15
3.30856e+15
3.29562e+15
2.20025e+15
9.49387e+14
1.18186e+15
2.29284e+15
3.09722e+15
3.33641e+15
2.81226e+15
2.93378e+15
4.75879e+15
4.22852e+15
1.69504e+15
3.68681e+14
9.31797e+14
1.9116e+15
2.91088e+15
1.88218e+15
5.3033e+14
1.50621e+15
2.86385e+15
4.91192e+15
6.76621e+15
5.42055e+15
3.29288e+15
1.95105e+15
1.40372e+15
4.43373e+15
