2.44407e+16
1.78228e+16
1.7631e+16
2.40842e+16
1.71055e+16
1.40553e+16
1.22272e+16
8.87115e+15
2.21908e+16
3.20612e+16
4.11924e+16
5.97858e+16
7.26239e+16
1.10482e+17
2.57294e+17
4.79256e+17
4.44106e+17
2.56402e+17
1.04656e+17
4.40582e+15
7.85017e+16
1.09112e+17
4.53936e+16
5.57195e+16
7.19321e+16
7.66933e+16
1.53341e+17
1.51099e+17
1.04729e+17
1.06173e+17
1.44685e+17
2.48121e+17
6.61301e+17
7.61011e+22
4.28071e+18
5.03857e+19
1.48233e+20
1.69734e+20
1.56476e+20
8.93209e+19
1.15051e+19
5.55056e+17
7.80203e+17
3.30556e+17
2.06311e+17
2.26175e+17
1.48473e+17
1.26826e+17
1.36604e+17
5.79616e+16
5.74977e+16
7.73609e+16
6.56269e+16
1.22229e+17
1.48913e+17
8.26563e+16
9.50692e+16
1.32187e+17
1.81991e+17
2.42696e+17
1.97004e+17
1.34296e+17
7.87541e+16
5.49801e+16
2.95834e+14
1.48547e+14
1.33314e+15
5.42231e+14
1.7995e+14
3.91603e+14
4.12342e+14
1.06436e+14
1.12919e+13
1.23583e+13
1.17297e+14
3.3951e+14
4.0528e+14
2.34192e+14
1.22752e+14
3.692e+14
8.7676e+14
1.41407e+15
2.51877e+17
3.97067e+17
4.67623e+17
4.21777e+17
2.15069e+17
8.52326e+16
2.57278e+16
3.77921e+16
6.44205e+16
1.40628e+17
1.73928e+17
1.0181e+17
1.59772e+17
1.54434e+17
1.88797e+17
6.23023e+16
2.68421e+14
6.35501e+14
7.67343e+14
5.324e+14
9.04549e+13
8.3262e+13
2.32299e+14
1.73953e+14
6.11713e+14
4.83262e+14
3.78121e+14
7.01511e+14
1.14088e+15
9.93951e+14
1.57093e+15
2.59917e+15
2.68787e+15
2.50319e+15
1.9614e+15
1.07446e+15
4.27819e+14
3.64806e+14
1.31169e+15
1.57855e+15
1.43457e+15
1.31039e+15
9.77469e+14
3.78979e+14
1.08956e+14
8.56175e+13
2.75812e+13
1.66532e+14
2.95834e+14
1.48547e+14
1.71723e+15
8.60844e+14
7.91977e+13
1.49823e+14
6.03429e+14
6.86313e+14
7.52087e+14
1.86327e+15
1.98306e+15
1.30961e+15
5.34788e+14
2.95162e+13
2.94311e+14
6.05751e+14
1.14781e+15
2.16721e+15
2.51877e+17
3.97067e+17
4.67623e+17
4.21777e+17
2.15069e+17
8.52326e+16
2.57278e+16
3.77921e+16
1.77539e+15
3.19035e+15
3.56891e+15
1.8549e+15
3.90571e+14
1.53564e+14
4.71654e+13
3.99727e+13
2.68421e+14
6.35501e+14
7.67343e+14
5.324e+14
9.04549e+13
8.3262e+13
2.32299e+14
1.73953e+14
3.4798e+14
9.57677e+14
8.72503e+14
9.40749e+14
1.0833e+15
9.02082e+14
6.20915e+14
4.14517e+14
8.74798e+14
3.02679e+15
5.84956e+15
6.13263e+15
4.2367e+15
2.09935e+15
1.2524e+15
1.42609e+15
1.7209e+15
1.58393e+15
1.71911e+15
2.56959e+15
2.73451e+15
2.91119e+15
2.86064e+15
1.78726e+15
2.95834e+14
1.48547e+14
