3.20073e+16
2.67609e+16
1.33501e+16
1.07337e+16
2.77593e+16
4.00521e+16
2.34157e+16
9.54353e+15
1.19183e+16
1.4139e+16
2.59711e+16
4.88903e+16
6.86123e+16
4.59958e+16
9.64103e+15
5.23433e+16
2.51877e+17
3.97067e+17
4.67623e+17
4.21777e+17
2.15069e+17
8.52326e+16
2.57278e+16
3.77921e+16
6.44205e+16
1.40628e+17
1.73928e+17
1.0181e+17
1.59772e+17
1.54434e+17
1.88797e+17
6.23023e+16
1.79962e+17
7.57282e+22
3.08973e+18
5.10341e+19
1.43447e+20
1.67521e+20
1.65958e+20
9.16254e+19
1.37423e+19
1.32562e+18
4.70105e+17
7.88994e+16
8.65591e+16
9.00642e+16
6.92912e+16
3.28554e+16
5.35258e+16
3.75012e+16
4.6569e+15
2.88669e+16
6.80722e+16
1.1218e+17
1.04001e+17
1.06192e+17
9.4927e+14
9.10307e+14
5.70341e+14
7.3513e+14
1.1337e+15
5.82877e+14
2.17932e+14
2.77071e+14
2.25959e+14
3.5072e+14
1.33314e+15
5.42231e+14
1.7995e+14
3.91603e+14
4.12342e+14
1.06436e+14
1.12919e+13
1.23583e+13
1.17297e+14
3.3951e+14
4.0528e+14
2.34192e+14
1.22752e+14
3.692e+14
8.7676e+14
1.41407e+15
2.51877e+17
3.97067e+17
4.67623e+17
4.21777e+17
2.15069e+17
8.52326e+16
2.57278e+16
3.77921e+16
6.44205e+16
1.40628e+17
1.73928e+17
1.0181e+17
1.59772e+17
1.54434e+17
1.88797e+17
6.23023e+16
2.68421e+14
6.35501e+14
7.67343e+14
5.324e+14
9.04549e+13
8.3262e+13
2.32299e+14
1.73953e+14
6.11713e+14
4.83262e+14
3.78121e+14
7.01511e+14
1.14088e+15
9.93951e+14
1.57093e+15
2.59917e+15
2.68787e+15
2.50319e+15
1.9614e+15
1.07446e+15
4.27819e+14
3.64806e+14
1.31169e+15
1.57855e+15
1.43457e+15
1.31039e+15
9.77469e+14
3.78979e+14
1.08956e+14
8.56175e+13
2.75812e+13
1.66532e+14
2.95834e+14
1.48547e+14
1.71723e+15
8.60844e+14
7.91977e+13
1.49823e+14
6.03429e+14
6.86313e+14
7.52087e+14
1.86327e+15
1.98306e+15
1.30961e+15
5.34788e+14
2.95162e+13
2.94311e+14
6.05751e+14
1.14781e+15
2.16721e+15
2.51877e+17
3.97067e+17
4.67623e+17
4.21777e+17
2.15069e+17
8.52326e+16
2.57278e+16
3.77921e+16
1.77539e+15
3.19035e+15
3.56891e+15
1.8549e+15
3.90571e+14
1.53564e+14
4.71654e+13
3.99727e+13
2.68421e+14
6.35501e+14
7.67343e+14
5.324e+14
9.04549e+13
8.3262e+13
2.32299e+14
1.73953e+14
3.4798e+14
9.57677e+14
8.72503e+14
9.40749e+14
1.0833e+15
9.02082e+14
6.20915e+14
4.14517e+14
8.74798e+14
3.02679e+15
5.84956e+15
6.13263e+15
4.2367e+15
2.09935e+15
1.2524e+15
1.42609e+15
1.7209e+15
1.58393e+15
1.71911e+15
2.56959e+15
2.73451e+15
2.91119e+15
2.86064e+15
1.78726e+15
2.95834e+14
1.48547e+14
