1.35617e+16
1.20882e+16
7.65528e+15
6.13824e+15
2.39957e+15
1.45223e+15
7.40195e+14
2.56393e+15
3.19821e+15
5.90281e+14
1.94596e+15
1.35769e+16
1.40971e+16
7.96052e+15
6.24747e+15
1.18339e+16
5.12835e+16
1.69152e+17
2.01973e+17
2.07544e+17
1.23253e+17
7.61048e+15
7.06048e+15
2.8076e+16
2.31419e+16
2.20065e+16
2.00526e+16
1.02605e+16
7.42062e+15
1.81475e+16
3.61062e+15
2.98368e+15
2.88081e+16
7.60019e+22
1.55953e+18
3.83446e+19
1.34828e+20
1.66629e+20
1.65531e+20
1.03612e+20
1.8137e+19
3.33655e+17
4.90032e+16
7.77045e+15
5.54177e+15
6.29176e+15
7.41535e+14
5.0485e+15
3.45282e+15
5.86243e+15
1.08831e+16
1.6508e+16
1.79707e+16
7.08511e+15
4.66017e+16
1.17534e+17
1.20145e+17
1.27999e+17
9.41368e+16
4.28823e+16
4.48235e+16
6.22762e+16
6.41021e+16
4.63648e+16
1.98125e+16
5.18257e+15
8.58442e+14
8.38721e+13
2.49877e+14
4.70253e+14
1.41154e+14
5.77082e+13
3.50867e+14
1.51472e+15
1.59785e+15
7.01419e+14
1.60537e+14
1.35824e+14
1.95358e+14
7.4277e+13
2.63342e+14
1.66794e+15
4.20425e+15
4.9269e+15
2.92853e+15
6.90493e+14
5.50991e+12
2.34154e+14
5.98871e+14
1.09364e+15
1.39195e+15
7.87133e+14
2.63013e+13
1.601e+15
2.59385e+15
1.77264e+15
4.56977e+14
3.28207e+14
5.65145e+14
3.85311e+14
4.71655e+14
1.12311e+14
8.03211e+14
1.5884e+15
6.78065e+14
6.36345e+14
1.8299e+15
2.62972e+15
2.29735e+15
1.4155e+15
1.34763e+15
1.60046e+15
1.37425e+15
1.5094e+15
1.0378e+15
3.64591e+14
4.43195e+12
4.0634e+14
6.89837e+14
6.36432e+14
3.93886e+14
1.01817e+14
4.103e+13
2.10789e+14
1.41745e+14
1.2842e+12
3.25795e+14
7.49348e+14
1.31701e+15
2.56913e+15
2.16548e+15
1.38883e+15
1.39491e+15
1.41376e+15
9.41442e+14
1.98513e+14
1.69789e+14
5.60496e+14
7.44144e+14
1.10785e+14
6.75571e+14
1.67837e+15
4.68726e+15
6.26172e+15
3.95362e+15
1.59195e+15
1.09494e+14
6.92786e+14
2.11677e+15
3.22278e+15
4.33661e+15
2.42661e+15
5.20636e+14
6.72202e+14
2.85763e+15
4.94381e+15
5.10308e+15
4.5154e+15
3.04145e+15
1.22084e+15
1.23619e+15
1.20198e+16
1.10817e+16
1.24915e+16
1.35053e+16
7.60347e+22
1.02083e+16
6.26096e+15
5.24928e+15
5.42646e+15
5.30625e+15
3.73315e+15
2.60637e+15
2.00148e+15
2.5488e+15
4.65752e+15
5.93997e+15
7.17038e+15
7.78679e+15
4.23376e+15
2.41786e+15
9.74732e+14
3.71007e+14
6.5089e+14
3.64408e+14
2.1188e+14
3.78347e+14
5.18114e+14
5.32491e+14
1.92923e+15
4.85452e+15
5.62901e+15
6.23821e+15
5.06093e+15
2.603e+15
1.39356e+15
4.13615e+14
6.53557e+13
