1.7643e+16
1.8508e+16
1.5842e+16
1.37696e+16
3.15199e+16
2.75409e+16
7.41848e+15
9.87152e+15
1.683e+16
1.45999e+16
1.45229e+16
1.27086e+16
2.08946e+15
1.13438e+16
2.4946e+16
4.30857e+16
7.73505e+16
1.69628e+17
3.21777e+17
3.63704e+17
2.97425e+17
2.51934e+17
1.94663e+17
1.31963e+17
1.07035e+17
1.07546e+17
1.03968e+17
9.4201e+16
1.2005e+17
3.52328e+17
5.41584e+17
6.02682e+17
1.29649e+15
7.59175e+22
1.09648e+18
3.43422e+19
1.30216e+20
1.68069e+20
1.72248e+20
1.14422e+20
5.80366e+18
6.3179e+17
6.45571e+17
4.95144e+17
3.02658e+17
1.62449e+17
1.00342e+17
9.4381e+16
1.04251e+17
9.64609e+16
9.61933e+16
1.18821e+17
1.36019e+17
1.86561e+17
2.41175e+17
2.64404e+17
2.47886e+17
1.24031e+17
4.10296e+16
2.1303e+16
2.74489e+15
5.78377e+15
2.56361e+16
2.83743e+16
5.48778e+15
8.64337e+14
3.56775e+14
7.58755e+14
3.03459e+15
5.33521e+15
3.1225e+15
1.58947e+14
1.6508e+15
4.07842e+15
4.42939e+15
2.35894e+15
1.33238e+15
7.69215e+14
7.5649e+14
1.5918e+15
1.57542e+15
1.28547e+15
7.73505e+16
1.69628e+17
3.21777e+17
3.63704e+17
2.97425e+17
2.51934e+17
1.94663e+17
1.31963e+17
1.93772e+15
2.43303e+15
3.66257e+15
2.03193e+15
5.19576e+14
9.25772e+16
7.7271e+14
1.02416e+15
3.1394e+14
7.60231e+22
2.7804e+15
3.70789e+15
3.81313e+15
4.71534e+15
3.54154e+15
1.38114e+15
5.80366e+18
6.3179e+17
6.45571e+17
4.95144e+17
3.02658e+17
1.62449e+17
1.00342e+17
9.4381e+16
1.32631e+15
5.81865e+14
1.84369e+14
1.0081e+15
3.57794e+15
3.68273e+15
1.33633e+15
4.37014e+13
8.126e+14
2.12984e+15
3.21176e+15
1.75233e+15
6.05657e+14
2.05852e+15
3.10026e+15
1.15246e+15
5.48778e+15
8.64337e+14
3.67442e+14
4.3298e+14
4.57978e+14
7.11971e+14
6.72122e+14
2.79959e+14
1.18541e+13
5.7541e+14
1.00266e+15
1.51244e+15
1.82723e+15
9.41558e+14
6.24287e+14
7.35649e+14
6.27095e+14
6.79149e+14
6.91719e+14
3.68207e+14
4.86987e+14
7.20284e+14
3.25652e+14
1.86378e+14
1.206e+14
1.3943e+14
2.08582e+14
9.16164e+14
1.74189e+15
1.83483e+15
2.12003e+15
1.38508e+15
4.20919e+14
5.11776e+14
7.90265e+14
7.60013e+22
5.86109e+14
6.59002e+14
3.88241e+14
1.05283e+14
3.52642e+13
1.35437e+14
5.80366e+18
6.3179e+17
6.45571e+17
4.95144e+17
3.02658e+17
1.62449e+17
1.00342e+17
9.4381e+16
1.80758e+15
1.95415e+15
1.05393e+15
2.44006e+14
3.4617e+14
4.7087e+14
8.74968e+14
1.46381e+15
1.11088e+15
7.83762e+14
5.41923e+14
1.66456e+14
5.12568e+13
5.00786e+13
7.58627e+13
2.53795e+14
1.30843e+14
5.46538e+13
