8.24859e+15
3.51863e+15
1.06237e+16
1.74624e+16
1.83429e+16
1.11529e+16
1.7281e+15
5.39384e+15
2.89605e+16
3.2723e+16
1.97098e+16
3.67449e+15
1.66803e+14
5.20923e+16
1.79993e+17
2.7704e+17
3.20258e+17
1.66447e+17
2.92357e+16
3.65989e+16
4.61546e+16
2.77716e+16
4.26607e+15
4.59129e+15
1.30576e+16
3.63644e+16
7.97571e+16
7.79854e+16
2.93882e+16
1.02673e+17
6.70885e+16
4.71037e+16
2.17432e+17
5.80542e+17
6.07375e+17
3.06659e+19
1.26093e+20
1.65417e+20
1.6814e+20
1.17073e+20
2.54032e+19
1.82332e+18
3.67448e+17
3.17721e+16
8.49887e+16
1.18386e+17
1.6527e+16
2.20265e+16
1.02152e+17
8.88815e+16
5.16297e+16
3.6319e+16
2.35699e+16
1.53501e+16
3.79342e+16
6.71533e+16
3.65044e+16
5.6383e+15
9.16669e+16
1.9772e+17
1.80794e+17
1.00164e+17
2.07018e+16
6.72567e+15
2.87528e+16
6.02471e+16
8.24859e+15
3.51863e+15
1.06237e+16
1.74624e+16
1.83429e+16
1.11529e+16
1.7281e+15
5.39384e+15
4.36287e+14
2.87529e+14
2.28463e+14
9.88178e+13
4.76272e+12
7.56206e+13
3.6494e+14
2.95891e+14
1.30038e+13
6.89242e+13
2.72621e+14
4.01833e+14
2.59991e+14
8.44356e+13
7.98246e+12
3.20689e+12
1.22921e+14
2.62948e+14
3.24576e+14
6.96642e+14
8.11274e+14
6.70353e+14
6.24941e+14
1.56153e+14
2.05581e+13
2.84428e+13
3.12716e+13
1.98825e+14
2.71433e+14
1.96148e+14
6.49904e+13
1.95645e+14
6.98331e+14
1.34887e+15
2.31031e+15
2.73131e+15
2.21894e+15
9.2425e+14
1.88627e+14
1.60151e+14
3.84794e+14
3.49837e+14
3.31804e+14
2.07161e+14
5.71671e+13
1.45186e+14
7.30538e+13
1.52699e+13
2.72988e+14
9.76319e+14
1.28404e+15
9.20391e+14
3.72111e+14
1.37978e+14
1.44742e+13
8.99136e+13
2.63843e+14
2.91473e+14
6.66047e+14
8.00298e+14
1.69559e+15
3.00701e+15
3.4588e+15
3.97041e+15
4.42873e+15
3.37282e+15
1.76929e+15
7.02416e+14
6.73643e+14
5.08067e+14
3.15491e+14
1.40818e+14
8.85202e+13
2.57522e+14
1.00008e+15
1.95004e+15
1.23223e+15
1.95927e+14
4.36631e+14
1.93704e+15
3.80494e+15
4.03505e+15
3.16258e+15
1.5637e+15
1.34961e+14
3.41302e+14
1.13874e+16
9.55046e+15
4.99456e+15
4.48689e+15
2.75747e+15
7.60085e+22
2.33571e+15
1.21985e+15
4.18586e+14
3.92873e+13
3.35137e+14
1.94166e+15
4.39343e+15
4.87857e+15
3.32368e+15
2.56797e+15
1.9418e+15
1.29271e+15
1.4126e+15
1.67161e+15
2.93499e+15
2.95731e+15
1.79199e+15
1.68818e+15
1.05895e+15
1.87913e+14
2.84739e+14
5.18147e+14
6.16509e+14
8.63277e+14
1.15158e+15
1.82457e+15
1.9041e+15
1.71242e+15
2.18886e+15
2.40271e+15
2.63843e+14
2.91473e+14
