0
0
0
0
0
0
0
0
0
0
0
0
0
0
0
0
0
0
0
0
0
0
0
0
0
0
0
0
0
0
0
0
0
0
0
0
0
0
0
0
0
0
0
0
0
0
0
0
0
0
0
0
0
0
0
0
0
0
0
0
0
0
0
0
0
0
0
0
0
0
0
0
0
0
0
0
0
0
0
0
0
0
0
0
0
0
0
0
0
0
0
0
0
0
0
0
0
0
0
0
0
0
0
0
0
0
0
0
0
0
0
0
0
0
0
0
0
0
0
0
0
0
0
0
0
0
0
0
0
0
0
0
4.49456e+16
2.87458e+16
4.20696e+16
6.23161e+16
8.92229e+16
8.42942e+16
5.74073e+16
2.65212e+16
1.28483e+16
2.63475e+16
5.24042e+16
5.87391e+16
5.18666e+16
1.99425e+16
5.88842e+15
5.43771e+16
9.98743e+16
1.11251e+17
1.24879e+17
1.21001e+17
1.27893e+17
8.20847e+16
8.15393e+16
1.92591e+17
3.97324e+17
5.9784e+17
6.31711e+17
5.3064e+17
1.37479e+17
3.85521e+19
5.5061e+21
9.37142e+19
2.32957e+20
1.73903e+20
1.15086e+20
2.0751e+19
3.91088e+16
2.74773e+17
5.21368e+17
6.53538e+17
4.51914e+17
2.071e+17
7.09288e+16
1.5665e+16
2.82284e+16
7.45282e+16
1.28038e+17
1.4554e+17
8.3528e+16
3.32516e+16
1.57385e+15
7.93318e+15
3.86166e+16
5.17721e+16
3.15333e+16
1.12948e+16
5.39723e+15
9.29251e+15
2.11115e+16
2.24202e+16
2.69159e+16
1.48725e+16
1.13945e+16
7.24994e+15
1.43966e+15
5.86476e+15
