1.10961e+15
4.03155e+14
3.68474e+15
4.23088e+15
2.29492e+14
1.63707e+15
1.10102e+15
2.06154e+15
1.27238e+16
1.85472e+16
9.2562e+15
7.08211e+15
7.77275e+15
8.6349e+15
8.22423e+15
6.32478e+15
3.41699e+14
6.23769e+14
9.93432e+14
4.87973e+14
4.53085e+14
4.35879e+14
2.30504e+14
1.10689e+14
9.35322e+15
1.49509e+16
2.26945e+16
1.52232e+16
1.09939e+16
1.04077e+17
1.0247e+16
4.66025e+15
2.60034e+14
1.18621e+15
1.76878e+15
2.05005e+15
1.44555e+15
2.17696e+15
2.95638e+15
2.96838e+15
1.18269e+19
1.37131e+17
2.48559e+16
1.2878e+16
1.70249e+16
1.72543e+16
1.6813e+16
2.143e+16
4.94357e+16
5.61646e+16
4.20288e+16
6.84435e+16
1.29835e+17
2.18252e+17
2.41752e+17
1.48104e+17
5.09833e+16
1.44974e+16
1.47026e+16
5.53343e+15
6.99909e+15
1.64094e+16
1.19313e+16
7.49671e+15
9.44005e+15
8.25195e+15
3.40122e+14
1.39055e+14
5.9252e+14
4.50823e+14
6.68107e+14
1.10981e+15
1.10999e+15
5.41669e+14
5.69745e+13
8.71396e+12
1.84948e+14
5.72659e+14
6.74217e+14
5.00786e+14
4.56395e+13
3.74487e+14
1.24339e+15
2.0931e+15
2.57105e+15
2.57894e+15
2.02662e+15
1.18481e+15
4.4598e+14
2.47164e+14
1.04536e+14
2.83217e+14
1.21465e+15
1.64119e+15
7.15488e+14
7.16202e+13
3.93615e+15
3.82383e+15
1.90967e+15
7.60198e+22
7.06673e+14
8.65717e+14
1.66061e+15
1.76838e+15
1.20377e+15
1.28987e+15
1.18269e+19
1.37131e+17
2.48559e+16
1.2878e+16
1.70249e+16
1.72543e+16
1.6813e+16
2.143e+16
4.94357e+16
5.61646e+16
4.20288e+16
6.84435e+16
1.29835e+17
2.18252e+17
2.41752e+17
1.48104e+17
9.19746e+13
9.83453e+12
9.50176e+13
1.05882e+14
6.1874e+12
1.09513e+14
2.77626e+14
5.08423e+14
9.44005e+15
8.25195e+15
1.29897e+15
1.5236e+15
1.90098e+15
3.70365e+15
5.16921e+15
2.86819e+15
7.64178e+14
9.13747e+13
2.08076e+12
5.09526e+13
2.93311e+14
3.20348e+14
1.14213e+14
2.22534e+14
1.28383e+15
1.5609e+15
8.15777e+14
1.2474e+14
1.08293e+15
1.55011e+15
1.07744e+15
1.74942e+14
8.1587e+14
2.46121e+15
2.89201e+15
2.87493e+15
2.35961e+15
1.98194e+15
1.57439e+15
1.21282e+15
3.79034e+14
8.51444e+13
3.27313e+14
7.60064e+22
1.18796e+15
1.2845e+15
1.63423e+15
1.47283e+15
7.46294e+14
5.58697e+14
1.37852e+15
1.8262e+15
1.11479e+15
2.93852e+14
1.27979e+14
8.8354e+14
4.78614e+14
8.10397e+12
9.64243e+14
2.25929e+15
3.28721e+15
2.0295e+15
3.58587e+14
7.50718e+13
9.77342e+13
8.05186e+14
1.54856e+15
1.44441e+15
6.86349e+14
2.44543e+14
3.93096e+14
1.20849e+15
7.36019e+14
5.14343e+14
1.2216e+15
3.60864e+15
