2.24898e+14
1.43105e+15
2.33958e+15
8.89687e+14
6.35911e+13
1.75903e+14
4.81513e+14
1.94973e+15
4.36096e+15
4.2718e+15
1.46868e+15
6.25995e+14
2.21956e+15
1.25992e+15
1.90197e+16
5.87311e+16
3.63145e+16
3.11737e+15
2.20455e+16
1.5923e+17
2.54698e+17
1.69811e+17
1.02341e+17
5.10759e+16
1.73061e+16
1.46185e+16
1.44675e+16
1.82804e+16
2.13216e+16
1.38031e+16
1.20912e+24
1.71506e+16
4.2354e+16
7.56327e+22
3.60684e+18
4.70169e+19
1.48835e+20
1.72639e+20
1.56339e+20
9.33635e+19
1.31014e+19
2.17496e+16
6.1067e+16
5.0151e+15
6.25653e+14
2.93518e+14
3.90737e+14
4.00028e+15
1.36287e+16
3.75424e+16
7.53708e+16
1.08664e+17
1.2768e+17
1.39207e+17
1.71905e+17
1.86211e+17
7.25107e+16
5.69906e+15
4.04634e+15
3.17417e+16
3.70626e+16
4.96926e+15
4.59337e+15
1.21182e+16
1.77728e+16
3.11178e+16
5.93707e+15
8.02376e+14
8.81689e+14
4.07323e+15
2.88732e+15
1.27614e+15
1.23353e+15
2.57637e+15
1.76014e+15
2.12249e+15
8.19466e+15
3.47231e+15
3.58329e+14
5.50928e+15
7.21695e+15
4.95779e+15
2.65079e+15
1.60581e+15
5.55545e+15
5.47821e+15
5.85617e+14
1.66337e+15
4.66597e+15
1.80394e+15
4.81672e+15
3.18968e+15
6.71297e+15
2.28858e+16
2.00486e+16
5.00447e+16
1.19551e+16
4.58838e+16
2.86714e+16
3.11984e+16
3.6146e+16
3.90259e+16
3.43523e+16
2.93557e+16
3.90612e+16
2.80843e+16
2.4466e+16
2.46283e+16
1.93617e+16
1.37887e+16
1.44908e+16
8.78865e+15
5.77006e+15
4.00158e+15
2.78001e+15
1.72426e+15
1.55368e+15
3.60853e+14
1.67099e+15
4.38114e+15
2.83367e+15
8.70881e+14
3.03722e+15
4.23457e+14
9.1049e+14
1.64333e+15
9.34646e+14
4.61897e+12
7.42736e+14
6.91311e+14
1.33448e+14
1.70728e+15
1.12106e+14
7.81288e+14
1.21501e+15
8.29402e+14
5.32337e+14
2.40155e+14
2.41881e+14
7.52755e+14
9.70111e+14
1.30771e+15
2.04677e+15
3.14897e+15
3.58515e+15
2.49127e+15
1.4896e+15
1.27978e+15
1.25099e+15
5.03535e+14
1.1291e+14
5.8078e+14
1.75851e+15
2.26499e+15
3.12399e+15
3.89867e+15
2.53193e+15
1.26295e+15
5.86477e+14
6.08153e+13
3.38039e+14
3.52363e+14
1.85981e+15
1.33357e+15
4.18008e+14
9.81934e+13
1.21038e+14
9.39229e+14
1.8948e+15
2.51113e+15
2.36477e+15
1.42158e+15
5.34299e+14
1.41725e+14
8.49107e+12
7.15809e+13
9.70304e+13
7.70338e+13
3.64636e+14
1.03057e+15
4.89407e+14
2.10662e+14
1.92215e+15
5.51578e+15
6.34261e+15
2.97193e+15
3.16272e+14
4.21893e+13
2.19358e+13
1.46645e+13
1.14632e+14
8.45415e+14
1.96349e+15
3.84228e+15
6.90836e+15
8.04667e+15
5.05336e+15
2.454e+15
