3.24194e+16
1.79067e+16
1.03142e+16
1.33675e+16
3.83672e+15
1.30324e+15
9.27091e+14
1.30896e+15
6.86876e+15
1.32046e+16
3.79966e+16
9.70348e+16
1.33676e+17
1.26957e+17
1.74256e+17
1.49276e+17
7.6459e+14
1.38663e+15
2.96453e+15
3.99829e+15
3.46134e+15
3.20924e+15
3.17041e+15
3.20321e+15
9.87119e+16
5.28523e+16
4.05545e+16
7.26747e+16
1.39933e+17
3.36712e+17
5.25865e+17
1.04295e+18
2.82982e+18
7.6448e+22
1.56452e+19
9.17498e+19
1.73628e+20
1.61867e+20
1.30427e+20
4.79854e+19
2.19516e+18
2.38326e+18
1.49272e+18
4.39854e+17
1.8815e+17
7.03095e+16
7.55344e+15
2.35641e+16
5.28485e+16
8.43283e+16
1.19466e+17
9.44774e+16
7.89301e+16
1.1609e+17
1.77729e+17
1.53755e+17
8.86338e+16
4.58103e+16
4.18082e+16
1.15025e+17
1.15783e+17
7.9197e+16
5.69988e+16
1.91608e+16
1.82735e+15
2.98954e+14
7.85344e+14
5.45496e+13
1.09717e+14
7.88524e+13
2.08683e+14
4.91792e+14
1.09597e+15
6.85858e+14
1.95483e+14
1.57708e+14
8.51855e+13
6.69688e+13
4.28584e+13
6.44078e+13
1.1755e+13
1.57358e+14
5.24632e+14
8.99012e+14
5.51839e+14
1.31324e+14
9.36189e+14
1.55919e+15
1.95255e+15
1.64507e+15
1.08174e+15
1.306e+15
7.28588e+14
2.807e+14
4.28707e+12
5.96692e+14
4.02362e+14
2.56694e+14
6.73915e+14
7.60129e+22
1.50121e+15
1.84333e+15
1.62963e+15
1.29478e+15
1.10871e+15
6.58798e+14
4.75317e+14
4.35568e+14
1.21154e+15
2.20105e+15
2.63928e+15
3.18808e+15
2.52565e+15
1.78404e+15
1.28149e+15
7.22872e+14
3.70613e+14
2.96253e+14
3.17346e+14
1.98687e+14
4.1704e+14
4.36593e+14
4.13498e+14
1.21682e+14
1.26488e+13
9.41916e+13
5.22567e+14
1.18654e+15
1.28616e+15
1.70647e+15
1.92824e+15
2.16638e+15
9.47236e+14
1.16554e+15
1.48099e+15
2.1444e+15
1.88593e+15
9.59674e+14
8.34695e+14
1.21878e+15
1.8716e+15
2.48045e+15
2.24961e+15
1.30414e+15
2.73621e+14
2.36049e+14
1.76786e+15
3.08753e+15
3.83216e+15
4.56657e+15
4.7118e+15
4.97887e+15
5.16865e+15
3.83868e+15
3.1804e+15
2.33873e+15
2.43095e+14
6.73813e+14
1.58196e+15
2.5369e+15
1.86183e+15
8.67479e+13
1.83006e+14
1.46951e+14
1.54595e+14
2.52562e+14
7.3171e+14
1.61981e+15
2.19735e+15
1.42705e+15
8.79369e+14
8.26108e+14
6.62143e+14
2.89831e+14
3.34726e+12
9.70196e+13
3.35165e+14
7.73849e+14
6.55838e+14
3.67124e+14
3.03004e+14
4.91768e+13
6.43488e+13
9.9779e+13
4.02339e+14
7.48611e+14
1.48265e+15
2.31052e+15
1.9189e+15
1.61263e+15
1.26285e+15
6.75848e+14
3.70518e+14
3.70487e+14
2.72452e+15
6.17734e+15
1.92824e+15
2.16638e+15
