8.50386e+15
8.8007e+15
5.75511e+15
2.15594e+15
2.98797e+15
3.97156e+15
6.16884e+15
8.38897e+15
1.23273e+16
1.78943e+16
1.04001e+16
6.18665e+15
1.75041e+16
1.52115e+16
1.11404e+16
4.09452e+16
7.83558e+16
1.62223e+17
1.6054e+17
1.20406e+17
1.37759e+17
1.47899e+17
1.45907e+17
1.9425e+17
2.50921e+17
2.80748e+17
3.25159e+17
3.56029e+17
4.53794e+17
6.48739e+17
7.69693e+17
9.50633e+17
1.64113e+18
7.62514e+22
1.24046e+19
7.04763e+19
1.61779e+20
1.66677e+20
1.39316e+20
6.4291e+19
6.29118e+18
3.68326e+18
2.11885e+18
1.24049e+18
8.39538e+17
6.07278e+17
4.03168e+17
2.3407e+17
1.53493e+17
1.01532e+17
7.73613e+16
6.37602e+16
3.6664e+16
2.63907e+16
3.91701e+16
6.09053e+16
1.18124e+17
1.61217e+17
9.29161e+16
3.89956e+16
1.19242e+16
1.23549e+16
1.40195e+16
3.63812e+15
4.18309e+15
4.18827e+15
1.25539e+14
2.2791e+14
2.57098e+14
1.59972e+14
8.45011e+13
1.07488e+15
1.68766e+15
1.4016e+15
8.18874e+14
4.29442e+14
2.2471e+14
1.12361e+14
3.32988e+13
2.43227e+14
1.5595e+15
3.09041e+15
3.57611e+15
3.48585e+15
2.46504e+15
9.18518e+14
1.50427e+14
8.62823e+13
2.54815e+14
4.172e+14
4.71581e+14
3.89715e+14
2.39682e+14
2.09316e+13
1.13408e+14
5.23147e+14
5.9379e+14
9.96592e+14
1.25819e+15
7.60194e+22
1.11455e+15
5.24726e+14
1.63369e+14
3.20691e+14
4.78365e+14
3.76642e+14
1.43302e+14
3.92917e+14
1.20946e+15
1.89726e+15
2.30971e+15
1.56229e+15
4.26856e+14
2.95679e+13
2.34809e+13
1.08445e+13
4.98186e+13
3.79098e+14
1.07197e+15
1.17749e+15
6.24505e+14
3.14724e+14
1.18529e+14
7.35912e+13
1.75321e+14
1.76571e+14
2.40343e+14
4.47827e+14
7.03969e+14
1.03796e+15
1.53901e+15
1.68709e+15
5.37835e+14
2.78356e+13
4.88546e+14
5.64443e+14
1.68484e+14
8.31071e+12
4.59989e+13
9.91263e+13
5.46467e+13
5.15414e+14
8.64537e+14
1.19477e+15
1.28451e+15
1.08998e+15
9.88828e+14
1.14285e+15
1.2404e+15
1.41102e+15
1.27345e+15
1.11424e+15
1.19866e+15
5.80296e+14
5.65871e+13
4.07072e+14
1.27649e+15
1.53576e+15
1.50445e+15
2.94697e+15
4.8161e+15
5.48852e+15
3.12328e+15
6.57926e+15
5.90842e+15
5.0071e+15
4.23886e+15
2.53008e+15
1.05848e+15
3.39463e+14
3.7389e+14
1.01652e+15
2.0907e+15
2.16417e+15
9.7038e+14
6.42192e+14
5.60563e+14
1.76659e+14
9.5702e+13
2.08967e+14
1.04365e+14
1.8225e+14
5.08121e+14
3.41444e+14
5.56673e+14
2.38618e+15
6.42596e+15
9.51144e+15
8.57722e+15
7.98745e+15
7.73532e+15
6.14826e+15
4.25432e+15
3.05106e+15
3.05235e+15
3.81786e+15
3.20837e+15
1.7176e+15
