1.35617e+16
1.20882e+16
7.65528e+15
6.13824e+15
2.39957e+15
1.45223e+15
7.40195e+14
2.56393e+15
3.19821e+15
5.90281e+14
1.94596e+15
1.35769e+16
1.40971e+16
7.96052e+15
6.24747e+15
1.18339e+16
5.12835e+16
1.69152e+17
2.01973e+17
2.07544e+17
1.23253e+17
7.61048e+15
7.06048e+15
2.8076e+16
2.31419e+16
2.20065e+16
2.00526e+16
1.02605e+16
7.42062e+15
1.81475e+16
3.61062e+15
2.98368e+15
2.88081e+16
7.60019e+22
1.55953e+18
3.83446e+19
1.34828e+20
1.66629e+20
1.65531e+20
1.03612e+20
1.8137e+19
3.33655e+17
4.90032e+16
7.77045e+15
5.54177e+15
6.29176e+15
7.41535e+14
5.0485e+15
3.45282e+15
5.86243e+15
1.08831e+16
1.6508e+16
1.79707e+16
7.08511e+15
4.66017e+16
1.17534e+17
1.20145e+17
1.27999e+17
9.41368e+16
4.28823e+16
4.48235e+16
6.22762e+16
6.41021e+16
4.63648e+16
1.98125e+16
5.18257e+15
1.35617e+16
1.20882e+16
7.65528e+15
6.13824e+15
2.39957e+15
1.45223e+15
7.40195e+14
2.56393e+15
1.73677e+15
1.93805e+15
2.91826e+15
3.54008e+15
2.59081e+15
1.22793e+15
1.62646e+14
7.54378e+13
4.66833e+14
2.86401e+14
2.55604e+14
1.13926e+15
2.66912e+15
3.53088e+15
3.06647e+15
2.0127e+15
6.70435e+14
1.72734e+14
1.92339e+14
1.1253e+14
7.88864e+13
3.51042e+14
3.83712e+14
2.30707e+14
2.88081e+16
7.60019e+22
1.55953e+18
3.83446e+19
1.34828e+20
1.66629e+20
1.65531e+20
1.03612e+20
4.81238e+12
5.56611e+13
5.42025e+14
7.74789e+14
6.19305e+14
3.67473e+14
1.1479e+14
3.75061e+14
8.0517e+14
7.62842e+14
4.52098e+14
3.98265e+14
3.64674e+14
8.07215e+14
1.29627e+15
9.95678e+14
3.18124e+14
6.22421e+13
7.96643e+14
1.61492e+15
1.76796e+15
1.28843e+15
7.26037e+14
4.35766e+14
1.98125e+16
5.18257e+15
1.39491e+15
1.41376e+15
9.41442e+14
1.98513e+14
1.69789e+14
5.60496e+14
7.44144e+14
1.10785e+14
6.75571e+14
1.67837e+15
4.68726e+15
6.26172e+15
3.95362e+15
1.59195e+15
1.09494e+14
6.92786e+14
2.11677e+15
3.22278e+15
4.33661e+15
2.42661e+15
5.20636e+14
6.72202e+14
2.85763e+15
4.94381e+15
5.10308e+15
4.5154e+15
3.04145e+15
1.22084e+15
1.23619e+15
1.20198e+16
1.10817e+16
1.24915e+16
1.35053e+16
7.60347e+22
1.02083e+16
6.26096e+15
5.24928e+15
5.42646e+15
5.30625e+15
3.73315e+15
2.60637e+15
2.00148e+15
2.5488e+15
4.65752e+15
5.93997e+15
7.17038e+15
7.78679e+15
4.23376e+15
2.41786e+15
9.74732e+14
3.71007e+14
6.5089e+14
3.64408e+14
2.1188e+14
3.78347e+14
5.18114e+14
5.32491e+14
1.92923e+15
4.85452e+15
5.62901e+15
6.23821e+15
5.06093e+15
2.603e+15
1.39356e+15
4.13615e+14
6.53557e+13
