2.24898e+14
1.43105e+15
2.33958e+15
8.89687e+14
6.35911e+13
1.75903e+14
4.81513e+14
1.94973e+15
4.36096e+15
4.2718e+15
1.46868e+15
6.25995e+14
2.21956e+15
1.25992e+15
1.90197e+16
5.87311e+16
3.63145e+16
3.11737e+15
2.20455e+16
1.5923e+17
2.54698e+17
1.69811e+17
1.02341e+17
5.10759e+16
1.73061e+16
1.46185e+16
1.44675e+16
1.82804e+16
2.13216e+16
1.38031e+16
1.20912e+24
1.71506e+16
4.2354e+16
7.56327e+22
3.60684e+18
4.70169e+19
1.48835e+20
1.72639e+20
1.56339e+20
9.33635e+19
1.31014e+19
2.17496e+16
6.1067e+16
5.0151e+15
6.25653e+14
2.93518e+14
3.90737e+14
4.00028e+15
1.36287e+16
3.75424e+16
7.53708e+16
1.08664e+17
1.2768e+17
1.39207e+17
1.71905e+17
1.86211e+17
7.25107e+16
5.69906e+15
4.04634e+15
3.17417e+16
3.70626e+16
4.96926e+15
4.59337e+15
1.21182e+16
1.77728e+16
3.11178e+16
1.10468e+15
9.18053e+14
1.50509e+14
3.54595e+14
2.09015e+15
4.2714e+15
4.46333e+15
2.23153e+15
6.54357e+14
1.27634e+14
3.47474e+13
7.56256e+14
1.74867e+15
1.80843e+15
1.3675e+15
8.54464e+14
3.54446e+14
1.64487e+14
4.8125e+13
2.88072e+14
8.86275e+14
1.05917e+15
1.43598e+15
2.95701e+15
4.23775e+15
4.07758e+15
2.46798e+15
3.86215e+14
8.02074e+14
8.71248e+14
1.09411e+14
2.415e+14
8.67443e+14
7.60181e+22
1.89925e+15
1.13158e+15
1.29556e+15
1.83254e+15
1.50279e+15
1.32555e+15
1.22347e+15
9.49774e+14
7.20192e+14
4.05824e+14
3.64747e+14
1.79952e+14
1.23115e+14
5.92593e+14
1.6379e+15
3.04127e+15
3.76376e+15
3.56353e+15
2.76999e+15
2.77145e+15
2.8659e+15
1.75871e+15
1.25895e+15
1.65481e+15
2.76261e+15
4.02419e+15
3.10403e+15
1.79258e+15
1.15025e+15
8.36363e+14
8.48809e+14
1.3205e+15
1.12106e+14
7.81288e+14
1.21501e+15
8.29402e+14
5.32337e+14
2.40155e+14
2.41881e+14
7.52755e+14
9.70111e+14
1.30771e+15
2.04677e+15
3.14897e+15
3.58515e+15
2.49127e+15
1.4896e+15
1.27978e+15
1.25099e+15
5.03535e+14
1.1291e+14
5.8078e+14
1.75851e+15
2.26499e+15
3.12399e+15
3.89867e+15
2.53193e+15
1.26295e+15
5.86477e+14
6.08153e+13
3.38039e+14
3.52363e+14
1.85981e+15
1.33357e+15
4.18008e+14
9.81934e+13
1.21038e+14
9.39229e+14
1.8948e+15
2.51113e+15
2.36477e+15
1.42158e+15
5.34299e+14
1.41725e+14
8.49107e+12
7.15809e+13
9.70304e+13
7.70338e+13
3.64636e+14
1.03057e+15
4.89407e+14
2.10662e+14
1.92215e+15
5.51578e+15
6.34261e+15
2.97193e+15
3.16272e+14
4.21893e+13
2.19358e+13
1.46645e+13
1.14632e+14
8.45415e+14
1.96349e+15
3.84228e+15
6.90836e+15
8.04667e+15
5.05336e+15
2.454e+15
