4.49456e+16
2.87458e+16
4.20696e+16
6.23161e+16
8.92229e+16
8.42942e+16
5.74073e+16
2.65212e+16
1.54671e+15
2.89406e+15
5.58782e+15
1.39235e+16
1.38201e+16
9.66181e+15
8.10697e+15
1.33876e+16
2.03569e+16
1.41161e+16
3.2024e+15
2.11077e+15
5.78519e+15
1.11172e+16
1.35541e+16
9.85748e+15
2.91288e+16
8.19417e+16
9.35226e+16
8.02124e+16
5.85361e+16
6.00821e+16
1.2195e+24
3.63423e+15
3.67685e+17
2.61242e+19
2.17359e+19
7.75829e+22
1.84897e+20
1.9544e+20
1.44771e+20
3.46882e+19
4.51914e+17
2.071e+17
7.09288e+16
1.5665e+16
2.82284e+16
7.45282e+16
1.28038e+17
1.4554e+17
8.3528e+16
3.32516e+16
1.57385e+15
7.93318e+15
3.86166e+16
5.17721e+16
3.15333e+16
1.12948e+16
1.29699e+16
2.21261e+15
1.86649e+15
7.4881e+15
1.52382e+16
2.40702e+16
3.1018e+16
2.19727e+16
1.16303e+16
5.31278e+15
6.98889e+15
1.3659e+16
1.09574e+16
5.79415e+15
7.71746e+15
2.10925e+16
5.82442e+16
9.39659e+16
1.14866e+17
1.30971e+17
1.07774e+17
6.74678e+16
4.13852e+16
2.32165e+16
1.58869e+16
2.78247e+16
5.01882e+16
6.542e+16
6.65508e+16
4.9726e+16
6.37268e+16
7.47413e+16
6.92592e+16
6.6546e+16
1.08679e+16
7.91965e+15
4.33326e+16
1.64193e+17
7.45784e+16
4.3183e+17
2.78099e+18
2.80303e+18
5.94924e+18
2.11664e+19
9.89606e+19
2.04294e+20
1.82195e+20
1.30819e+20
5.27316e+19
2.42812e+18
5.10658e+18
2.04789e+18
3.45676e+17
3.9577e+16
1.63776e+16
6.31358e+16
1.20478e+17
1.7411e+17
1.2852e+17
1.11612e+17
7.24784e+16
5.20328e+16
6.78844e+16
6.17385e+16
6.25775e+16
8.05958e+16
1.04644e+17
1.41912e+17
1.84452e+17
2.20146e+17
2.44341e+17
2.53651e+17
2.45013e+17
2.00616e+17
1.43587e+17
9.911e+16
4.80921e+18
4.80682e+18
4.7272e+18
4.59282e+18
4.55611e+18
4.66276e+18
4.70757e+18
4.73491e+18
4.72042e+18
4.76059e+18
4.76723e+18
4.66868e+18
4.62736e+18
4.62914e+18
4.7012e+18
4.76481e+18
4.83102e+18
4.88818e+18
4.88441e+18
4.82589e+18
4.68579e+18
4.60127e+18
4.55863e+18
4.65233e+18
4.81592e+18
4.94197e+18
4.96721e+18
4.76761e+18
4.75287e+18
4.46525e+18
4.52583e+18
5.4114e+17
5.94924e+18
2.11664e+19
9.89606e+19
2.04294e+20
1.82195e+20
1.30819e+20
5.27316e+19
2.42812e+18
4.73626e+18
4.59993e+18
4.49129e+18
4.41328e+18
4.46325e+18
4.53987e+18
4.60484e+18
4.60766e+18
4.54025e+18
4.48332e+18
4.47321e+18
4.5858e+18
4.67123e+18
4.72531e+18
4.69319e+18
4.63211e+18
4.60107e+18
4.60497e+18
4.68695e+18
4.68852e+18
4.73099e+18
4.76161e+18
4.73967e+18
4.69154e+18
1.43587e+17
9.911e+16
