5.04396e+16
2.74766e+16
1.46537e+16
1.55488e+16
1.55583e+16
6.63109e+15
5.67156e+15
1.02393e+16
1.81544e+16
3.26287e+16
3.97906e+16
4.87036e+16
5.62885e+16
5.8429e+16
5.40414e+16
2.20724e+16
3.90827e+15
3.49639e+15
2.55351e+15
1.38645e+15
5.15088e+14
4.24e+14
1.95255e+14
2.00257e+14
3.25374e+16
6.11884e+15
4.63254e+15
1.32269e+16
4.22001e+16
1.03474e+17
3.59917e+17
8.50448e+17
3.35006e+15
9.32074e+14
3.06674e+13
8.08502e+14
1.76678e+15
4.50667e+15
6.40037e+15
4.59334e+15
1.40571e+18
2.22101e+18
1.34899e+18
5.66567e+17
1.66561e+17
2.77929e+16
1.84402e+15
4.66748e+15
2.7258e+16
5.20971e+16
8.24911e+16
1.04385e+17
1.00052e+17
9.04137e+16
4.49282e+16
2.82777e+16
4.78287e+16
5.14026e+16
3.32977e+16
4.12239e+16
8.79212e+16
9.29544e+16
1.02667e+17
8.83625e+16
3.23499e+16
9.76892e+15
7.7224e+13
6.6138e+14
4.21217e+15
1.00945e+16
1.83635e+16
3.09702e+16
3.8733e+16
4.05406e+16
4.41513e+16
5.38701e+16
6.84433e+16
7.81711e+16
8.22706e+16
7.79007e+16
6.58842e+16
5.1581e+16
3.90362e+16
2.52913e+16
1.63585e+16
1.5496e+16
1.81143e+16
1.62535e+16
9.20426e+15
3.42496e+15
1.52975e+15
1.91934e+15
3.82059e+15
8.50142e+15
1.36483e+16
2.19755e+16
1.42834e+16
2.6408e+16
2.75568e+18
2.62926e+18
9.68789e+18
7.39971e+19
1.54494e+20
1.6053e+20
1.45753e+20
6.34473e+19
4.12058e+16
4.50577e+16
4.07556e+16
2.80233e+16
1.86738e+16
1.05712e+16
5.47401e+15
3.02243e+15
8.0608e+14
6.8265e+14
1.90065e+15
7.49205e+15
2.14511e+16
3.53187e+16
3.53142e+16
3.06182e+16
3.50391e+16
4.53457e+16
5.12232e+16
5.97635e+16
6.85081e+16
7.37456e+16
7.1647e+16
6.3765e+16
4.69517e+16
3.1759e+16
3.83074e+14
1.36767e+15
2.91474e+15
5.56072e+15
5.58081e+15
3.24896e+15
1.15189e+15
7.2031e+13
1.43243e+15
3.00539e+15
4.48213e+15
6.18181e+15
4.57357e+15
1.38175e+15
4.56502e+13
1.87815e+15
3.90827e+15
3.49639e+15
2.55351e+15
1.38645e+15
5.15088e+14
4.24e+14
1.95255e+14
2.00257e+14
1.16809e+14
6.12948e+14
1.4817e+15
2.38801e+15
8.35007e+15
3.91238e+15
8.82504e+15
9.155e+15
3.35006e+15
9.32074e+14
3.06674e+13
8.08502e+14
1.76678e+15
4.50667e+15
6.40037e+15
4.59334e+15
2.29241e+15
1.1796e+15
1.03479e+15
1.19512e+15
8.16383e+14
6.10805e+14
9.98954e+14
1.82738e+15
2.1338e+15
2.35651e+15
2.6495e+15
2.53344e+15
1.61378e+15
1.00361e+15
2.64587e+15
6.01785e+15
3.50391e+16
4.53457e+16
5.12232e+16
5.97635e+16
6.85081e+16
7.37456e+16
7.1647e+16
6.3765e+16
4.69517e+16
3.1759e+16
