1.00973e+15
3.96792e+15
7.70715e+15
1.26623e+16
6.00333e+15
4.66944e+15
5.28003e+15
1.18944e+16
9.86738e+15
1.60687e+15
6.82613e+15
6.21698e+14
9.29206e+15
6.96696e+15
8.14561e+15
7.53266e+16
2.19501e+17
2.54253e+17
2.35623e+17
1.42091e+17
3.99936e+16
1.19891e+16
1.37414e+16
3.67538e+16
2.10288e+16
1.25221e+16
2.10206e+16
5.23543e+16
4.58744e+15
1.90724e+17
9.50514e+15
1.52431e+17
7.96615e+13
7.60038e+22
1.20085e+14
3.49161e+14
8.06317e+14
1.99731e+15
2.9977e+15
2.07643e+15
1.96622e+19
1.89141e+18
4.0763e+17
1.79682e+17
1.19283e+17
1.15054e+17
1.10403e+16
4.67593e+16
4.10911e+16
1.38486e+16
4.39394e+15
3.02935e+16
4.12733e+16
8.60087e+15
1.11287e+16
6.72198e+16
1.85791e+17
2.36749e+17
2.46293e+17
1.67775e+17
6.38005e+16
4.08e+16
2.70682e+16
4.84311e+15
9.16825e+14
4.68423e+14
2.4769e+15
1.88605e+15
1.24578e+15
1.45578e+15
2.46559e+15
3.08623e+15
3.69855e+15
4.94045e+15
3.81655e+15
1.30315e+15
5.60998e+14
3.16215e+14
2.32913e+14
1.26156e+15
2.57651e+15
2.81974e+15
1.53112e+15
4.76128e+14
1.34182e+15
2.73766e+15
2.98931e+15
1.82426e+15
8.27722e+14
5.25905e+14
2.53512e+14
3.63698e+14
6.5791e+14
1.41122e+15
1.24426e+15
1.98324e+15
2.42018e+15
2.01415e+15
7.96615e+13
7.60038e+22
1.20085e+14
3.49161e+14
8.06317e+14
1.99731e+15
2.9977e+15
2.07643e+15
2.88164e+15
3.25459e+15
2.97242e+15
1.83544e+15
6.88015e+14
3.2529e+14
2.97946e+14
5.35619e+14
3.26108e+14
4.85697e+13
1.39817e+14
1.5665e+14
1.30138e+14
6.33887e+14
1.24357e+15
6.17685e+14
3.12062e+14
3.10075e+14
1.52537e+14
3.53923e+14
4.5414e+14
3.14034e+14
1.30466e+14
2.01847e+14
6.22873e+14
6.91295e+14
8.74808e+14
1.49823e+15
2.68724e+15
3.79423e+15
5.66861e+15
6.20656e+15
3.76779e+15
1.46621e+15
3.87409e+14
3.35558e+14
1.88502e+15
2.53434e+15
1.23572e+15
4.23536e+14
1.47911e+15
2.36032e+15
2.04278e+15
9.7516e+14
3.08336e+12
5.03814e+14
9.99671e+14
1.29069e+15
1.15938e+15
6.7719e+14
2.09481e+14
4.77351e+14
1.10469e+15
1.23656e+15
7.29818e+14
2.43338e+14
1.50876e+15
1.40347e+15
7.96615e+13
7.60038e+22
1.20085e+14
3.49161e+14
8.06317e+14
1.99731e+15
2.9977e+15
2.07643e+15
8.92511e+14
1.24434e+15
1.58847e+15
2.92494e+15
3.77489e+15
5.35985e+15
5.27579e+15
3.6153e+15
2.69952e+15
2.87845e+15
2.90155e+15
1.54323e+15
1.809e+15
3.63646e+15
4.81354e+15
6.10611e+15
9.59412e+15
1.3341e+16
1.12239e+16
5.74673e+15
3.31228e+15
5.04675e+15
9.07143e+15
9.22493e+15
9.16825e+14
4.68423e+14
