1.10896e+17
1.00317e+17
8.60609e+16
5.68727e+16
3.63414e+16
3.12246e+16
3.08069e+16
3.75229e+16
4.82752e+16
5.58222e+16
6.52719e+16
9.17785e+16
1.06719e+17
1.02865e+17
1.14466e+17
1.21122e+17
9.26077e+16
5.39176e+16
2.04232e+16
6.79282e+16
2.15511e+17
2.9204e+17
2.6275e+17
1.81489e+17
9.26647e+16
6.37469e+16
9.1961e+16
1.87579e+17
4.49767e+17
4.97628e+17
9.11809e+17
1.41466e+18
2.7165e+18
7.61858e+22
2.46455e+19
1.10155e+20
1.80861e+20
1.53804e+20
1.11401e+20
3.07292e+19
1.31859e+17
3.34242e+18
1.93499e+18
1.01083e+18
5.115e+17
2.3754e+17
1.17605e+17
6.05621e+16
3.62774e+16
4.43746e+16
8.34797e+16
1.37544e+17
1.31522e+17
8.22728e+16
3.69574e+16
3.9957e+16
1.12197e+17
1.66922e+17
1.71412e+17
1.67308e+17
1.46998e+17
1.268e+17
1.25745e+17
1.14143e+17
1.05721e+15
5.93771e+14
4.64307e+14
6.1095e+14
7.46053e+14
6.267e+14
5.54942e+14
5.63233e+14
5.14132e+14
5.91892e+14
7.02151e+14
5.26412e+14
2.90064e+14
6.32427e+13
1.84464e+13
4.00147e+13
7.18953e+13
9.69714e+13
3.11353e+14
5.26955e+14
2.43633e+14
1.45113e+14
1.15865e+15
1.80045e+15
1.13109e+15
4.20097e+14
1.33451e+14
2.43499e+13
9.80943e+13
2.98642e+14
6.47752e+14
1.20967e+15
1.37732e+15
1.08078e+15
3.22205e+14
7.60026e+22
4.81047e+14
1.18323e+15
1.26631e+15
9.71615e+14
6.74248e+14
4.84484e+14
4.1651e+14
5.12677e+14
5.62886e+14
4.79363e+14
3.784e+14
2.28829e+14
1.23348e+14
2.06392e+14
5.52349e+14
7.16783e+14
2.27613e+14
2.4868e+13
5.06101e+14
8.37201e+14
4.40421e+14
1.50221e+14
1.08165e+14
1.48569e+14
2.93809e+14
7.85952e+14
1.18818e+15
1.18271e+15
7.08066e+14
1.47109e+14
1.05721e+15
5.93771e+14
4.19507e+15
4.93546e+15
6.51959e+15
6.79836e+15
5.07809e+15
3.81107e+15
3.56831e+15
3.3151e+15
3.73796e+15
5.79296e+15
1.02367e+16
1.4453e+16
1.52827e+16
1.4696e+16
1.36729e+16
1.09067e+16
8.22071e+15
7.40373e+15
5.88013e+15
4.47234e+15
5.41673e+15
6.29398e+15
6.47083e+15
7.42361e+15
8.4563e+15
8.73491e+15
9.66814e+15
1.21195e+16
1.35001e+16
1.2737e+16
8.92514e+15
6.94648e+15
4.25452e+15
7.60232e+22
2.61721e+15
2.65585e+15
4.39887e+15
9.10466e+15
1.30925e+16
1.30834e+16
1.17156e+16
1.0053e+16
8.57294e+15
9.3602e+15
9.19357e+15
8.13419e+15
9.11993e+15
1.17372e+16
1.28134e+16
1.29394e+16
1.17833e+16
9.2146e+15
6.56686e+15
6.57679e+15
9.74609e+15
1.3645e+16
1.60936e+16
1.67541e+16
1.06935e+16
5.72416e+15
7.22971e+15
8.16146e+15
8.04538e+15
1.04146e+16
1.21468e+16
1.49943e+16
