1.10896e+17
1.00317e+17
8.60609e+16
5.68727e+16
3.63414e+16
3.12246e+16
3.08069e+16
3.75229e+16
4.82752e+16
5.58222e+16
6.52719e+16
9.17785e+16
1.06719e+17
1.02865e+17
1.14466e+17
1.21122e+17
9.26077e+16
5.39176e+16
2.04232e+16
6.79282e+16
2.15511e+17
2.9204e+17
2.6275e+17
1.81489e+17
9.26647e+16
6.37469e+16
9.1961e+16
1.87579e+17
4.49767e+17
4.97628e+17
9.11809e+17
1.41466e+18
2.7165e+18
7.61858e+22
2.46455e+19
1.10155e+20
1.80861e+20
1.53804e+20
1.11401e+20
3.07292e+19
1.31859e+17
3.34242e+18
1.93499e+18
1.01083e+18
5.115e+17
2.3754e+17
1.17605e+17
6.05621e+16
3.62774e+16
4.43746e+16
8.34797e+16
1.37544e+17
1.31522e+17
8.22728e+16
3.69574e+16
3.9957e+16
1.12197e+17
1.66922e+17
1.71412e+17
1.67308e+17
1.46998e+17
1.268e+17
1.25745e+17
1.14143e+17
1.05721e+15
5.93771e+14
4.64307e+14
6.1095e+14
7.46053e+14
6.267e+14
5.54942e+14
5.63233e+14
5.14132e+14
5.91892e+14
7.02151e+14
5.26412e+14
2.90064e+14
6.32427e+13
1.84464e+13
4.00147e+13
7.18953e+13
9.69714e+13
3.11353e+14
5.26955e+14
2.43633e+14
1.45113e+14
1.15865e+15
1.80045e+15
1.13109e+15
4.20097e+14
1.33451e+14
2.43499e+13
9.80943e+13
2.98642e+14
6.47752e+14
1.20967e+15
1.37732e+15
1.08078e+15
3.22205e+14
7.60026e+22
4.81047e+14
1.18323e+15
1.26631e+15
9.71615e+14
6.74248e+14
4.84484e+14
4.1651e+14
5.12677e+14
5.62886e+14
4.79363e+14
3.784e+14
2.28829e+14
1.23348e+14
2.06392e+14
5.52349e+14
7.16783e+14
2.27613e+14
2.4868e+13
5.06101e+14
8.37201e+14
4.40421e+14
1.50221e+14
1.08165e+14
1.48569e+14
2.93809e+14
7.85952e+14
1.18818e+15
1.18271e+15
7.08066e+14
1.47109e+14
1.05721e+15
5.93771e+14
1.03063e+15
7.37684e+14
3.16163e+14
7.58742e+13
3.4068e+14
4.08245e+14
3.1364e+14
2.74846e+14
1.0085e+14
3.96008e+13
9.27995e+13
1.10581e+14
2.13989e+14
1.74835e+14
3.33785e+14
5.61675e+14
2.339e+14
2.86833e+14
8.47662e+14
1.66506e+15
2.94672e+15
2.4548e+15
8.69339e+14
1.33206e+14
7.86195e+13
1.31883e+13
1.40044e+14
4.49211e+14
1.43487e+15
8.16133e+14
1.33796e+14
5.05166e+14
2.04406e+15
7.60196e+22
2.91998e+15
2.54449e+15
1.61722e+15
1.07709e+15
6.68047e+14
4.33804e+14
5.86279e+14
6.86394e+14
1.29042e+15
1.82885e+15
1.47217e+15
5.39267e+14
8.99701e+13
7.49232e+14
1.19396e+15
1.90741e+15
2.28706e+15
1.96083e+15
9.10654e+14
1.38116e+14
2.23759e+14
1.21407e+14
5.98341e+13
2.95272e+14
7.77612e+14
1.27368e+15
2.48613e+15
2.46383e+15
4.97244e+14
7.13411e+13
1.05721e+15
5.93771e+14
