1.31965e+16
1.44663e+16
1.35381e+16
4.7559e+15
6.40828e+14
2.74869e+15
1.10037e+16
1.76655e+16
1.05747e+16
1.06403e+15
1.87887e+15
1.03496e+16
2.14107e+16
1.95743e+16
5.44822e+15
4.5817e+15
1.09995e+17
2.84804e+17
2.89525e+17
2.0912e+17
9.80935e+16
5.84869e+16
5.79559e+16
3.22688e+16
2.39821e+16
3.26352e+16
4.65652e+16
7.27496e+16
2.26941e+17
1.34357e+17
2.35174e+17
3.6884e+17
3.75791e+17
7.60592e+22
2.69869e+18
4.8117e+19
1.40135e+20
1.64243e+20
1.6358e+20
9.29806e+19
1.40112e+19
1.2725e+18
4.9963e+17
1.80767e+17
1.53161e+17
1.70561e+17
1.38225e+17
8.46923e+16
3.57508e+16
1.29524e+16
2.14187e+16
4.57264e+16
7.19758e+16
7.25069e+16
6.9508e+16
1.10945e+17
1.58635e+17
2.22809e+17
1.93219e+17
8.72629e+16
4.06134e+16
2.25498e+16
1.69729e+16
6.74422e+15
1.43587e+17
9.911e+16
1.30178e+15
1.3291e+15
1.24839e+15
1.35768e+15
1.36111e+15
1.44988e+15
1.18373e+15
7.10085e+14
1.05747e+16
1.06403e+15
1.87887e+15
1.03496e+16
2.14107e+16
1.95743e+16
5.44822e+15
4.5817e+15
2.2727e+14
1.90318e+14
6.27172e+14
9.04799e+14
1.01597e+15
1.39833e+15
1.21928e+15
1.00588e+15
9.12677e+14
5.55598e+14
6.31543e+14
6.31459e+14
7.44478e+14
1.08476e+15
9.43693e+14
6.73654e+14
6.19493e+14
3.12553e+14
5.43852e+14
2.6768e+14
1.90809e+14
6.93511e+14
9.92178e+14
8.24379e+14
1.03486e+15
1.04683e+15
3.45079e+14
2.05164e+14
3.5759e+14
6.9356e+14
1.13928e+15
9.67018e+14
4.84779e+14
1.22902e+14
8.1002e+13
4.37043e+14
1.58552e+15
2.01976e+15
1.82233e+15
2.01339e+15
1.61074e+15
1.16624e+15
1.26537e+15
1.28486e+15
1.07127e+15
8.07123e+14
4.16683e+14
5.86368e+13
3.27282e+12
2.15768e+11
3.9247e+14
2.03027e+14
3.65747e+14
8.01273e+14
4.96389e+14
8.85081e+13
5.42685e+13
4.63881e+14
2.26788e+14
1.95491e+14
1.99027e+14
3.58835e+14
1.9648e+14
1.97319e+14
4.21422e+14
1.25692e+15
2.70051e+15
3.26881e+15
2.70031e+15
2.43657e+15
2.07024e+15
1.44501e+15
1.24547e+15
1.302e+15
1.01945e+15
4.14438e+14
5.74567e+14
7.5556e+14
2.34962e+14
1.48173e+15
2.39909e+15
2.60111e+14
8.85995e+13
9.17315e+14
1.8942e+15
3.95872e+15
5.01247e+15
3.26301e+15
1.31543e+15
3.90829e+14
1.03479e+15
2.04923e+15
1.75843e+15
5.54445e+14
2.76659e+14
7.05449e+14
1.27886e+15
1.64592e+15
5.72213e+14
4.84291e+14
1.36665e+15
2.8713e+15
5.12823e+15
7.95582e+15
7.48832e+15
2.4501e+15
6.16936e+14
3.23808e+15
4.23272e+15
2.13133e+15
5.57122e+14
4.29783e+13
2.71011e+14
7.53376e+12
5.20322e+14
1.22997e+15
