3.45113e+16
2.32334e+16
1.22457e+16
4.5672e+15
7.00828e+15
1.57722e+16
1.7866e+16
1.34986e+16
1.08663e+16
1.49638e+16
2.98959e+16
3.72709e+16
2.32799e+16
4.1564e+16
1.38531e+17
2.13146e+17
2.43262e+17
1.70983e+17
4.03365e+16
2.43902e+16
2.95224e+16
1.55247e+16
1.02252e+16
8.67979e+15
7.36586e+15
1.32959e+15
3.04712e+15
5.68848e+15
2.77175e+15
3.85098e+15
5.03213e+16
1.60262e+16
1.225e+16
9.12178e+16
4.58369e+17
2.53642e+19
1.16746e+20
1.64422e+20
1.73939e+20
1.28873e+20
3.01905e+19
1.61543e+18
6.56121e+16
1.02522e+16
1.49536e+16
5.31646e+15
5.95465e+14
3.92688e+15
2.09052e+15
1.19671e+15
8.05682e+15
1.21244e+16
1.37946e+16
2.5863e+16
4.80493e+16
6.20084e+16
4.07467e+16
2.0402e+16
1.05096e+17
1.65134e+17
1.58366e+17
1.06306e+17
2.79546e+16
1.21172e+16
2.36565e+16
1.84611e+16
1.09968e+14
1.38411e+13
2.83841e+12
5.39104e+13
2.40907e+14
3.57648e+14
5.26301e+14
7.5176e+14
1.26372e+15
1.61939e+15
1.39996e+15
9.16206e+14
3.23317e+14
1.04913e+14
3.60733e+14
9.6302e+14
9.88284e+14
5.89029e+14
7.04061e+13
1.80467e+14
7.07973e+14
8.21715e+14
5.37426e+14
6.2068e+14
8.8144e+14
1.23551e+15
1.30165e+15
1.2441e+15
1.01077e+15
3.24602e+14
3.44508e+14
1.03025e+15
1.225e+16
9.12178e+16
4.58369e+17
2.53642e+19
1.16746e+20
1.64422e+20
1.73939e+20
1.28873e+20
1.26236e+14
2.77333e+14
2.35941e+14
6.16518e+13
2.12536e+12
5.60429e+13
6.30907e+14
3.16871e+15
6.2715e+15
7.64304e+15
6.03785e+15
2.79621e+15
8.43808e+14
1.65777e+14
8.6664e+12
9.90436e+12
1.71185e+14
3.48252e+14
3.47935e+14
7.7391e+14
8.23405e+14
5.39028e+14
9.49002e+14
7.98666e+14
5.08959e+14
7.8347e+14
3.9247e+14
2.03027e+14
3.65747e+14
8.01273e+14
4.96389e+14
8.85081e+13
5.42685e+13
4.63881e+14
2.26788e+14
1.95491e+14
1.99027e+14
3.58835e+14
1.9648e+14
1.97319e+14
4.21422e+14
1.25692e+15
2.70051e+15
3.26881e+15
2.70031e+15
2.43657e+15
2.07024e+15
1.44501e+15
1.24547e+15
1.302e+15
1.01945e+15
4.14438e+14
5.74567e+14
7.5556e+14
2.34962e+14
1.48173e+15
2.39909e+15
2.60111e+14
8.85995e+13
9.17315e+14
1.8942e+15
3.95872e+15
5.01247e+15
3.26301e+15
1.31543e+15
3.90829e+14
1.03479e+15
2.04923e+15
1.75843e+15
5.54445e+14
2.76659e+14
7.05449e+14
1.27886e+15
1.64592e+15
5.72213e+14
4.84291e+14
1.36665e+15
2.8713e+15
5.12823e+15
7.95582e+15
7.48832e+15
2.4501e+15
6.16936e+14
3.23808e+15
4.23272e+15
2.13133e+15
5.57122e+14
4.29783e+13
2.71011e+14
7.53376e+12
5.20322e+14
1.22997e+15
