2.05175e+14
1.50641e+14
1.57923e+13
4.27158e+13
2.05287e+13
5.14899e+14
9.44292e+14
1.59892e+15
9.81941e+14
1.1055e+15
1.7046e+15
3.68785e+15
4.17442e+15
5.78743e+15
3.04878e+16
9.42303e+16
1.98643e+17
2.62987e+17
2.31595e+17
1.3105e+17
2.43871e+16
2.83995e+15
2.14093e+15
3.58648e+15
2.04483e+15
2.0435e+15
7.11301e+14
4.65806e+15
2.58732e+15
3.30372e+15
9.52098e+13
2.03246e+15
1.29649e+15
7.59175e+22
1.09648e+18
3.43422e+19
1.30216e+20
1.68069e+20
1.72248e+20
1.14422e+20
2.20894e+19
6.44975e+17
4.85128e+14
1.46798e+15
1.20231e+14
9.96509e+14
3.98268e+14
1.31278e+15
4.27208e+15
2.71912e+15
6.07899e+14
8.41854e+14
4.67756e+15
4.52469e+15
1.04556e+16
3.37046e+16
1.23482e+17
1.88433e+17
1.82538e+17
1.24091e+17
5.0034e+16
9.54114e+15
6.11583e+14
1.54999e+15
1.85293e+14
2.12139e+15
2.45572e+14
2.66162e+14
2.03401e+14
8.17011e+13
2.41639e+14
5.30803e+14
6.89009e+14
9.95425e+14
1.63127e+15
1.76366e+15
1.58025e+15
9.24606e+14
2.23321e+14
2.07153e+14
8.97288e+14
2.14169e+15
1.78751e+15
1.01297e+15
1.10734e+15
1.01019e+15
7.95257e+14
8.76497e+14
1.44696e+15
1.13684e+15
8.22406e+14
6.63736e+14
6.09833e+14
5.69023e+14
3.87618e+14
1.04072e+14
5.68346e+13
5.34341e+13
1.29649e+15
7.59175e+22
1.09648e+18
3.43422e+19
1.30216e+20
1.68069e+20
1.72248e+20
1.14422e+20
1.08427e+14
1.1569e+14
6.70122e+13
8.23343e+13
2.44154e+14
7.44329e+14
1.75117e+15
3.22756e+15
4.2515e+15
3.1601e+15
1.53896e+15
8.01795e+14
5.07799e+14
4.73334e+14
5.76502e+14
1.07416e+15
1.23482e+17
1.88433e+17
1.82538e+17
1.24091e+17
5.0034e+16
9.54114e+15
6.11583e+14
1.54999e+15
1.85293e+14
2.12139e+15
1.36744e+15
3.22506e+14
1.99224e+14
6.35796e+14
6.62003e+14
2.70879e+14
8.97246e+14
2.49973e+15
3.0263e+15
1.82777e+15
3.50539e+14
5.66848e+14
2.15406e+15
4.58762e+15
9.12289e+15
1.07123e+16
8.62929e+15
7.11031e+15
5.72514e+15
4.87023e+15
2.52854e+15
1.06163e+15
8.28321e+14
5.02768e+14
8.22406e+14
6.63736e+14
6.09833e+14
5.69023e+14
3.87618e+14
1.04072e+14
5.68346e+13
5.34341e+13
1.29649e+15
7.59175e+22
1.09648e+18
3.43422e+19
1.30216e+20
1.68069e+20
1.72248e+20
1.14422e+20
1.08427e+14
1.1569e+14
6.70122e+13
8.23343e+13
2.44154e+14
7.44329e+14
1.75117e+15
3.22756e+15
3.77555e+15
3.92946e+15
6.15594e+15
6.30411e+15
4.16841e+15
3.00899e+15
1.70161e+15
6.50644e+14
1.23482e+17
1.88433e+17
1.82538e+17
1.24091e+17
5.0034e+16
9.54114e+15
6.11583e+14
1.54999e+15
2.24094e+15
1.83372e+15
