4.49456e+16
2.87458e+16
4.20696e+16
6.23161e+16
8.92229e+16
8.42942e+16
5.74073e+16
2.65212e+16
1.54671e+15
2.89406e+15
5.58782e+15
1.39235e+16
1.38201e+16
9.66181e+15
8.10697e+15
1.33876e+16
2.03569e+16
1.41161e+16
3.2024e+15
2.11077e+15
5.78519e+15
1.11172e+16
1.35541e+16
9.85748e+15
2.91288e+16
8.19417e+16
9.35226e+16
8.02124e+16
5.85361e+16
6.00821e+16
1.2195e+24
3.63423e+15
3.67685e+17
2.61242e+19
2.17359e+19
7.75829e+22
1.84897e+20
1.9544e+20
1.44771e+20
3.46882e+19
4.51914e+17
2.071e+17
7.09288e+16
1.5665e+16
2.82284e+16
7.45282e+16
1.28038e+17
1.4554e+17
8.3528e+16
3.32516e+16
1.57385e+15
7.93318e+15
3.86166e+16
5.17721e+16
3.15333e+16
1.12948e+16
1.29699e+16
2.21261e+15
1.86649e+15
7.4881e+15
1.52382e+16
2.40702e+16
3.1018e+16
2.19727e+16
1.16303e+16
5.31278e+15
6.98889e+15
1.3659e+16
1.09574e+16
5.79415e+15
7.71746e+15
2.10925e+16
5.82442e+16
9.39659e+16
1.14866e+17
1.30971e+17
1.07774e+17
6.74678e+16
4.13852e+16
2.32165e+16
1.58869e+16
2.78247e+16
5.01882e+16
6.542e+16
6.65508e+16
4.9726e+16
6.37268e+16
7.47413e+16
6.92592e+16
6.6546e+16
1.08679e+16
7.91965e+15
4.33326e+16
1.64193e+17
7.45784e+16
4.3183e+17
2.78099e+18
2.80303e+18
5.94924e+18
2.11664e+19
9.89606e+19
2.04294e+20
1.82195e+20
1.30819e+20
5.27316e+19
2.42812e+18
5.10658e+18
2.04789e+18
3.45676e+17
3.9577e+16
1.63776e+16
6.31358e+16
1.20478e+17
1.7411e+17
1.2852e+17
1.11612e+17
7.24784e+16
5.20328e+16
6.78844e+16
6.17385e+16
6.25775e+16
8.05958e+16
1.04644e+17
1.41912e+17
1.84452e+17
2.20146e+17
2.44341e+17
2.53651e+17
2.45013e+17
2.00616e+17
1.43587e+17
9.911e+16
4.49456e+16
2.87458e+16
4.20696e+16
6.23161e+16
8.92229e+16
8.42942e+16
5.74073e+16
2.65212e+16
1.28483e+16
2.63475e+16
5.24042e+16
5.87391e+16
5.18666e+16
1.99425e+16
5.88842e+15
5.43771e+16
9.98743e+16
1.11251e+17
1.24879e+17
1.21001e+17
1.27893e+17
8.20847e+16
8.15393e+16
1.92591e+17
3.97324e+17
5.9784e+17
6.31711e+17
5.3064e+17
1.37479e+17
3.85521e+19
5.5061e+21
9.37142e+19
2.32957e+20
1.73903e+20
1.15086e+20
2.0751e+19
3.91088e+16
2.74773e+17
5.21368e+17
6.53538e+17
4.51914e+17
2.071e+17
7.09288e+16
1.5665e+16
2.82284e+16
7.45282e+16
1.28038e+17
1.4554e+17
8.3528e+16
3.32516e+16
1.57385e+15
7.93318e+15
3.86166e+16
5.17721e+16
3.15333e+16
1.12948e+16
5.39723e+15
9.29251e+15
2.11115e+16
2.24202e+16
2.69159e+16
1.48725e+16
1.13945e+16
7.24994e+15
1.43966e+15
5.86476e+15
