2.11023e+15
1.58728e+15
2.74374e+15
4.10424e+15
4.29957e+15
4.3846e+15
3.21662e+15
2.86019e+15
4.89786e+15
3.28167e+15
1.82239e+15
3.66214e+15
2.83712e+15
4.32747e+15
5.45602e+15
2.81616e+15
4.38466e+16
1.49833e+17
2.4783e+17
3.14818e+17
2.03393e+17
1.0274e+17
6.24224e+16
3.05911e+16
2.03827e+16
1.15519e+16
6.58742e+15
1.26751e+16
6.89528e+15
5.527e+15
2.74352e+15
8.15003e+15
3.43181e+16
7.6043e+22
1.29358e+18
3.65896e+19
1.2754e+20
1.64487e+20
1.74917e+20
1.12022e+20
2.05375e+19
8.50006e+17
3.08672e+16
3.04828e+15
1.47959e+15
3.45035e+15
2.46836e+15
1.76853e+15
1.76031e+15
2.48826e+15
8.66744e+15
8.6186e+15
1.31495e+16
2.63336e+16
5.07049e+16
1.49013e+17
2.02697e+17
1.50573e+17
5.2954e+16
4.28831e+14
3.46101e+16
5.91698e+16
3.82912e+16
9.4792e+15
4.10548e+15
1.99637e+15
3.46864e+15
3.35825e+15
1.08705e+15
1.72204e+14
2.0962e+15
3.50067e+15
3.30547e+15
3.91078e+15
4.73816e+15
4.11126e+15
1.534e+15
1.45038e+14
7.17761e+12
3.43667e+14
1.27187e+15
2.08877e+15
1.99971e+15
1.29549e+15
7.3484e+14
7.29055e+14
8.89655e+14
5.96321e+14
1.30283e+14
1.30718e+14
8.67081e+14
1.09426e+15
5.33091e+14
3.96308e+14
6.23871e+14
1.41973e+15
2.68935e+15
4.13313e+15
3.43181e+16
7.6043e+22
1.29358e+18
3.65896e+19
1.2754e+20
1.64487e+20
1.74917e+20
1.12022e+20
2.05375e+19
8.50006e+17
3.08672e+16
3.04828e+15
1.47959e+15
3.45035e+15
2.46836e+15
1.76853e+15
1.23499e+14
4.31282e+14
8.82434e+14
4.42506e+14
7.84291e+12
3.3631e+14
9.20404e+14
5.83451e+14
1.07142e+14
1.03392e+14
2.03574e+14
6.5022e+14
1.32147e+15
7.5948e+14
4.53176e+14
6.05184e+14
9.60501e+14
2.74622e+14
9.49573e+14
4.45598e+14
2.73274e+13
2.38787e+14
6.62473e+14
5.46644e+14
5.93417e+14
1.6715e+15
2.53335e+15
3.18855e+15
3.32369e+15
2.01685e+15
1.0854e+15
4.44231e+14
3.93959e+13
4.58294e+14
1.8016e+15
2.50384e+15
2.20071e+15
9.01541e+14
8.66505e+13
3.8437e+14
3.45435e+14
4.01024e+14
3.96242e+14
8.51373e+14
9.73934e+14
4.81729e+14
5.96238e+14
5.0076e+14
1.89333e+15
3.20491e+15
3.76875e+15
7.60313e+22
2.19146e+15
1.69431e+15
3.01722e+15
4.96334e+15
5.67645e+15
4.89513e+15
2.94252e+15
9.96109e+14
1.8402e+14
1.77127e+14
3.93518e+14
3.42101e+14
1.69234e+14
1.27433e+14
1.46756e+14
5.68881e+14
8.8023e+14
1.33239e+15
2.4586e+15
3.13785e+15
2.35753e+15
2.13381e+15
4.11255e+15
6.58951e+15
6.39711e+15
5.25687e+15
2.89177e+15
3.39227e+15
5.28945e+15
4.71153e+15
3.70711e+15
3.24383e+15
