8.6251e+15
5.22829e+15
4.9234e+15
3.09179e+15
6.14073e+14
3.09713e+14
1.26489e+14
1.97791e+14
4.61168e+14
1.81403e+15
8.87423e+14
6.00049e+13
1.21052e+14
4.26543e+14
2.11432e+15
1.0272e+16
1.14101e+17
2.14361e+17
2.77914e+17
3.32684e+17
2.04693e+17
8.65138e+16
7.74833e+16
6.07423e+16
2.10964e+16
1.59527e+16
1.00277e+16
2.34367e+15
3.66678e+15
3.59006e+16
9.63852e+15
3.55252e+15
9.37002e+15
8.35178e+15
1.20803e+18
3.73295e+19
1.2984e+20
1.66074e+20
1.72232e+20
1.08223e+20
2.0137e+19
6.88541e+17
6.53564e+15
1.99511e+16
9.66276e+15
7.62084e+15
6.27406e+13
9.09395e+15
2.90365e+15
2.14655e+15
2.71019e+15
1.90042e+15
1.17733e+16
1.88943e+16
4.54668e+16
1.37763e+17
1.78587e+17
1.36531e+17
1.0946e+17
5.35104e+16
3.59673e+16
2.88542e+16
6.53104e+15
5.75029e+14
2.95834e+14
1.48547e+14
1.16691e+15
1.52615e+15
9.15089e+14
6.03315e+14
3.99688e+14
2.05469e+14
1.62185e+14
9.747e+13
4.60168e+14
1.40186e+15
1.68188e+15
1.17791e+15
6.21513e+14
3.97137e+14
4.23998e+14
7.69942e+14
4.44106e+17
2.56402e+17
1.04656e+17
4.40582e+15
7.85017e+16
1.09112e+17
4.53936e+16
5.57195e+16
1.12191e+14
3.13141e+14
1.0772e+15
1.70631e+15
1.41886e+15
1.32499e+15
1.26332e+15
1.4233e+15
2.23492e+15
1.8526e+15
1.17644e+15
2.70563e+14
4.03155e+13
7.45289e+13
1.65979e+14
4.89511e+14
1.15051e+19
5.55056e+17
7.80203e+17
3.30556e+17
2.06311e+17
2.26175e+17
1.48473e+17
1.26826e+17
9.06168e+14
1.03427e+15
1.47889e+15
1.92846e+15
1.9242e+15
2.45441e+15
2.39856e+15
8.95926e+14
5.06169e+14
8.74797e+14
1.21877e+15
1.23717e+15
9.47065e+14
4.51611e+14
5.2374e+13
1.62101e+13
2.95834e+14
1.48547e+14
7.13233e+14
2.06898e+15
3.92757e+15
3.47519e+15
2.16537e+15
1.5126e+15
9.48027e+14
4.60301e+14
3.1015e+14
3.59519e+14
3.21474e+14
2.87903e+14
4.15312e+14
5.50505e+14
6.61277e+14
9.63144e+14
4.44106e+17
2.56402e+17
1.04656e+17
4.40582e+15
7.85017e+16
1.09112e+17
4.53936e+16
5.57195e+16
1.08769e+15
4.41871e+15
6.51506e+15
4.69299e+15
3.35755e+15
1.4159e+16
2.95511e+15
4.20578e+15
6.14804e+14
7.40094e+14
3.43827e+14
1.63013e+15
2.32488e+15
2.56023e+15
3.4842e+15
3.86193e+15
3.45303e+15
4.85375e+15
7.71614e+15
7.71479e+15
6.16026e+15
3.21746e+15
5.24181e+14
6.87158e+14
8.49197e+14
7.2013e+14
9.11763e+14
1.1744e+15
1.05944e+15
2.36599e+15
4.40374e+15
4.42119e+15
4.34705e+15
2.63601e+15
7.08654e+14
6.85476e+14
9.22579e+14
8.5063e+14
1.63267e+15
2.72507e+15
2.95834e+14
1.48547e+14
