8.6251e+15
5.22829e+15
4.9234e+15
3.09179e+15
6.14073e+14
3.09713e+14
1.26489e+14
1.97791e+14
4.61168e+14
1.81403e+15
8.87423e+14
6.00049e+13
1.21052e+14
4.26543e+14
2.11432e+15
1.0272e+16
1.14101e+17
2.14361e+17
2.77914e+17
3.32684e+17
2.04693e+17
8.65138e+16
7.74833e+16
6.07423e+16
2.10964e+16
1.59527e+16
1.00277e+16
2.34367e+15
3.66678e+15
3.59006e+16
9.63852e+15
3.55252e+15
9.37002e+15
8.35178e+15
1.20803e+18
3.73295e+19
1.2984e+20
1.66074e+20
1.72232e+20
1.08223e+20
2.0137e+19
6.88541e+17
6.53564e+15
1.99511e+16
9.66276e+15
7.62084e+15
6.27406e+13
9.09395e+15
2.90365e+15
2.14655e+15
2.71019e+15
1.90042e+15
1.17733e+16
1.88943e+16
4.54668e+16
1.37763e+17
1.78587e+17
1.36531e+17
1.0946e+17
5.35104e+16
3.59673e+16
2.88542e+16
6.53104e+15
5.75029e+14
2.95834e+14
1.48547e+14
2.1453e+13
2.01001e+13
1.40724e+14
2.8089e+14
6.51854e+14
8.15644e+14
6.37646e+14
6.33395e+14
1.34546e+15
2.33146e+15
2.53854e+15
1.96443e+15
1.36285e+15
5.16452e+14
8.28267e+13
4.95111e+14
7.80433e+14
3.7077e+14
1.42071e+13
6.09721e+14
1.15609e+15
7.87825e+14
1.37761e+14
4.4896e+13
1.86813e+14
3.08485e+14
2.94475e+14
1.05959e+14
2.15559e+13
9.63264e+13
9.56682e+14
5.19081e+14
1.70533e+14
7.60076e+22
4.12691e+14
9.22442e+14
1.44391e+15
1.05222e+15
5.43531e+14
5.36104e+14
5.44568e+14
1.24079e+14
5.87507e+13
5.90389e+14
1.73745e+15
1.43643e+15
3.16801e+14
2.86959e+13
1.72371e+14
1.21915e+15
1.99617e+15
2.54991e+15
2.65045e+15
1.99359e+15
1.12308e+15
8.18122e+14
5.76626e+14
3.44678e+14
2.56939e+14
8.46435e+13
1.60371e+13
5.63925e+13
2.14231e+14
5.22924e+14
2.95834e+14
1.48547e+14
7.13233e+14
2.06898e+15
3.92757e+15
3.47519e+15
2.16537e+15
1.5126e+15
9.48027e+14
4.60301e+14
3.1015e+14
3.59519e+14
3.21474e+14
2.87903e+14
4.15312e+14
5.50505e+14
6.61277e+14
9.63144e+14
4.44106e+17
2.56402e+17
1.04656e+17
4.40582e+15
7.85017e+16
1.09112e+17
4.53936e+16
5.57195e+16
1.08769e+15
4.41871e+15
6.51506e+15
4.69299e+15
3.35755e+15
1.4159e+16
2.95511e+15
4.20578e+15
6.14804e+14
7.40094e+14
3.43827e+14
1.63013e+15
2.32488e+15
2.56023e+15
3.4842e+15
3.86193e+15
3.45303e+15
4.85375e+15
7.71614e+15
7.71479e+15
6.16026e+15
3.21746e+15
5.24181e+14
6.87158e+14
8.49197e+14
7.2013e+14
9.11763e+14
1.1744e+15
1.05944e+15
2.36599e+15
4.40374e+15
4.42119e+15
4.34705e+15
2.63601e+15
7.08654e+14
6.85476e+14
9.22579e+14
8.5063e+14
1.63267e+15
2.72507e+15
2.95834e+14
1.48547e+14
