1.00675e+16
2.00587e+16
3.12993e+16
3.55324e+16
3.19158e+16
2.08466e+16
1.69409e+16
1.09548e+16
3.51248e+15
1.51398e+15
4.86291e+14
1.04032e+15
4.89185e+15
3.80684e+15
1.23262e+15
2.95894e+15
5.10034e+16
1.22307e+17
1.14451e+17
1.03369e+17
9.43192e+16
4.23341e+16
2.52969e+16
2.02943e+16
2.81832e+16
1.57569e+16
1.69583e+16
7.53348e+16
1.90758e+17
4.58704e+17
3.60514e+17
4.72382e+17
3.23514e+17
7.55674e+22
3.68257e+18
5.08838e+19
1.48167e+20
1.68962e+20
1.57921e+20
8.86603e+19
1.23663e+19
6.52974e+17
3.69892e+17
3.45683e+17
2.54492e+17
1.43834e+17
7.94898e+16
3.13379e+16
1.4538e+16
2.85876e+16
4.9532e+16
4.38351e+16
1.58341e+16
1.69192e+16
6.30744e+16
1.2071e+17
1.31045e+17
1.25884e+17
8.27166e+16
2.18569e+16
1.14324e+15
1.66558e+15
1.50776e+15
8.39424e+14
4.21805e+15
7.70369e+15
8.24859e+15
3.51863e+15
1.06237e+16
1.74624e+16
1.83429e+16
1.11529e+16
1.7281e+15
5.39384e+15
4.36287e+14
2.87529e+14
2.28463e+14
9.88178e+13
4.76272e+12
7.56206e+13
3.6494e+14
2.95891e+14
1.30038e+13
6.89242e+13
2.72621e+14
4.01833e+14
2.59991e+14
8.44356e+13
7.98246e+12
3.20689e+12
1.22921e+14
2.62948e+14
3.24576e+14
6.96642e+14
8.11274e+14
6.70353e+14
6.24941e+14
1.56153e+14
2.05581e+13
2.84428e+13
3.12716e+13
1.98825e+14
2.71433e+14
1.96148e+14
6.49904e+13
1.95645e+14
6.98331e+14
1.34887e+15
2.31031e+15
2.73131e+15
2.21894e+15
9.2425e+14
1.88627e+14
1.60151e+14
3.84794e+14
3.49837e+14
3.31804e+14
2.07161e+14
5.71671e+13
1.45186e+14
7.30538e+13
1.52699e+13
2.72988e+14
9.76319e+14
1.28404e+15
9.20391e+14
3.72111e+14
1.37978e+14
1.44742e+13
8.99136e+13
2.63843e+14
2.91473e+14
6.66047e+14
8.00298e+14
1.69559e+15
3.00701e+15
3.4588e+15
3.97041e+15
4.42873e+15
3.37282e+15
1.76929e+15
7.02416e+14
6.73643e+14
5.08067e+14
3.15491e+14
1.40818e+14
8.85202e+13
2.57522e+14
1.00008e+15
1.95004e+15
1.23223e+15
1.95927e+14
4.36631e+14
1.93704e+15
3.80494e+15
4.03505e+15
3.16258e+15
1.5637e+15
1.34961e+14
3.41302e+14
1.13874e+16
9.55046e+15
4.99456e+15
4.48689e+15
2.75747e+15
7.60085e+22
2.33571e+15
1.21985e+15
4.18586e+14
3.92873e+13
3.35137e+14
1.94166e+15
4.39343e+15
4.87857e+15
3.32368e+15
2.56797e+15
1.9418e+15
1.29271e+15
1.4126e+15
1.67161e+15
2.93499e+15
2.95731e+15
1.79199e+15
1.68818e+15
1.05895e+15
1.87913e+14
2.84739e+14
5.18147e+14
6.16509e+14
8.63277e+14
1.15158e+15
1.82457e+15
1.9041e+15
1.71242e+15
2.18886e+15
2.40271e+15
2.63843e+14
2.91473e+14
