6.36932e+15
7.45906e+15
8.89352e+15
9.77436e+15
1.22545e+16
1.07622e+16
7.68018e+15
7.60963e+15
1.14221e+16
1.57373e+16
4.07731e+15
8.35292e+13
5.3804e+14
4.98224e+14
1.12534e+15
4.78203e+15
8.25513e+15
2.46457e+15
1.39576e+16
8.15165e+15
2.72406e+16
1.00661e+17
1.98288e+17
2.51533e+17
5.52387e+14
4.91486e+14
1.9892e+14
3.25422e+13
1.22441e+14
1.43026e+15
7.54888e+15
7.6198e+15
1.0727e+17
7.57229e+22
5.75844e+18
6.38291e+19
1.51723e+20
1.68534e+20
1.58077e+20
7.46597e+19
7.22342e+18
2.94634e+15
1.39555e+17
6.99584e+16
1.7719e+16
3.78053e+15
3.08568e+15
8.50232e+15
2.40252e+16
3.96921e+16
1.01668e+17
1.59068e+17
1.60473e+17
1.19407e+17
4.24484e+16
1.13665e+16
9.19851e+15
4.61034e+15
1.01619e+16
5.84932e+15
2.73762e+15
8.74371e+15
1.13977e+16
1.34349e+16
1.15801e+16
1.34472e+16
2.86721e+17
2.831e+17
2.29166e+17
1.75029e+17
1.20585e+17
6.88481e+16
2.70827e+16
3.24323e+15
2.40288e+15
2.89748e+16
8.38664e+16
1.54615e+17
2.20983e+17
2.84069e+17
3.6594e+17
4.39911e+17
4.53313e+17
3.85654e+17
2.79325e+17
1.88282e+17
1.18406e+17
5.52373e+16
2.86756e+16
8.61605e+16
2.44836e+17
5.02317e+17
8.89781e+17
1.43642e+18
2.2531e+18
2.82837e+18
4.83308e+18
2.43747e+18
3.28293e+18
7.71921e+22
6.4687e+18
6.98198e+18
7.2362e+18
7.17082e+18
6.84086e+18
6.31869e+18
2.23066e+18
5.04743e+17
4.84082e+17
4.74874e+17
4.02933e+17
3.17704e+17
2.04958e+17
8.94384e+16
5.75023e+17
3.27674e+17
1.75182e+17
1.11488e+17
1.17239e+17
1.64764e+17
2.34822e+17
2.9538e+17
3.34097e+17
3.6148e+17
3.68166e+17
3.48144e+17
2.98951e+17
2.19616e+17
1.54048e+17
1.10086e+17
1.15801e+16
1.34472e+16
2.60014e+13
1.74004e+14
6.79341e+14
1.1624e+15
1.96091e+15
2.11327e+15
1.02795e+15
9.38373e+14
1.18807e+15
1.11058e+15
6.32497e+14
2.32678e+14
4.20305e+14
3.66245e+14
6.44437e+14
1.97105e+15
2.42136e+15
1.55972e+15
8.93869e+14
1.4574e+15
2.95813e+15
3.19799e+15
2.00613e+15
8.48962e+14
5.52387e+14
4.91486e+14
1.9892e+14
3.25422e+13
1.22441e+14
1.43026e+15
7.54888e+15
7.6198e+15
5.61398e+15
5.06322e+15
3.25744e+15
2.13759e+15
1.21512e+15
1.64381e+14
2.21757e+14
5.28883e+14
1.09587e+15
1.56818e+15
1.83903e+15
3.2681e+15
4.17566e+15
3.89977e+15
3.81604e+15
2.59139e+15
2.02756e+15
2.33013e+15
2.68864e+15
3.33124e+15
1.88558e+15
3.52433e+14
1.05578e+14
1.02465e+15
2.00248e+15
1.78528e+15
2.87995e+15
5.26044e+15
4.55824e+15
1.98756e+15
5.49205e+14
6.72084e+13
1.15801e+16
1.34472e+16
