2.42072e+16
2.83125e+16
2.08781e+16
1.17563e+16
7.01212e+15
6.9989e+15
1.17818e+16
1.57989e+16
1.2292e+16
6.97038e+15
3.06545e+15
5.0031e+15
1.10075e+16
4.25602e+15
1.25169e+14
1.76884e+15
1.92303e+16
7.21283e+16
1.75256e+17
3.08091e+17
2.42782e+17
8.06156e+16
1.95168e+16
1.0197e+16
1.24113e+16
5.02186e+16
6.01221e+16
2.0532e+16
3.51362e+15
1.56776e+16
7.56201e+22
5.32657e+16
4.87209e+16
4.33386e+16
2.00013e+18
4.80843e+19
1.33859e+20
1.6687e+20
1.74962e+20
9.54709e+19
1.55672e+19
9.80693e+17
1.2147e+17
1.63018e+16
1.11766e+16
4.51392e+16
3.42223e+16
2.23458e+15
2.23785e+16
4.39376e+16
2.78933e+16
3.92621e+16
2.71029e+16
2.40448e+16
1.08326e+17
1.84643e+17
1.60113e+17
8.21923e+16
1.89084e+16
1.98237e+14
4.98484e+15
1.48805e+16
3.12059e+16
3.20129e+16
1.34604e+16
4.45215e+14
5.93707e+15
8.02376e+14
8.81689e+14
4.07323e+15
2.88732e+15
1.27614e+15
1.23353e+15
2.57637e+15
1.76014e+15
2.12249e+15
8.19466e+15
3.47231e+15
3.58329e+14
5.50928e+15
7.21695e+15
4.95779e+15
2.65079e+15
1.60581e+15
5.55545e+15
5.47821e+15
5.85617e+14
1.66337e+15
4.66597e+15
1.80394e+15
4.81672e+15
3.18968e+15
6.71297e+15
2.28858e+16
2.00486e+16
5.00447e+16
1.19551e+16
4.58838e+16
2.86714e+16
3.11984e+16
3.6146e+16
3.90259e+16
3.43523e+16
2.93557e+16
3.90612e+16
2.80843e+16
2.4466e+16
2.46283e+16
1.93617e+16
1.37887e+16
1.44908e+16
8.78865e+15
5.77006e+15
4.00158e+15
2.78001e+15
1.72426e+15
1.55368e+15
3.60853e+14
1.67099e+15
4.38114e+15
2.83367e+15
8.70881e+14
3.03722e+15
4.23457e+14
9.1049e+14
1.64333e+15
9.34646e+14
4.61897e+12
7.42736e+14
6.91311e+14
1.33448e+14
1.70728e+15
2.42602e+15
3.59651e+15
4.45837e+15
3.60059e+15
1.76218e+15
9.07707e+14
1.33635e+15
2.52241e+15
2.08248e+15
1.37254e+15
9.5032e+14
3.91967e+14
3.35029e+13
3.25936e+14
1.31164e+15
2.04325e+15
2.45648e+15
3.58391e+15
5.16316e+15
5.70948e+15
4.60258e+15
3.26229e+15
3.43444e+15
3.68974e+15
2.94925e+15
2.33582e+15
1.39084e+15
5.96996e+14
2.65729e+14
1.1367e+16
4.9641e+15
4.38117e+15
4.01938e+15
7.60325e+22
5.50679e+15
4.15218e+15
3.58474e+15
3.44916e+15
3.21682e+15
4.28458e+15
5.03871e+15
5.33129e+15
6.20404e+15
4.25026e+15
2.37844e+15
1.42681e+15
5.75215e+14
8.67072e+14
1.44478e+15
1.27609e+15
1.09127e+15
8.63148e+14
1.60819e+15
4.70669e+15
6.22624e+15
5.92068e+15
5.52725e+15
2.12118e+15
4.9966e+14
6.10153e+14
7.94916e+14
1.39184e+15
1.45068e+15
1.24362e+15
1.84057e+15
2.78542e+15
