8.9489e+15
8.65705e+15
2.14678e+16
2.45572e+16
3.0124e+16
2.93275e+16
2.65456e+16
2.23966e+16
1.57396e+16
1.41555e+16
7.83581e+15
1.24975e+16
1.40658e+16
1.79057e+16
1.37732e+16
2.15318e+16
1.13662e+17
1.74032e+17
1.33356e+17
1.08672e+17
7.20609e+16
3.13506e+16
1.99724e+16
5.06228e+16
6.54805e+16
6.94316e+16
5.66412e+16
6.4407e+16
5.59298e+16
4.66721e+16
1.37868e+17
2.64112e+17
5.14251e+17
7.51305e+17
3.81986e+18
5.11439e+19
1.47446e+20
1.68069e+20
1.5835e+20
8.77468e+19
1.30869e+19
9.12348e+17
2.45347e+17
2.56618e+17
2.25453e+17
1.63819e+17
9.56932e+16
8.40132e+16
9.39068e+16
5.50197e+16
2.89525e+16
1.48773e+16
1.79759e+16
8.48289e+15
2.82691e+16
8.24306e+16
1.50973e+17
2.1162e+17
1.84951e+17
8.56494e+16
3.47166e+16
1.70304e+16
1.68186e+16
9.47044e+15
4.79125e+15
7.79856e+15
7.85344e+14
5.45496e+13
1.09717e+14
7.88524e+13
2.08683e+14
4.91792e+14
1.09597e+15
6.85858e+14
1.95483e+14
1.57708e+14
8.51855e+13
6.69688e+13
4.28584e+13
6.44078e+13
1.1755e+13
1.57358e+14
5.24632e+14
8.99012e+14
5.51839e+14
1.31324e+14
9.36189e+14
1.55919e+15
1.95255e+15
1.64507e+15
1.08174e+15
1.306e+15
7.28588e+14
2.807e+14
4.28707e+12
5.96692e+14
4.02362e+14
2.56694e+14
6.73915e+14
7.60129e+22
1.50121e+15
1.84333e+15
1.62963e+15
1.29478e+15
1.10871e+15
6.58798e+14
4.75317e+14
4.35568e+14
1.21154e+15
2.20105e+15
2.63928e+15
3.18808e+15
2.52565e+15
1.78404e+15
1.28149e+15
7.22872e+14
3.70613e+14
2.96253e+14
3.17346e+14
1.98687e+14
4.1704e+14
4.36593e+14
4.13498e+14
1.21682e+14
1.26488e+13
9.41916e+13
5.22567e+14
1.18654e+15
1.28616e+15
1.70647e+15
1.92824e+15
2.16638e+15
9.47236e+14
1.16554e+15
1.48099e+15
2.1444e+15
1.88593e+15
9.59674e+14
8.34695e+14
1.21878e+15
1.8716e+15
2.48045e+15
2.24961e+15
1.30414e+15
2.73621e+14
2.36049e+14
1.76786e+15
3.08753e+15
3.83216e+15
4.56657e+15
4.7118e+15
4.97887e+15
5.16865e+15
3.83868e+15
3.1804e+15
2.33873e+15
2.43095e+14
6.73813e+14
1.58196e+15
2.5369e+15
1.86183e+15
8.67479e+13
1.83006e+14
1.46951e+14
1.54595e+14
2.52562e+14
7.3171e+14
1.61981e+15
2.19735e+15
1.42705e+15
8.79369e+14
8.26108e+14
6.62143e+14
2.89831e+14
3.34726e+12
9.70196e+13
3.35165e+14
7.73849e+14
6.55838e+14
3.67124e+14
3.03004e+14
4.91768e+13
6.43488e+13
9.9779e+13
4.02339e+14
7.48611e+14
1.48265e+15
2.31052e+15
1.9189e+15
1.61263e+15
1.26285e+15
6.75848e+14
3.70518e+14
3.70487e+14
2.72452e+15
6.17734e+15
1.92824e+15
2.16638e+15
