3.30444e+15
1.78905e+15
1.05095e+15
3.15266e+14
1.32248e+15
2.80952e+15
3.04698e+15
8.6177e+15
1.86059e+16
2.39647e+16
3.47302e+16
2.62862e+16
1.23744e+16
3.64649e+15
2.6022e+15
2.58148e+16
2.20066e+16
9.81405e+15
4.45444e+16
1.56199e+17
2.16279e+17
1.69471e+17
1.21082e+17
8.88849e+16
5.46642e+16
3.72711e+16
5.07527e+16
4.25071e+16
7.10384e+15
1.13503e+15
1.21843e+24
2.68746e+16
3.90145e+16
7.57805e+22
2.9448e+18
4.84342e+19
1.44665e+20
1.67219e+20
1.60224e+20
9.10336e+19
1.23426e+19
8.40508e+16
3.169e+16
2.09766e+16
6.9296e+15
3.75803e+14
3.84885e+15
4.81709e+14
5.64378e+15
3.94538e+15
3.62299e+15
1.30447e+16
3.19997e+16
5.23068e+16
1.02275e+17
1.31134e+17
8.09605e+16
3.63298e+16
3.68567e+16
5.32994e+16
2.70766e+16
1.17082e+15
5.06716e+15
2.20607e+16
4.22091e+16
4.39927e+16
2.65281e+14
5.44615e+12
7.3551e+13
7.45344e+13
1.19567e+14
3.101e+14
6.89824e+14
1.1473e+15
1.60339e+15
9.98234e+14
6.49935e+13
1.24263e+14
2.13844e+14
2.20677e+14
8.43081e+14
1.18865e+15
7.43146e+14
6.89603e+14
1.3552e+14
1.35344e+14
4.70761e+14
6.12625e+14
5.25809e+14
3.36221e+14
7.30872e+13
4.01201e+14
9.95772e+14
1.21665e+15
1.01328e+15
1.64e+15
1.02431e+15
3.64645e+14
8.03217e+13
7.60076e+22
2.56608e+14
3.16058e+14
2.37426e+14
1.52061e+14
1.8384e+14
2.21661e+14
4.85107e+14
6.33671e+14
3.57398e+14
6.56487e+13
1.20934e+14
4.52916e+14
4.72175e+14
4.58589e+14
7.63541e+14
1.83311e+15
2.74134e+15
2.41349e+15
1.66393e+15
8.57468e+14
7.22111e+14
9.20106e+14
5.36909e+14
4.99632e+13
8.02621e+13
4.50138e+14
4.70105e+14
1.72487e+14
9.19384e+13
1.61593e+14
3.62142e+14
3.77842e+14
1.36442e+15
2.18934e+15
3.67687e+15
5.58069e+15
6.4221e+15
4.00775e+15
2.029e+15
2.41544e+15
4.13065e+15
4.38976e+15
1.5292e+15
2.16312e+14
2.01498e+14
7.01964e+13
6.74819e+14
2.13521e+15
6.07584e+15
1.01056e+16
1.19588e+16
1.2034e+16
7.94584e+15
3.99713e+15
1.88287e+15
4.67981e+14
7.66523e+13
9.49114e+13
5.30828e+14
5.8652e+14
1.44239e+15
2.75415e+15
2.86328e+15
2.13527e+15
1.08111e+15
7.60093e+22
1.16278e+15
1.78351e+15
2.27585e+15
1.92866e+15
9.91256e+14
1.33444e+14
1.01753e+14
3.675e+14
3.4811e+14
1.83651e+14
1.83781e+14
2.86733e+14
1.32534e+15
2.77936e+15
2.82597e+15
3.46677e+15
4.92438e+15
3.85655e+15
1.82061e+15
3.91239e+14
1.14307e+15
1.58266e+15
8.64031e+14
2.59669e+15
4.91755e+15
5.84086e+15
4.74313e+15
3.59332e+15
4.29347e+15
2.75235e+15
1.27749e+15
1.44168e+15
