3.18185e+15
5.96643e+15
6.82692e+15
6.14266e+15
5.38054e+15
4.54148e+15
7.10546e+15
7.78788e+15
2.81896e+15
3.54181e+14
3.17837e+15
1.93598e+15
8.92564e+14
4.39262e+14
2.79317e+15
1.93698e+15
1.02484e+15
3.01736e+15
7.17131e+15
2.15958e+16
9.31476e+16
1.61342e+17
2.29095e+17
2.07742e+17
7.11692e+16
5.77145e+15
2.68121e+15
2.23881e+15
1.2019e+15
1.58391e+16
1.20912e+24
3.15496e+15
5.20728e+16
7.55899e+22
4.35144e+18
5.81701e+19
1.48661e+20
1.66308e+20
1.59945e+20
8.16851e+19
9.76227e+18
1.93096e+17
3.35549e+16
7.31026e+15
3.09897e+16
9.78884e+15
3.09087e+15
7.02275e+15
4.04774e+15
4.26654e+15
5.47173e+16
1.92531e+17
2.26908e+17
1.89784e+17
1.63234e+17
6.05184e+16
5.16224e+15
4.00669e+15
1.0408e+16
2.04195e+15
1.51683e+14
9.97187e+14
1.01811e+15
6.41846e+14
1.05858e+15
9.32068e+14
1.47715e+15
9.35812e+14
5.83136e+14
3.35967e+14
2.85118e+14
4.06682e+14
1.18009e+15
1.83773e+15
2.88233e+15
2.89586e+15
2.07853e+15
6.80871e+14
3.55388e+14
2.15559e+15
4.48282e+15
4.48809e+15
2.17415e+15
7.01145e+14
1.4412e+14
2.67851e+12
2.41251e+13
5.63675e+13
1.82722e+13
1.66009e+14
2.19142e+14
2.18453e+14
1.22565e+14
8.58094e+12
4.86074e+13
1.10682e+15
1.00007e+15
1.4667e+15
9.37761e+14
7.60076e+22
6.43708e+14
4.45193e+14
5.16115e+14
7.39014e+14
9.09229e+14
6.30594e+14
9.94465e+13
1.38445e+13
5.59521e+13
3.12655e+14
5.08642e+14
3.96989e+14
1.27085e+14
1.38113e+14
5.24198e+14
6.38758e+14
4.11556e+14
2.15388e+14
1.17935e+14
1.76619e+14
2.73659e+14
3.83844e+14
9.07966e+16
1.98472e+16
1.80768e+15
3.99102e+15
2.11004e+15
9.33363e+15
4.61658e+16
8.78289e+16
1.05858e+15
9.32068e+14
1.08311e+15
1.95499e+15
2.64629e+15
2.79982e+15
2.45712e+15
1.74636e+15
1.57936e+15
2.25848e+15
3.15034e+15
3.18529e+15
2.08993e+15
9.68411e+14
2.40939e+14
1.76502e+13
1.20774e+14
1.66727e+14
3.64195e+14
1.23543e+15
2.87101e+15
4.43989e+15
5.61474e+15
5.25334e+15
3.81942e+15
1.92531e+15
3.03096e+14
8.91587e+13
5.41471e+14
1.07278e+15
1.08762e+15
9.88045e+14
8.62599e+14
7.64892e+14
1.2212e+15
7.60186e+22
1.88986e+15
2.25123e+15
2.95327e+15
2.68379e+15
9.60315e+14
2.93999e+14
8.26544e+13
2.62866e+14
1.27278e+15
1.70477e+15
1.35361e+15
1.6263e+15
1.9457e+15
2.02436e+15
2.93959e+15
3.45076e+15
3.49417e+15
3.14022e+15
1.72927e+15
8.20926e+14
8.13893e+14
1.12291e+15
6.7614e+14
2.36091e+14
2.36371e+14
3.89947e+14
1.14731e+15
1.927e+15
2.02228e+15
1.05811e+15
1.05858e+15
9.32068e+14
