2.05175e+14
1.50641e+14
1.57923e+13
4.27158e+13
2.05287e+13
5.14899e+14
9.44292e+14
1.59892e+15
9.81941e+14
1.1055e+15
1.7046e+15
3.68785e+15
4.17442e+15
5.78743e+15
3.04878e+16
9.42303e+16
1.98643e+17
2.62987e+17
2.31595e+17
1.3105e+17
2.43871e+16
2.83995e+15
2.14093e+15
3.58648e+15
2.04483e+15
2.0435e+15
7.11301e+14
4.65806e+15
2.58732e+15
3.30372e+15
9.52098e+13
2.03246e+15
1.29649e+15
7.59175e+22
1.09648e+18
3.43422e+19
1.30216e+20
1.68069e+20
1.72248e+20
1.14422e+20
2.20894e+19
6.44975e+17
4.85128e+14
1.46798e+15
1.20231e+14
9.96509e+14
3.98268e+14
1.31278e+15
4.27208e+15
2.71912e+15
6.07899e+14
8.41854e+14
4.67756e+15
4.52469e+15
1.04556e+16
3.37046e+16
1.23482e+17
1.88433e+17
1.82538e+17
1.24091e+17
5.0034e+16
9.54114e+15
6.11583e+14
1.54999e+15
1.85293e+14
2.12139e+15
1.35617e+16
1.20882e+16
7.65528e+15
6.13824e+15
2.39957e+15
1.45223e+15
7.40195e+14
2.56393e+15
1.73677e+15
1.93805e+15
2.91826e+15
3.54008e+15
2.59081e+15
1.22793e+15
1.62646e+14
7.54378e+13
4.66833e+14
2.86401e+14
2.55604e+14
1.13926e+15
2.66912e+15
3.53088e+15
3.06647e+15
2.0127e+15
6.70435e+14
1.72734e+14
1.92339e+14
1.1253e+14
7.88864e+13
3.51042e+14
3.83712e+14
2.30707e+14
2.88081e+16
7.60019e+22
1.55953e+18
3.83446e+19
1.34828e+20
1.66629e+20
1.65531e+20
1.03612e+20
4.81238e+12
5.56611e+13
5.42025e+14
7.74789e+14
6.19305e+14
3.67473e+14
1.1479e+14
3.75061e+14
8.0517e+14
7.62842e+14
4.52098e+14
3.98265e+14
3.64674e+14
8.07215e+14
1.29627e+15
9.95678e+14
3.18124e+14
6.22421e+13
7.96643e+14
1.61492e+15
1.76796e+15
1.28843e+15
7.26037e+14
4.35766e+14
1.98125e+16
5.18257e+15
2.52787e+14
6.92124e+13
5.59343e+13
2.83973e+14
7.66939e+14
6.66817e+14
5.82128e+14
7.30157e+14
1.40669e+15
1.84791e+15
1.55159e+15
1.29811e+15
1.21561e+15
9.99919e+14
4.58356e+14
3.50219e+14
7.97494e+14
2.06336e+15
4.27572e+15
5.85242e+15
7.30692e+15
6.80057e+15
4.56347e+15
2.60966e+15
1.17894e+15
1.36593e+15
1.20854e+15
6.18687e+14
3.38315e+14
5.32187e+14
1.82568e+14
2.32951e+15
2.88081e+16
7.60019e+22
1.55953e+18
3.83446e+19
1.34828e+20
1.66629e+20
1.65531e+20
1.03612e+20
3.03643e+15
2.07156e+15
1.93531e+15
2.29978e+15
1.86153e+15
1.69001e+15
1.40723e+15
6.8779e+14
2.52829e+14
4.11793e+14
5.04436e+14
7.04302e+14
1.29237e+15
1.55697e+15
1.43026e+15
1.11642e+15
3.26171e+14
1.06998e+14
6.62433e+14
1.06359e+15
6.46076e+14
4.37011e+14
3.97683e+14
1.08223e+15
1.99106e+15
1.68066e+15
