1.58282e+15
5.3471e+14
3.76656e+14
1.51888e+14
5.12159e+15
1.40927e+16
1.24129e+16
9.34155e+15
9.13476e+15
4.46709e+15
7.63532e+14
4.23964e+15
6.40931e+15
1.73388e+15
3.55691e+15
9.01205e+15
2.18143e+16
9.32533e+15
9.88336e+15
6.30126e+16
1.82225e+17
2.45639e+17
2.04356e+17
1.37417e+17
7.38371e+16
3.0904e+16
3.02069e+15
3.90218e+15
4.96114e+15
7.17169e+15
2.67286e+15
6.60801e+15
3.26553e+16
1.08315e+17
3.75865e+18
5.33161e+19
1.44112e+20
1.6661e+20
1.65119e+20
8.92547e+19
1.11133e+19
1.5677e+17
9.50156e+14
4.00474e+15
1.06547e+15
1.44824e+15
2.45377e+15
7.29842e+15
1.20298e+15
7.53019e+15
1.70201e+16
3.66348e+16
7.68159e+16
1.15708e+17
1.05807e+17
6.00709e+16
2.09415e+16
1.50408e+16
2.41133e+16
8.42325e+15
8.49739e+15
5.85574e+15
9.90652e+15
7.17007e+15
1.15801e+16
1.34472e+16
1.74545e+15
2.30228e+15
2.64463e+15
2.71439e+15
1.94628e+15
1.40636e+15
1.41489e+15
1.63032e+15
2.19606e+15
2.41184e+15
1.75751e+15
1.59598e+15
1.97677e+15
2.17414e+15
2.7041e+15
2.30501e+15
2.39228e+15
3.71857e+15
3.99664e+15
2.41685e+15
1.50563e+15
1.10829e+15
6.74796e+14
5.91094e+14
3.53015e+14
9.4207e+13
2.67343e+14
4.09906e+14
1.91416e+14
7.7952e+14
1.48756e+14
2.00878e+15
1.0727e+17
7.57229e+22
5.75844e+18
6.38291e+19
1.51723e+20
1.68534e+20
1.58077e+20
7.46597e+19
1.47631e+15
8.5209e+14
3.68694e+14
2.07897e+14
4.65118e+14
5.69461e+14
5.94732e+14
3.69403e+14
1.05708e+14
9.18969e+13
5.56574e+14
9.18549e+14
7.47897e+14
3.45849e+14
2.06762e+14
9.14169e+13
6.51143e+12
5.25997e+13
3.48855e+14
1.43645e+15
2.18717e+15
2.62807e+15
2.75485e+15
1.8847e+15
1.15801e+16
1.34472e+16
3.00522e+15
2.43393e+15
2.06979e+15
1.36091e+15
4.20127e+14
2.6483e+14
3.2517e+14
9.19186e+14
2.31757e+15
2.84969e+15
2.106e+15
1.65534e+15
3.54609e+15
7.05186e+15
1.08176e+16
1.08821e+16
5.85204e+15
2.24718e+15
7.57101e+14
3.31669e+13
1.34563e+14
4.5574e+14
1.48046e+15
3.23179e+15
3.70603e+15
3.57677e+15
3.9745e+15
3.6012e+15
3.32315e+15
4.26041e+15
4.36088e+15
2.80264e+15
2.16893e+15
7.60089e+22
3.73356e+15
4.73229e+15
4.4183e+15
3.90735e+15
2.44376e+15
1.50086e+15
1.04186e+15
3.21802e+14
1.30528e+15
3.09488e+15
2.73015e+15
9.39114e+14
4.99474e+14
1.0158e+14
4.9954e+14
8.58353e+14
2.10819e+15
1.81479e+15
1.78917e+15
3.31751e+15
4.21793e+15
3.12117e+15
2.71799e+15
3.96264e+15
5.09305e+15
6.55449e+15
8.46349e+15
9.78169e+15
8.86925e+15
5.84528e+15
1.15801e+16
1.34472e+16
