5.04396e+16
2.74766e+16
1.46537e+16
1.55488e+16
1.55583e+16
6.63109e+15
5.67156e+15
1.02393e+16
1.81544e+16
3.26287e+16
3.97906e+16
4.87036e+16
5.62885e+16
5.8429e+16
5.40414e+16
2.20724e+16
3.90827e+15
3.49639e+15
2.55351e+15
1.38645e+15
5.15088e+14
4.24e+14
1.95255e+14
2.00257e+14
3.25374e+16
6.11884e+15
4.63254e+15
1.32269e+16
4.22001e+16
1.03474e+17
3.59917e+17
8.50448e+17
3.35006e+15
9.32074e+14
3.06674e+13
8.08502e+14
1.76678e+15
4.50667e+15
6.40037e+15
4.59334e+15
1.40571e+18
2.22101e+18
1.34899e+18
5.66567e+17
1.66561e+17
2.77929e+16
1.84402e+15
4.66748e+15
2.7258e+16
5.20971e+16
8.24911e+16
1.04385e+17
1.00052e+17
9.04137e+16
4.49282e+16
2.82777e+16
4.78287e+16
5.14026e+16
3.32977e+16
4.12239e+16
8.79212e+16
9.29544e+16
1.02667e+17
8.83625e+16
3.23499e+16
9.76892e+15
6.47309e+14
6.46219e+14
3.71092e+14
2.19234e+14
2.30202e+14
8.85855e+14
2.07425e+15
2.52911e+15
2.68547e+15
2.23008e+15
1.00601e+15
3.91093e+14
2.45663e+14
1.40028e+14
1.57271e+13
1.18704e+14
3.6779e+14
3.89712e+14
5.82623e+13
3.21453e+14
6.35809e+14
9.53955e+14
6.147e+14
2.96536e+14
3.66681e+14
1.54796e+14
7.00293e+13
8.33149e+13
2.15432e+13
7.86166e+14
7.73583e+12
1.72077e+15
1.73082e+15
7.60063e+22
1.81334e+15
1.03425e+15
1.00296e+14
1.10914e+14
5.15228e+14
9.31674e+14
9.65715e+14
5.35239e+14
1.33034e+14
2.31795e+14
3.76337e+14
4.10328e+14
5.91567e+14
7.11114e+14
4.56754e+14
1.89197e+14
1.56292e+14
5.12137e+14
1.22662e+15
1.74352e+15
1.79193e+15
1.01185e+15
1.14311e+14
8.02605e+13
1.77018e+14
2.89828e+13
3.48411e+13
3.24654e+14
7.6469e+14
1.10528e+15
1.05721e+15
5.93771e+14
1.03063e+15
7.37684e+14
3.16163e+14
7.58742e+13
3.4068e+14
4.08245e+14
3.1364e+14
2.74846e+14
1.0085e+14
3.96008e+13
9.27995e+13
1.10581e+14
2.13989e+14
1.74835e+14
3.33785e+14
5.61675e+14
2.339e+14
2.86833e+14
8.47662e+14
1.66506e+15
2.94672e+15
2.4548e+15
8.69339e+14
1.33206e+14
7.86195e+13
1.31883e+13
1.40044e+14
4.49211e+14
1.43487e+15
8.16133e+14
1.33796e+14
5.05166e+14
2.04406e+15
7.60196e+22
2.91998e+15
2.54449e+15
1.61722e+15
1.07709e+15
6.68047e+14
4.33804e+14
5.86279e+14
6.86394e+14
1.29042e+15
1.82885e+15
1.47217e+15
5.39267e+14
8.99701e+13
7.49232e+14
1.19396e+15
1.90741e+15
2.28706e+15
1.96083e+15
9.10654e+14
1.38116e+14
2.23759e+14
1.21407e+14
5.98341e+13
2.95272e+14
7.77612e+14
1.27368e+15
2.48613e+15
2.46383e+15
4.97244e+14
7.13411e+13
1.05721e+15
5.93771e+14
