1.46173e+14
1.82292e+14
7.80519e+14
5.79899e+15
7.52964e+15
2.89555e+15
1.664e+15
3.06547e+15
2.7111e+15
2.54689e+15
2.79316e+15
6.01993e+15
1.39937e+16
1.79817e+16
1.29219e+16
3.25157e+15
1.51146e+16
1.05398e+17
1.71575e+17
1.47283e+17
1.01669e+17
3.42691e+16
6.51629e+15
5.69426e+15
1.31239e+16
1.85074e+16
1.393e+16
6.52396e+15
5.98265e+15
6.94167e+14
1.31037e+16
2.85083e+15
1.47803e+16
2.81161e+16
1.53546e+18
3.95145e+19
1.31499e+20
1.63415e+20
1.66819e+20
1.02314e+20
1.67986e+19
4.72572e+17
4.39899e+15
8.97787e+15
8.18148e+15
1.10856e+15
1.40659e+15
4.0094e+14
3.38548e+15
1.43777e+16
2.14148e+16
1.65041e+16
1.155e+16
2.49082e+16
5.9547e+16
9.18233e+16
1.25734e+17
1.11716e+17
2.6746e+16
9.06728e+15
5.12375e+16
8.32573e+16
6.28933e+16
2.42509e+16
1.10521e+17
1.07875e+17
2.4769e+15
1.88605e+15
1.24578e+15
1.45578e+15
2.46559e+15
3.08623e+15
3.69855e+15
4.94045e+15
3.81655e+15
1.30315e+15
5.60998e+14
3.16215e+14
2.32913e+14
1.26156e+15
2.57651e+15
2.81974e+15
1.53112e+15
4.76128e+14
1.34182e+15
2.73766e+15
2.98931e+15
1.82426e+15
8.27722e+14
5.25905e+14
2.53512e+14
3.63698e+14
6.5791e+14
1.41122e+15
1.24426e+15
1.98324e+15
2.42018e+15
2.01415e+15
7.96615e+13
7.60038e+22
1.20085e+14
3.49161e+14
8.06317e+14
1.99731e+15
2.9977e+15
2.07643e+15
2.88164e+15
3.25459e+15
2.97242e+15
1.83544e+15
6.88015e+14
3.2529e+14
2.97946e+14
5.35619e+14
3.26108e+14
4.85697e+13
1.39817e+14
1.5665e+14
1.30138e+14
6.33887e+14
1.24357e+15
6.17685e+14
3.12062e+14
3.10075e+14
1.52537e+14
3.53923e+14
4.5414e+14
3.14034e+14
1.30466e+14
2.01847e+14
6.22873e+14
6.91295e+14
1.23413e+17
1.0292e+17
7.75431e+16
7.24756e+16
8.54622e+16
9.6915e+16
1.06775e+17
1.0539e+17
9.69698e+16
1.01092e+17
1.02333e+17
8.32971e+16
7.01394e+16
7.52514e+16
7.45143e+16
8.73054e+16
1.21239e+17
1.38724e+17
1.16642e+17
9.59291e+16
8.41165e+16
8.95781e+16
9.07249e+16
9.21447e+16
8.74269e+16
9.75581e+16
1.14918e+17
1.27333e+17
1.05321e+17
2.52407e+17
1.6307e+16
9.39166e+16
7.96615e+13
7.60038e+22
1.20085e+14
3.49161e+14
8.06317e+14
1.99731e+15
2.9977e+15
2.07643e+15
1.22989e+17
9.61347e+16
7.41528e+16
8.52083e+16
1.23917e+17
1.22004e+17
9.66796e+16
8.55405e+16
8.65552e+16
9.65501e+16
9.41228e+16
8.46069e+16
7.71391e+16
9.48256e+16
9.48536e+16
7.35172e+16
7.20727e+16
1.04458e+17
1.33357e+17
1.18991e+17
1.02219e+17
1.04672e+17
1.07385e+17
1.16695e+17
1.10521e+17
1.07875e+17
