3.45113e+16
2.32334e+16
1.22457e+16
4.5672e+15
7.00828e+15
1.57722e+16
1.7866e+16
1.34986e+16
1.08663e+16
1.49638e+16
2.98959e+16
3.72709e+16
2.32799e+16
4.1564e+16
1.38531e+17
2.13146e+17
2.43262e+17
1.70983e+17
4.03365e+16
2.43902e+16
2.95224e+16
1.55247e+16
1.02252e+16
8.67979e+15
7.36586e+15
1.32959e+15
3.04712e+15
5.68848e+15
2.77175e+15
3.85098e+15
5.03213e+16
1.60262e+16
1.225e+16
9.12178e+16
4.58369e+17
2.53642e+19
1.16746e+20
1.64422e+20
1.73939e+20
1.28873e+20
3.01905e+19
1.61543e+18
6.56121e+16
1.02522e+16
1.49536e+16
5.31646e+15
5.95465e+14
3.92688e+15
2.09052e+15
1.19671e+15
8.05682e+15
1.21244e+16
1.37946e+16
2.5863e+16
4.80493e+16
6.20084e+16
4.07467e+16
2.0402e+16
1.05096e+17
1.65134e+17
1.58366e+17
1.06306e+17
2.79546e+16
1.21172e+16
2.36565e+16
1.84611e+16
1.30178e+15
1.3291e+15
1.24839e+15
1.35768e+15
1.36111e+15
1.44988e+15
1.18373e+15
7.10085e+14
1.05747e+16
1.06403e+15
1.87887e+15
1.03496e+16
2.14107e+16
1.95743e+16
5.44822e+15
4.5817e+15
2.2727e+14
1.90318e+14
6.27172e+14
9.04799e+14
1.01597e+15
1.39833e+15
1.21928e+15
1.00588e+15
9.12677e+14
5.55598e+14
6.31543e+14
6.31459e+14
7.44478e+14
1.08476e+15
9.43693e+14
6.73654e+14
6.19493e+14
3.12553e+14
5.43852e+14
2.6768e+14
1.90809e+14
6.93511e+14
9.92178e+14
8.24379e+14
1.03486e+15
1.04683e+15
3.45079e+14
2.05164e+14
3.5759e+14
6.9356e+14
1.13928e+15
9.67018e+14
4.84779e+14
1.22902e+14
8.1002e+13
4.37043e+14
1.58552e+15
2.01976e+15
1.82233e+15
2.01339e+15
1.61074e+15
1.16624e+15
1.26537e+15
1.28486e+15
1.07127e+15
8.07123e+14
4.16683e+14
5.86368e+13
3.27282e+12
2.15768e+11
3.9247e+14
2.03027e+14
3.65747e+14
8.01273e+14
4.96389e+14
8.85081e+13
5.42685e+13
4.63881e+14
2.26788e+14
1.95491e+14
1.99027e+14
3.58835e+14
1.9648e+14
1.97319e+14
4.21422e+14
1.25692e+15
2.70051e+15
3.26881e+15
2.70031e+15
2.43657e+15
2.07024e+15
1.44501e+15
1.24547e+15
1.302e+15
1.01945e+15
4.14438e+14
5.74567e+14
7.5556e+14
2.34962e+14
1.48173e+15
2.39909e+15
2.60111e+14
8.85995e+13
9.17315e+14
1.8942e+15
3.95872e+15
5.01247e+15
3.26301e+15
1.31543e+15
3.90829e+14
1.03479e+15
2.04923e+15
1.75843e+15
5.54445e+14
2.76659e+14
7.05449e+14
1.27886e+15
1.64592e+15
5.72213e+14
4.84291e+14
1.36665e+15
2.8713e+15
5.12823e+15
7.95582e+15
7.48832e+15
2.4501e+15
6.16936e+14
3.23808e+15
4.23272e+15
2.13133e+15
5.57122e+14
4.29783e+13
2.71011e+14
7.53376e+12
5.20322e+14
1.22997e+15
