1.35617e+16
1.20882e+16
7.65528e+15
6.13824e+15
2.39957e+15
1.45223e+15
7.40195e+14
2.56393e+15
3.19821e+15
5.90281e+14
1.94596e+15
1.35769e+16
1.40971e+16
7.96052e+15
6.24747e+15
1.18339e+16
5.12835e+16
1.69152e+17
2.01973e+17
2.07544e+17
1.23253e+17
7.61048e+15
7.06048e+15
2.8076e+16
2.31419e+16
2.20065e+16
2.00526e+16
1.02605e+16
7.42062e+15
1.81475e+16
3.61062e+15
2.98368e+15
2.88081e+16
7.60019e+22
1.55953e+18
3.83446e+19
1.34828e+20
1.66629e+20
1.65531e+20
1.03612e+20
1.8137e+19
3.33655e+17
4.90032e+16
7.77045e+15
5.54177e+15
6.29176e+15
7.41535e+14
5.0485e+15
3.45282e+15
5.86243e+15
1.08831e+16
1.6508e+16
1.79707e+16
7.08511e+15
4.66017e+16
1.17534e+17
1.20145e+17
1.27999e+17
9.41368e+16
4.28823e+16
4.48235e+16
6.22762e+16
6.41021e+16
4.63648e+16
1.98125e+16
5.18257e+15
1.35617e+16
1.20882e+16
7.65528e+15
6.13824e+15
2.39957e+15
1.45223e+15
7.40195e+14
2.56393e+15
1.73677e+15
1.93805e+15
2.91826e+15
3.54008e+15
2.59081e+15
1.22793e+15
1.62646e+14
7.54378e+13
4.66833e+14
2.86401e+14
2.55604e+14
1.13926e+15
2.66912e+15
3.53088e+15
3.06647e+15
2.0127e+15
6.70435e+14
1.72734e+14
1.92339e+14
1.1253e+14
7.88864e+13
3.51042e+14
3.83712e+14
2.30707e+14
2.88081e+16
7.60019e+22
1.55953e+18
3.83446e+19
1.34828e+20
1.66629e+20
1.65531e+20
1.03612e+20
4.81238e+12
5.56611e+13
5.42025e+14
7.74789e+14
6.19305e+14
3.67473e+14
1.1479e+14
3.75061e+14
8.0517e+14
7.62842e+14
4.52098e+14
3.98265e+14
3.64674e+14
8.07215e+14
1.29627e+15
9.95678e+14
3.18124e+14
6.22421e+13
7.96643e+14
1.61492e+15
1.76796e+15
1.28843e+15
7.26037e+14
4.35766e+14
1.98125e+16
5.18257e+15
2.52787e+14
6.92124e+13
5.59343e+13
2.83973e+14
7.66939e+14
6.66817e+14
5.82128e+14
7.30157e+14
1.40669e+15
1.84791e+15
1.55159e+15
1.29811e+15
1.21561e+15
9.99919e+14
4.58356e+14
3.50219e+14
7.97494e+14
2.06336e+15
4.27572e+15
5.85242e+15
7.30692e+15
6.80057e+15
4.56347e+15
2.60966e+15
1.17894e+15
1.36593e+15
1.20854e+15
6.18687e+14
3.38315e+14
5.32187e+14
1.82568e+14
2.32951e+15
2.88081e+16
7.60019e+22
1.55953e+18
3.83446e+19
1.34828e+20
1.66629e+20
1.65531e+20
1.03612e+20
3.03643e+15
2.07156e+15
1.93531e+15
2.29978e+15
1.86153e+15
1.69001e+15
1.40723e+15
6.8779e+14
2.52829e+14
4.11793e+14
5.04436e+14
7.04302e+14
1.29237e+15
1.55697e+15
1.43026e+15
1.11642e+15
3.26171e+14
1.06998e+14
6.62433e+14
1.06359e+15
6.46076e+14
4.37011e+14
3.97683e+14
1.08223e+15
1.99106e+15
1.68066e+15
