1.75608e+16
2.37237e+16
3.09579e+16
3.2783e+16
2.50068e+16
1.7658e+16
1.28176e+16
6.73455e+15
3.62773e+15
4.26323e+15
8.1547e+15
1.33307e+16
2.11071e+16
4.21618e+16
7.5237e+16
9.37901e+16
1.34996e+17
2.17772e+17
1.53121e+17
3.26076e+16
9.85888e+14
5.78588e+16
1.83889e+17
1.82565e+17
1.18868e+17
1.03252e+17
1.31932e+17
2.04506e+17
7.86613e+16
3.55686e+17
4.09191e+17
3.39573e+17
1.78909e+17
7.60329e+22
5.30525e+18
5.85098e+19
1.55312e+20
1.69263e+20
1.53846e+20
8.0862e+19
8.56474e+18
1.16966e+17
2.61849e+17
3.4904e+17
3.3571e+17
2.89077e+17
2.32313e+17
1.85975e+17
1.12161e+17
5.50251e+16
4.36532e+16
6.21423e+16
1.02196e+17
6.98836e+16
9.57003e+15
2.89349e+15
3.96596e+16
9.2846e+16
6.05364e+16
2.96124e+16
2.19105e+16
6.49385e+15
7.4032e+14
2.96074e+15
1.22841e+16
1.63301e+16
3.28641e+16
3.33368e+16
3.21582e+16
2.1919e+16
1.39547e+16
9.71828e+15
6.00813e+15
3.50954e+15
5.83961e+14
8.03436e+14
4.89711e+14
2.85313e+14
1.78009e+14
1.34577e+14
5.53816e+13
2.12704e+14
1.14563e+15
2.32621e+15
3.33572e+15
2.03435e+15
3.20859e+14
1.00625e+14
9.87172e+14
1.54589e+15
1.56853e+15
1.17248e+15
8.66413e+14
6.1774e+14
2.62234e+14
1.65568e+14
2.99913e+14
4.02491e+14
8.37249e+14
7.60025e+22
7.006e+14
4.50717e+14
3.41285e+14
3.1217e+14
3.03542e+14
3.204e+14
2.45833e+14
1.01721e+14
5.01519e+12
8.07287e+13
2.29298e+14
5.6711e+14
5.51117e+14
1.8665e+14
4.87023e+13
8.23586e+13
3.03516e+14
3.59268e+14
6.42924e+14
1.16255e+15
1.6078e+15
1.86061e+15
2.1368e+15
2.01049e+15
1.37967e+15
9.40094e+14
5.78274e+14
2.62899e+14
1.99658e+14
8.96343e+13
5.71037e+13
2.15588e+14
5.31079e+14
1.24502e+15
1.11751e+15
1.13727e+15
1.15029e+15
8.70166e+14
7.53452e+14
4.05093e+14
1.20787e+14
1.73012e+14
9.27319e+14
1.86757e+15
2.61019e+15
2.46391e+15
1.28707e+15
3.57203e+14
1.73829e+14
4.46486e+14
5.83626e+14
9.11201e+14
1.74499e+15
1.69389e+15
1.11423e+15
1.18306e+15
1.67336e+15
1.67709e+15
1.24588e+15
1.02339e+15
1.70859e+14
4.83334e+14
6.10224e+14
1.17101e+15
7.06501e+14
7.60103e+22
1.11429e+14
5.11987e+13
3.05196e+14
1.46047e+15
3.0551e+15
6.20765e+15
7.92016e+15
6.40689e+15
5.06142e+15
3.14247e+15
6.49665e+14
1.05109e+15
2.15758e+15
3.05814e+15
1.74459e+15
1.7902e+14
1.84411e+14
8.78348e+14
1.76642e+15
3.37343e+15
4.64759e+15
6.43832e+15
8.25973e+15
6.80985e+15
4.35923e+15
2.23179e+15
1.37781e+15
2.71851e+15
3.70761e+15
5.5657e+15
5.71037e+13
2.15588e+14
