8.76313e+15
1.89374e+16
3.4263e+16
3.9695e+16
4.01684e+16
3.30778e+16
1.48803e+16
7.33439e+15
9.52519e+15
1.01296e+16
5.25469e+15
5.1328e+15
3.02022e+16
7.19969e+16
1.04986e+17
1.68505e+17
1.9947e+17
1.24707e+17
7.36921e+16
3.43005e+16
3.38041e+16
5.61557e+16
6.95968e+16
4.50813e+16
3.60001e+16
5.69879e+16
1.09527e+17
1.28816e+17
1.41797e+17
1.66474e+17
2.29146e+17
5.55912e+17
1.4643e+18
1.43509e+18
7.60892e+18
5.98751e+19
1.58513e+20
1.68678e+20
1.44258e+20
7.53212e+19
1.35398e+15
1.73645e+15
2.60085e+15
2.23701e+15
6.90008e+14
6.61245e+14
1.24395e+15
4.4706e+15
1.19904e+17
1.04791e+17
7.10778e+16
4.708e+16
4.05231e+16
2.33099e+16
7.22757e+15
5.57272e+15
1.91096e+16
7.13995e+16
1.30251e+17
1.49546e+17
7.86225e+16
4.1953e+16
3.03949e+16
1.68514e+16
9.44005e+15
8.25195e+15
6.5296e+14
1.81426e+14
2.87364e+13
1.07323e+13
7.78968e+13
3.39957e+14
6.62667e+14
9.05155e+14
1.30261e+15
1.26493e+15
1.07115e+15
1.15336e+15
8.35841e+14
4.25504e+14
8.92584e+13
2.09327e+14
1.25468e+15
2.76574e+15
3.70541e+15
2.89906e+15
1.27499e+15
2.53686e+14
7.51084e+13
6.5923e+14
7.78243e+14
4.70608e+14
4.29674e+14
6.20244e+14
6.16143e+14
8.29745e+14
1.07873e+15
4.62604e+14
4.07388e+14
1.99909e+14
5.60362e+13
9.70743e+13
2.9625e+14
6.06554e+14
5.43499e+14
2.46052e+14
1.35398e+15
1.73645e+15
2.60085e+15
2.23701e+15
6.90008e+14
6.61245e+14
1.24395e+15
4.4706e+15
6.44095e+14
5.68247e+14
3.66214e+14
1.05913e+14
2.38789e+14
3.83914e+14
7.19247e+14
8.86727e+14
1.91096e+16
7.13995e+16
1.30251e+17
1.49546e+17
7.86225e+16
4.1953e+16
3.03949e+16
1.68514e+16
9.44005e+15
8.25195e+15
6.5296e+14
1.81426e+14
2.87364e+13
1.07323e+13
7.78968e+13
3.39957e+14
6.62667e+14
9.05155e+14
7.05294e+14
7.43963e+14
3.2546e+14
4.24346e+13
4.57459e+13
7.20427e+13
2.95061e+13
2.61471e+14
3.41699e+14
6.23769e+14
9.93432e+14
4.87973e+14
4.53085e+14
4.35879e+14
2.30504e+14
1.10689e+14
7.64494e+13
1.91072e+14
1.0313e+15
3.22268e+15
9.2795e+15
4.3659e+15
2.791e+15
5.32385e+14
2.60034e+14
1.18621e+15
1.76878e+15
2.05005e+15
1.44555e+15
2.17696e+15
2.95638e+15
2.96838e+15
3.48124e+15
2.75928e+15
1.23468e+15
6.38275e+14
5.73859e+14
3.85405e+14
6.11394e+14
3.10668e+15
5.86679e+15
6.75016e+15
6.34361e+15
3.77237e+15
2.58191e+15
3.70779e+15
7.36731e+15
9.03998e+15
6.3401e+15
5.49555e+15
4.56976e+15
3.62931e+15
2.73873e+15
2.41033e+15
2.21171e+15
1.14339e+15
9.44005e+15
8.25195e+15
