1.10961e+15
4.03155e+14
3.68474e+15
4.23088e+15
2.29492e+14
1.63707e+15
1.10102e+15
2.06154e+15
1.27238e+16
1.85472e+16
9.2562e+15
7.08211e+15
7.77275e+15
8.6349e+15
8.22423e+15
6.32478e+15
3.41699e+14
6.23769e+14
9.93432e+14
4.87973e+14
4.53085e+14
4.35879e+14
2.30504e+14
1.10689e+14
9.35322e+15
1.49509e+16
2.26945e+16
1.52232e+16
1.09939e+16
1.04077e+17
1.0247e+16
4.66025e+15
2.60034e+14
1.18621e+15
1.76878e+15
2.05005e+15
1.44555e+15
2.17696e+15
2.95638e+15
2.96838e+15
1.18269e+19
1.37131e+17
2.48559e+16
1.2878e+16
1.70249e+16
1.72543e+16
1.6813e+16
2.143e+16
4.94357e+16
5.61646e+16
4.20288e+16
6.84435e+16
1.29835e+17
2.18252e+17
2.41752e+17
1.48104e+17
5.09833e+16
1.44974e+16
1.47026e+16
5.53343e+15
6.99909e+15
1.64094e+16
1.19313e+16
7.49671e+15
9.44005e+15
8.25195e+15
3.40122e+14
1.39055e+14
5.9252e+14
4.50823e+14
6.68107e+14
1.10981e+15
1.10999e+15
5.41669e+14
5.69745e+13
8.71396e+12
1.84948e+14
5.72659e+14
6.74217e+14
5.00786e+14
4.56395e+13
3.74487e+14
1.24339e+15
2.0931e+15
2.57105e+15
2.57894e+15
2.02662e+15
1.18481e+15
4.4598e+14
2.47164e+14
1.04536e+14
2.83217e+14
1.21465e+15
1.64119e+15
7.15488e+14
7.16202e+13
3.93615e+15
3.82383e+15
1.90967e+15
7.60198e+22
7.06673e+14
8.65717e+14
1.66061e+15
1.76838e+15
1.20377e+15
1.28987e+15
1.18269e+19
1.37131e+17
2.48559e+16
1.2878e+16
1.70249e+16
1.72543e+16
1.6813e+16
2.143e+16
4.94357e+16
5.61646e+16
4.20288e+16
6.84435e+16
1.29835e+17
2.18252e+17
2.41752e+17
1.48104e+17
9.19746e+13
9.83453e+12
9.50176e+13
1.05882e+14
6.1874e+12
1.09513e+14
2.77626e+14
5.08423e+14
9.44005e+15
8.25195e+15
6.5296e+14
1.81426e+14
2.87364e+13
1.07323e+13
7.78968e+13
3.39957e+14
6.62667e+14
9.05155e+14
7.05294e+14
7.43963e+14
3.2546e+14
4.24346e+13
4.57459e+13
7.20427e+13
2.95061e+13
2.61471e+14
3.41699e+14
6.23769e+14
9.93432e+14
4.87973e+14
4.53085e+14
4.35879e+14
2.30504e+14
1.10689e+14
7.64494e+13
1.91072e+14
1.0313e+15
3.22268e+15
9.2795e+15
4.3659e+15
2.791e+15
5.32385e+14
2.60034e+14
1.18621e+15
1.76878e+15
2.05005e+15
1.44555e+15
2.17696e+15
2.95638e+15
2.96838e+15
3.48124e+15
2.75928e+15
1.23468e+15
6.38275e+14
5.73859e+14
3.85405e+14
6.11394e+14
3.10668e+15
5.86679e+15
6.75016e+15
6.34361e+15
3.77237e+15
2.58191e+15
3.70779e+15
7.36731e+15
9.03998e+15
6.3401e+15
5.49555e+15
4.56976e+15
3.62931e+15
2.73873e+15
2.41033e+15
2.21171e+15
1.14339e+15
9.44005e+15
8.25195e+15
