1.00973e+15
3.96792e+15
7.70715e+15
1.26623e+16
6.00333e+15
4.66944e+15
5.28003e+15
1.18944e+16
9.86738e+15
1.60687e+15
6.82613e+15
6.21698e+14
9.29206e+15
6.96696e+15
8.14561e+15
7.53266e+16
2.19501e+17
2.54253e+17
2.35623e+17
1.42091e+17
3.99936e+16
1.19891e+16
1.37414e+16
3.67538e+16
2.10288e+16
1.25221e+16
2.10206e+16
5.23543e+16
4.58744e+15
1.90724e+17
9.50514e+15
1.52431e+17
7.96615e+13
7.60038e+22
1.20085e+14
3.49161e+14
8.06317e+14
1.99731e+15
2.9977e+15
2.07643e+15
1.96622e+19
1.89141e+18
4.0763e+17
1.79682e+17
1.19283e+17
1.15054e+17
1.10403e+16
4.67593e+16
4.10911e+16
1.38486e+16
4.39394e+15
3.02935e+16
4.12733e+16
8.60087e+15
1.11287e+16
6.72198e+16
1.85791e+17
2.36749e+17
2.46293e+17
1.67775e+17
6.38005e+16
4.08e+16
2.70682e+16
4.84311e+15
9.16825e+14
4.68423e+14
2.4769e+15
1.88605e+15
1.24578e+15
1.45578e+15
2.46559e+15
3.08623e+15
3.69855e+15
4.94045e+15
3.81655e+15
1.30315e+15
5.60998e+14
3.16215e+14
2.32913e+14
1.26156e+15
2.57651e+15
2.81974e+15
1.53112e+15
4.76128e+14
1.34182e+15
2.73766e+15
2.98931e+15
1.82426e+15
8.27722e+14
5.25905e+14
2.53512e+14
3.63698e+14
6.5791e+14
1.41122e+15
1.24426e+15
1.98324e+15
2.42018e+15
2.01415e+15
7.96615e+13
7.60038e+22
1.20085e+14
3.49161e+14
8.06317e+14
1.99731e+15
2.9977e+15
2.07643e+15
2.88164e+15
3.25459e+15
2.97242e+15
1.83544e+15
6.88015e+14
3.2529e+14
2.97946e+14
5.35619e+14
3.26108e+14
4.85697e+13
1.39817e+14
1.5665e+14
1.30138e+14
6.33887e+14
1.24357e+15
6.17685e+14
3.12062e+14
3.10075e+14
1.52537e+14
3.53923e+14
4.5414e+14
3.14034e+14
1.30466e+14
2.01847e+14
6.22873e+14
6.91295e+14
1.23413e+17
1.0292e+17
7.75431e+16
7.24756e+16
8.54622e+16
9.6915e+16
1.06775e+17
1.0539e+17
9.69698e+16
1.01092e+17
1.02333e+17
8.32971e+16
7.01394e+16
7.52514e+16
7.45143e+16
8.73054e+16
1.21239e+17
1.38724e+17
1.16642e+17
9.59291e+16
8.41165e+16
8.95781e+16
9.07249e+16
9.21447e+16
8.74269e+16
9.75581e+16
1.14918e+17
1.27333e+17
1.05321e+17
2.52407e+17
1.6307e+16
9.39166e+16
7.96615e+13
7.60038e+22
1.20085e+14
3.49161e+14
8.06317e+14
1.99731e+15
2.9977e+15
2.07643e+15
1.22989e+17
9.61347e+16
7.41528e+16
8.52083e+16
1.23917e+17
1.22004e+17
9.66796e+16
8.55405e+16
8.65552e+16
9.65501e+16
9.41228e+16
8.46069e+16
7.71391e+16
9.48256e+16
9.48536e+16
7.35172e+16
7.20727e+16
1.04458e+17
1.33357e+17
1.18991e+17
1.02219e+17
1.04672e+17
1.07385e+17
1.16695e+17
1.10521e+17
1.07875e+17
