6.36932e+15
7.45906e+15
8.89352e+15
9.77436e+15
1.22545e+16
1.07622e+16
7.68018e+15
7.60963e+15
1.14221e+16
1.57373e+16
4.07731e+15
8.35292e+13
5.3804e+14
4.98224e+14
1.12534e+15
4.78203e+15
8.25513e+15
2.46457e+15
1.39576e+16
8.15165e+15
2.72406e+16
1.00661e+17
1.98288e+17
2.51533e+17
5.52387e+14
4.91486e+14
1.9892e+14
3.25422e+13
1.22441e+14
1.43026e+15
7.54888e+15
7.6198e+15
1.0727e+17
7.57229e+22
5.75844e+18
6.38291e+19
1.51723e+20
1.68534e+20
1.58077e+20
7.46597e+19
7.22342e+18
2.94634e+15
1.39555e+17
6.99584e+16
1.7719e+16
3.78053e+15
3.08568e+15
8.50232e+15
2.40252e+16
3.96921e+16
1.01668e+17
1.59068e+17
1.60473e+17
1.19407e+17
4.24484e+16
1.13665e+16
9.19851e+15
4.61034e+15
1.01619e+16
5.84932e+15
2.73762e+15
8.74371e+15
1.13977e+16
1.34349e+16
1.15801e+16
1.34472e+16
1.74545e+15
2.30228e+15
2.64463e+15
2.71439e+15
1.94628e+15
1.40636e+15
1.41489e+15
1.63032e+15
2.19606e+15
2.41184e+15
1.75751e+15
1.59598e+15
1.97677e+15
2.17414e+15
2.7041e+15
2.30501e+15
2.39228e+15
3.71857e+15
3.99664e+15
2.41685e+15
1.50563e+15
1.10829e+15
6.74796e+14
5.91094e+14
3.53015e+14
9.4207e+13
2.67343e+14
4.09906e+14
1.91416e+14
7.7952e+14
1.48756e+14
2.00878e+15
1.0727e+17
7.57229e+22
5.75844e+18
6.38291e+19
1.51723e+20
1.68534e+20
1.58077e+20
7.46597e+19
1.47631e+15
8.5209e+14
3.68694e+14
2.07897e+14
4.65118e+14
5.69461e+14
5.94732e+14
3.69403e+14
1.05708e+14
9.18969e+13
5.56574e+14
9.18549e+14
7.47897e+14
3.45849e+14
2.06762e+14
9.14169e+13
6.51143e+12
5.25997e+13
3.48855e+14
1.43645e+15
2.18717e+15
2.62807e+15
2.75485e+15
1.8847e+15
1.15801e+16
1.34472e+16
3.00522e+15
2.43393e+15
2.06979e+15
1.36091e+15
4.20127e+14
2.6483e+14
3.2517e+14
9.19186e+14
2.31757e+15
2.84969e+15
2.106e+15
1.65534e+15
3.54609e+15
7.05186e+15
1.08176e+16
1.08821e+16
5.85204e+15
2.24718e+15
7.57101e+14
3.31669e+13
1.34563e+14
4.5574e+14
1.48046e+15
3.23179e+15
3.70603e+15
3.57677e+15
3.9745e+15
3.6012e+15
3.32315e+15
4.26041e+15
4.36088e+15
2.80264e+15
2.16893e+15
7.60089e+22
3.73356e+15
4.73229e+15
4.4183e+15
3.90735e+15
2.44376e+15
1.50086e+15
1.04186e+15
3.21802e+14
1.30528e+15
3.09488e+15
2.73015e+15
9.39114e+14
4.99474e+14
1.0158e+14
4.9954e+14
8.58353e+14
2.10819e+15
1.81479e+15
1.78917e+15
3.31751e+15
4.21793e+15
3.12117e+15
2.71799e+15
3.96264e+15
5.09305e+15
6.55449e+15
8.46349e+15
9.78169e+15
8.86925e+15
5.84528e+15
1.15801e+16
1.34472e+16
