1.46173e+14
1.82292e+14
7.80519e+14
5.79899e+15
7.52964e+15
2.89555e+15
1.664e+15
3.06547e+15
2.7111e+15
2.54689e+15
2.79316e+15
6.01993e+15
1.39937e+16
1.79817e+16
1.29219e+16
3.25157e+15
1.51146e+16
1.05398e+17
1.71575e+17
1.47283e+17
1.01669e+17
3.42691e+16
6.51629e+15
5.69426e+15
1.31239e+16
1.85074e+16
1.393e+16
6.52396e+15
5.98265e+15
6.94167e+14
1.31037e+16
2.85083e+15
1.47803e+16
2.81161e+16
1.53546e+18
3.95145e+19
1.31499e+20
1.63415e+20
1.66819e+20
1.02314e+20
1.67986e+19
4.72572e+17
4.39899e+15
8.97787e+15
8.18148e+15
1.10856e+15
1.40659e+15
4.0094e+14
3.38548e+15
1.43777e+16
2.14148e+16
1.65041e+16
1.155e+16
2.49082e+16
5.9547e+16
9.18233e+16
1.25734e+17
1.11716e+17
2.6746e+16
9.06728e+15
5.12375e+16
8.32573e+16
6.28933e+16
2.42509e+16
1.10521e+17
1.07875e+17
7.13035e+14
3.64323e+14
3.5887e+14
3.73864e+14
6.49227e+14
1.06265e+15
1.95848e+15
2.71469e+15
2.93886e+15
1.92517e+15
7.80492e+14
4.41945e+14
1.53732e+14
1.74453e+14
5.91527e+14
1.00145e+15
1.25442e+15
2.17714e+15
3.36563e+15
3.29409e+15
2.55146e+15
1.47906e+15
3.62938e+14
3.84166e+14
8.25522e+14
1.18863e+15
1.08619e+15
7.4516e+14
5.34417e+14
2.76315e+14
7.31772e+13
4.43899e+14
1.21775e+15
7.60116e+22
1.94591e+15
1.81975e+15
6.67554e+14
7.40617e+12
2.65314e+14
6.27426e+14
4.48021e+14
2.03616e+14
7.16591e+13
2.85831e+14
6.76774e+14
1.19755e+15
1.65429e+15
1.35244e+15
1.15802e+15
9.43233e+14
6.58798e+14
4.81531e+14
6.24096e+14
7.06758e+14
5.66948e+14
3.31693e+14
2.22204e+14
1.98305e+14
3.19434e+14
6.61926e+14
5.82111e+14
4.02399e+14
3.14926e+14
2.51785e+14
1.10521e+17
1.07875e+17
1.23413e+17
1.0292e+17
7.75431e+16
7.24756e+16
8.54622e+16
9.6915e+16
1.06775e+17
1.0539e+17
9.69698e+16
1.01092e+17
1.02333e+17
8.32971e+16
7.01394e+16
7.52514e+16
7.45143e+16
8.73054e+16
1.21239e+17
1.38724e+17
1.16642e+17
9.59291e+16
8.41165e+16
8.95781e+16
9.07249e+16
9.21447e+16
8.74269e+16
9.75581e+16
1.14918e+17
1.27333e+17
1.05321e+17
2.52407e+17
1.6307e+16
9.39166e+16
7.96615e+13
7.60038e+22
1.20085e+14
3.49161e+14
8.06317e+14
1.99731e+15
2.9977e+15
2.07643e+15
1.22989e+17
9.61347e+16
7.41528e+16
8.52083e+16
1.23917e+17
1.22004e+17
9.66796e+16
8.55405e+16
8.65552e+16
9.65501e+16
9.41228e+16
8.46069e+16
7.71391e+16
9.48256e+16
9.48536e+16
7.35172e+16
7.20727e+16
1.04458e+17
1.33357e+17
1.18991e+17
1.02219e+17
1.04672e+17
1.07385e+17
1.16695e+17
1.10521e+17
1.07875e+17
