24
5
6
9
8
15
15
15
11
10
8
6
3
6
9
13
14
17
16
12
8
11
3
6
10
10
14
16
16
12
10
6
6
7
8
11
15
10
14
14
9
5
5
7
9
8
14
16
14
15
13
7
7
5
4
7
12
10
15
17
12
12
12
6
6
6
10
12
13
13
10
9
6
7
7
5
10
10
10
15
11
12
5
5
5
4
6
11
13
13
14
16
11
10
7
5
5
8
12
11
15
17
11
9
7
5
4
5
8
12
11
13
11
9
9
5
8
5
11
10
10
13
11
10
8
6
7
6
9
13
14
14
16
13
7
9
5
8
10
12
9
12
14
13
11
9
7
6
7
8
9
15
18
13
13
7
9
7
9
10
10
15
13
14
13
9
10
6
6
10
13
10
14
11
12
12
10
5
8
9
5
11
13
14
13
13
12
10
7
9
5
11
13
18
14
12
8
7
7
5
4
10
14
14
15
15
12
7
5
9
6
9
11
12
15
13
15
12
8
9
9
10
8
10
14
15
13
10
11
5
10
9
4
10
12
13
16
14
9
8
5
6
4
8
12
10
16
13
12
11
8
8
6
5
16
11
8
18
14
11
8
5
9
8
13
14
14
16
10
10
11
5
8
7
11
13
14
15
15
11
10
6
9
4
8
12
9
13
12
14
10
8
1
5
7
11
9
13
15
10
12
9
8
5
6
8
9
13
13
15
12
10
9
8
7
7
10
11
15
13
12
11
9
3
7
6
10
15
16
13
13
13
8
7
6
6
8
13
16
17
15
12
10
8
6
6
8
10
13
15
13
10
11
13
6
3
5
7
11
14
17
13
12
8
5
7
6
8
7
13
12
12
12
9
9
5
3
3
10
9
14
14
14
10
13
9
7
5
9
9
8
10
10
13
9
8
5
7
7
10
11
10
11
14
10
10
6
6
6
9
11
16
13
15
15
9
3
4
7
8
8
13
14
15
10
11
10
5
7
10
6
13
17
17
12
11
11
9
5
10
10
11
9
14
13
11
10
10
6
7
8
9
8
14
14
16
15
14
9
7
7
8
13
9
12
16
11
9
10
3
8
9
10
14
13
14
14
9
8
4
4
7
9
16
12
18
14
11
13
9
8
7
8
8
17
14
16
13
13
10
9
6
10
8
11
14
15
12
10
10
8
6
8
7
11
13
17
15
15
11
10
7
7
4
11
14
14
10
10
11
5
6
5
5
8
14
14
17
17
12
15
8
6
5
15
12
13
15
19
15
12
4
9
7
4
6
12
12
12
17
9
12
7
4
6
8
10
9
14
13
14
10
7
8
5
9
10
11
15
12
12
10
12
8
5
11
10
11
15
13
14
11
9
6
9
7
9
10
13
16
16
14
9
6
9
6
9
7
12
12
12
14
10
8
3
5
8
7
9
10
12
14
12
9
7
6
4
7
11
11
12
15
10
8
6
2
10
6
6
11
13
14
18
14
11
8
6
3
8
8
13
14
15
15
7
6
7
7
8
11
11
16
19
14
14
7
9
8
7
10
11
13
12
14
14
10
8
9
3
4
13
8
14
14
14
11
8
7
6
4
11
11
15
17
13
12
8
8
6
6
8
9
13
14
15
15
10
9
3
9
9
11
10
13
17
13
9
8
4
3
7
6
9
10
13
12
9
12
10
3
9
5
7
11
9
13
13
13
10
4
6
5
4
13
12
14
14
12
9
5
4
6
6
6
11
15
17
10
11
9
3
8
5
8
9
12
13
10
9
8
8
8
5
9
11
11
16
13
10
8
9
6
8
7
7
16
16
17
15
8
9
6
6
4
11
11
13
12
9
12
7
8
6
6
4
9
13
12
14
10
11
6
6
5
4
5
13
16
17
12
8
12
5
7
8
5
8
11
13
14
12
8
9
8
9
9
10
14
12
16
15
10
9
4
3
5
6
7
12
14
9
13
11
9
4
7
6
10
11
13
15
14
10
10
8
7
7
9
10
13
14
11
11
13
8
6
8
10
13
14
16
15
13
9
8
5
8
6
7
9
11
13
14
9
9
3
7
5
8
6
12
14
18
9
8
7
4
6
8
10
11
14
18
15
11
6
11
4
10
9
11
12
16
12
11
6
9
7
9
8
11
14
14
15
13
9
4
6
4
5
10
11
12
12
12
13
10
5
7
6
9
11
7
13
14
12
14
5
7
6
6
11
11
14
15
9
11
8
5
6
7
11
9
14
16
13
9
7
9
8
4
9
6
9
16
16
13
9
9
8
4
5
9
12
14
14
16
11
10
5
7
5
10
12
11
12
15
13
10
6
5
9
9
9
11
12
15
17
13
4
9
5
8
12
