65
4
7
7
10
14
14
14
9
8
8
4
9
13
11
13
11
9
10
6
3
7
6
12
15
17
12
6
6
6
8
9
9
11
16
14
10
7
6
6
9
12
11
15
12
12
7
1
9
8
13
12
13
13
10
8
9
4
7
10
18
11
16
12
11
5
2
3
7
10
18
13
13
7
5
7
8
10
13
14
15
13
7
6
6
7
11
9
14
19
11
9
8
4
3
9
13
15
15
13
12
6
4
5
8
10
13
15
12
8
8
7
9
9
8
9
15
16
9
8
6
7
8
9
10
13
12
16
8
7
4
4
10
13
15
15
13
10
6
5
5
10
11
12
15
15
10
8
7
6
6
11
13
18
14
11
6
6
8
8
10
9
15
15
11
10
2
7
4
11
13
11
18
14
9
6
3
3
8
13
14
13
8
11
8
5
5
10
13
14
15
17
8
4
8
7
7
11
13
15
17
14
10
7
7
7
13
16
16
13
10
8
7
8
8
8
17
16
14
13
8
9
2
6
12
14
15
11
12
8
4
3
6
7
11
17
18
15
7
5
6
10
6
12
14
14
14
8
9
9
8
6
12
11
17
16
9
4
4
4
10
8
12
13
15
13
8
8
6
6
9
13
13
11
10
10
4
6
6
8
13
17
17
14
10
7
4
4
6
12
13
17
10
10
7
7
7
8
12
15
12
14
15
9
7
6
8
10
14
14
15
12
6
8
7
5
13
11
17
15
11
12
3
7
4
10
16
15
17
16
11
9
1
7
7
5
15
15
11
12
9
1
3
5
11
13
11
10
12
9
7
8
9
9
13
12
15
12
9
7
6
6
10
11
13
14
10
10
4
5
6
8
14
13
18
15
9
4
5
6
7
10
15
12
12
11
2
6
4
7
12
15
15
16
11
6
9
5
9
7
14
17
13
13
9
5
5
6
7
10
13
15
15
10
8
7
6
9
11
12
15
11
8
8
7
5
5
12
15
12
13
14
9
8
8
10
7
15
15
12
10
6
5
4
8
8
13
15
14
12
9
5
5
5
9
13
15
11
11
11
4
5
10
9
12
13
14
13
10
9
6
6
8
14
15
16
14
12
8
7
4
12
11
11
16
12
11
13
7
11
10
12
16
17
15
12
8
10
6
6
9
12
14
20
12
10
9
4
5
6
11
16
14
13
12
8
4
8
8
9
12
12
15
14
8
7
6
8
11
14
15
11
12
8
8
6
5
12
13
14
15
13
10
5
4
7
10
14
14
15
12
11
7
7
7
9
12
15
13
13
6
10
6
8
8
10
14
15
15
13
8
4
5
6
9
14
15
13
7
7
6
5
9
8
14
15
14
12
9
2
5
9
10
9
11
14
11
7
6
7
6
11
14
14
12
12
8
8
6
7
9
13
12
10
10
7
8
6
4
7
10
11
14
13
13
6
6
3
6
15
17
14
16
12
9
2
7
4
8
11
14
14
7
10
10
7
6
10
8
15
16
14
8
9
5
5
10
14
15
18
12
8
7
10
3
9
10
17
15
14
8
7
4
5
6
12
15
15
17
10
10
9
7
11
11
13
16
11
13
9
7
4
6
9
13
15
16
15
12
5
8
1
8
13
15
14
9
9
9
6
5
5
9
11
14
11
11
5
2
6
9
11
14
15
14
10
12
4
5
5
14
16
15
12
10
9
7
6
6
9
10
13
13
11
11
7
6
7
10
16
14
15
12
12
9
5
6
6
7
12
17
12
13
10
7
11
7
14
15
16
14
10
10
4
2
7
11
9
15
14
12
8
5
8
9
9
10
17
17
10
10
4
6
4
8
12
14
18
14
7
8
6
6
8
11
11
14
13
12
9
9
4
9
14
11
14
16
11
8
5
5
7
11
13
14
16
12
8
8
9
6
9
11
16
14
11
10
2
7
6
10
13
13
13
13
13
6
6
9
8
13
14
17
16
10
11
6
6
9
10
15
13
14
10
5
5
5
8
10
11
16
16
12
9
7
5
11
10
13
17
14
14
9
8
4
5
12
10
15
14
14
10
7
5
7
8
14
13
14
11
9
8
4
8
8
9
12
14
15
11
7
6
5
6
11
10
15
14
12
9
6
8
7
9
14
16
13
15
10
6
5
9
11
12
14
17
16
14
8
9
8
8
10
16
14
13
11
8
9
4
9
10
18
13
15
10
9
7
7
10
8
15
12
16
12
11
5
8
7
9
15
16
12
13
13
6
4
4
6
10
17
11
12
10
7
8
6
11
11
16
16
13
10
10
5
6
8
7
12
11
14
12
10
1
5
11
7
14
15
13
13
9
5
6
8
10
14
15
15
13
10
3
6
14
