26
10
12
13
11
8
8
8
12
13
15
13
13
3
6
7
10
12
14
12
10
7
8
6
9
13
15
15
13
12
7
5
7
13
13
12
11
8
5
6
6
13
14
13
12
8
7
7
7
11
10
13
13
16
6
7
7
13
8
18
14
14
7
6
8
9
13
13
15
15
10
10
7
10
10
14
15
11
8
9
6
10
8
11
14
12
11
9
9
9
8
11
12
17
11
6
7
8
15
8
11
12
13
6
11
5
9
12
13
14
12
9
9
7
5
10
12
17
12
11
10
6
8
8
13
15
12
10
6
4
6
7
12
17
13
10
12
4
6
8
9
10
14
12
9
6
3
4
9
14
14
13
11
8
13
6
9
10
12
14
9
10
7
5
8
13
13
16
14
12
6
4
7
11
17
15
10
13
5
5
8
10
7
13
13
11
9
4
6
6
13
11
11
11
9
6
7
13
13
13
11
13
9
9
7
8
12
12
14
12
11
5
7
11
9
14
16
16
12
6
6
8
8
10
13
13
11
5
10
6
9
12
15
14
11
11
6
7
10
14
19
15
14
9
7
7
7
12
13
18
13
10
10
6
9
9
12
13
14
10
9
6
8
9
12
13
15
13
9
6
7
7
12
13
14
13
10
6
7
11
10
14
11
14
9
10
7
8
9
14
19
15
12
10
6
5
9
12
12
16
9
10
3
9
6
11
14
12
14
10
7
3
7
11
12
16
12
11
6
6
11
10
14
15
15
8
7
5
7
10
11
14
16
12
10
8
5
10
13
15
13
14
12
9
4
9
8
16
14
14
11
5
5
10
12
10
14
10
11
8
5
5
10
9
12
12
10
9
7
7
8
11
16
14
9
9
1
6
7
10
15
10
11
9
6
5
9
12
16
14
13
10
7
7
7
7
11
10
14
13
9
3
7
10
8
13
14
13
7
7
4
6
6
12
12
11
9
10
5
9
10
11
14
12
10
11
7
5
9
14
14
10
12
12
6
6
10
11
16
14
11
9
10
6
10
11
13
14
16
9
8
5
6
11
13
14
10
8
5
6
5
9
13
15
14
11
9
6
10
9
10
14
14
11
9
5
10
9
9
14
15
9
10
5
6
8
8
12
17
14
16
8
4
7
11
12
14
14
11
7
8
3
10
10
10
17
13
9
7
9
6
9
14
16
9
11
5
7
8
12
13
18
12
9
10
7
9
8
12
14
8
15
6
5
9
7
12
15
17
14
8
8
6
6
14
9
13
11
6
9
9
9
9
13
14
15
8
7
7
5
10
15
14
10
12
8
6
6
12
9
15
11
10
8
7
6
9
8
14
16
11
7
6
5
7
11
12
15
16
8
9
4
7
9
11
14
16
13
8
2
5
8
11
17
12
12
11
6
6
10
7
13
11
11
10
7
10
7
11
15
15
15
10
4
4
7
10
13
13
17
11
6
5
7
8
12
15
11
12
5
8
9
10
11
13
16
10
11
10
7
6
11
13
14
13
9
8
8
6
11
14
14
13
9
8
8
7
11
12
12
14
13
10
5
6
10
12
16
15
12
11
9
5
7
11
16
15
12
10
4
4
5
7
11
11
12
9
9
5
6
10
13
14
14
9
7
7
6
7
10
13
14
11
10
7
8
9
10
13
15
14
10
8
8
8
11
17
14
15
11
7
4
6
10
12
15
13
11
5
6
4
8
12
10
15
13
7
6
4
7
13
11
13
12
8
7
6
9
8
10
12
11
9
7
5
8
9
13
13
12
11
10
6
8
10
12
16
15
13
8
5
7
6
10
9
16
14
8
10
6
11
11
10
13
13
11
7
9
4
13
12
13
12
9
7
6
5
10
13
13
11
9
8
5
5
8
12
14
15
10
11
9
7
11
10
12
17
10
14
9
5
8
9
13
13
13
9
9
6
8
11
10
12
13
11
4
8
4
12
17
11
13
12
9
5
4
9
11
15
14
14
7
10
7
4
14
15
12
13
9
4
9
7
11
10
14
11
9
9
8
6
10
10
12
13
11
10
8
5
4
8
16
10
13
10
9
9
6
7
13
15
13
12
10
6
10
9
13
13
15
10
7
4
8
10
9
14
14
10
9
9
6
6
12
14
17
13
11
5
5
9
10
12
13
13
11
7
4
6
9
12
14
14
11
5
6
6
10
11
12
15
14
10
8
7
9
13
15
12
11
6
3
8
5
10
10
14
12
14
10
2
5
11
12
13
13
9
5
5
6
7
14
16
12
10
10
6
7
9
13
14
13
11
10
8
7
9
13
12
17
12
11
4
4
8
9
14
13
15
12
6
6
8
9
11
11
15
12
10
2
6
9
9
14
