64
14
12
5
8
9
9
9
13
14
11
13
9
10
5
5
6
9
14
15
17
16
11
10
7
8
5
9
11
17
15
14
10
11
7
10
6
9
11
14
18
11
13
15
9
7
7
6
12
13
13
14
16
13
8
11
5
7
9
14
11
15
14
14
13
11
5
9
8
10
13
14
13
10
10
11
8
6
10
10
11
14
14
12
13
12
8
9
6
11
13
13
13
16
15
12
7
5
7
9
12
13
17
11
16
10
9
8
5
8
13
10
15
14
18
12
8
7
8
3
8
10
14
16
18
12
14
5
10
2
9
10
15
15
12
13
14
11
8
9
11
10
14
18
18
15
13
7
10
10
5
7
13
10
13
14
11
12
8
9
6
7
9
14
13
13
12
13
11
7
6
5
9
13
14
15
14
11
10
8
7
9
11
12
10
12
14
13
10
11
7
8
9
10
13
14
18
18
14
9
7
6
8
7
12
17
16
16
17
9
8
6
10
10
11
17
13
13
12
13
6
9
9
6
11
12
13
16
16
10
9
9
7
8
10
8
14
15
16
14
12
11
7
8
8
12
11
13
13
15
14
7
8
6
8
9
11
17
15
14
13
10
7
5
7
12
12
11
15
15
13
10
11
6
7
9
9
15
13
16
17
15
11
7
6
8
9
15
14
14
11
9
15
6
5
6
7
11
13
14
17
14
10
9
5
8
9
10
11
12
17
13
12
8
7
5
7
8
12
10
17
13
11
8
9
8
9
11
11
13
13
19
14
10
9
9
6
7
10
9
13
12
15
14
8
9
5
7
9
12
16
13
17
13
9
8
5
6
9
13
13
14
12
13
13
9
8
9
10
8
13
12
12
13
13
7
4
8
11
8
13
14
12
15
13
9
6
6
9
5
11
15
16
14
15
11
10
6
5
7
10
11
16
13
13
13
7
10
9
8
8
10
15
18
17
12
9
5
6
9
11
12
11
13
13
14
14
11
9
5
8
10
13
11
14
14
12
10
8
8
9
10
13
16
11
14
14
12
9
6
6
7
10
11
14
15
19
13
9
8
6
8
9
12
12
14
12
11
11
9
6
7
8
14
13
13
13
13
10
11
9
8
5
11
14
14
14
13
12
6
7
7
6
12
11
13
11
15
11
9
9
8
3
6
11
11
15
14
15
10
8
5
7
6
9
11
16
13
14
11
9
8
10
6
4
15
14
14
12
12
11
11
6
6
7
13
12
16
14
10
11
8
6
4
7
7
12
14
15
10
12
9
8
6
6
6
12
13
13
13
11
12
11
10
8
7
8
17
10
12
13
12
9
10
9
7
10
15
14
15
13
15
10
6
6
7
11
15
15
16
15
12
9
9
7
8
9
13
13
13
15
13
13
8
8
9
8
7
11
13
13
13
12
11
7
5
8
10
11
13
17
15
14
12
6
6
6
7
7
10
13
13
9
13
9
8
5
4
10
9
16
17
18
9
9
11
7
9
7
10
12
11
13
13
9
4
4
5
10
9
11
13
15
13
14
13
6
7
11
9
10
11
17
12
12
11
4
6
5
10
11
12
13
15
12
13
10
6
7
8
9
11
15
15
16
9
9
5
10
9
10
11
12
16
11
12
10
9
7
4
6
11
10
14
12
14
10
9
9
9
6
8
12
11
15
15
13
9
6
7
7
6
10
14
12
12
11
11
10
9
7
6
10
11
17
16
14
14
9
6
6
4
9
11
12
15
15
11
10
6
5
6
8
7
15
18
12
13
13
11
4
8
6
11
11
13
15
11
13
9
8
6
4
9
12
13
15
12
10
7
6
7
6
9
8
11
16
16
13
10
11
5
9
8
8
11
10
13
13
11
8
7
6
5
11
12
13
15
13
10
8
9
7
6
10
10
12
16
14
14
11
8
8
6
8
9
13
14
19
17
13
9
6
5
8
10
10
17
15
21
11
10
9
4
9
6
10
13
17
17
11
13
12
7
10
10
9
9
20
17
13
13
7
7
7
7
9
10
8
17
13
14
11
6
5
8
12
10
13
16
17
16
10
9
5
6
8
7
11
12
18
10
12
9
8
4
6
12
9
13
12
14
13
10
7
7
3
6
10
14
15
12
13
11
9
6
9
5
8
14
10
11
17
13
7
6
5
9
5
8
12
13
14
11
10
8
6
6
4
9
11
17
14
15
13
5
6
8
7
9
11
11
13
13
11
7
8
7
6
8
7
11
14
19
14
8
4
9
7
8
10
14
17
11
14
8
9
10
10
5
11
10
13
12
16
10
10
10
5
6
7
11
10
14
17
14
11
8
6
5
6
11
14
13
14
14
13
10
8
5
6
10
11
12
