22
8
8
8
7
13
13
13
12
17
14
14
11
11
6
6
7
7
10
8
14
13
15
12
13
15
15
10
7
7
10
10
9
9
9
13
15
15
13
13
13
11
7
13
7
6
9
11
12
14
14
10
13
17
13
9
7
7
9
8
10
8
13
12
13
15
14
14
14
11
6
10
9
4
6
9
12
14
15
13
13
10
13
7
6
10
7
5
12
11
14
13
11
15
15
13
10
9
7
8
5
9
7
9
9
12
13
13
13
13
10
10
9
9
9
7
5
8
12
11
12
17
14
11
12
9
9
6
9
7
7
9
9
13
13
14
15
12
10
14
6
4
6
8
8
8
15
11
11
11
10
11
13
12
11
9
10
5
7
8
9
6
14
13
14
9
10
9
11
9
4
7
10
11
10
10
11
12
15
14
10
11
12
6
5
7
10
10
9
10
11
14
15
17
14
8
9
9
6
5
11
9
7
10
12
17
14
12
17
10
6
8
6
7
5
5
13
11
15
11
12
14
13
11
13
6
6
8
7
8
7
7
13
10
15
13
13
11
11
8
5
9
7
10
9
8
12
15
17
9
12
10
13
6
9
7
8
5
8
11
12
11
13
15
15
11
8
7
8
5
7
8
9
8
8
10
13
16
14
13
11
9
5
9
9
8
11
8
10
14
13
10
10
11
10
4
10
9
6
5
6
11
12
12
15
13
13
9
9
7
12
6
6
8
9
9
8
13
15
12
13
14
10
8
5
8
7
9
7
11
11
12
11
18
14
11
14
11
10
9
8
6
11
10
10
13
15
16
13
13
12
8
10
9
9
7
11
9
14
13
11
16
16
13
13
9
11
6
8
6
7
8
9
12
14
15
13
13
8
7
10
3
8
4
7
10
12
11
17
13
18
11
10
9
9
6
7
7
8
8
13
13
14
18
16
13
13
9
7
8
6
9
10
11
10
12
14
13
15
12
11
12
9
8
9
6
10
11
12
14
19
15
18
14
11
11
8
10
8
1
7
10
8
11
14
14
15
15
13
10
9
10
7
8
11
10
16
13
9
15
13
16
13
8
9
8
4
8
9
8
8
10
13
11
16
11
9
14
8
9
8
8
7
11
12
10
11
10
13
15
16
9
7
10
3
8
10
8
11
13
14
12
14
10
12
10
10
7
7
7
6
8
11
15
11
15
13
13
14
9
7
7
3
8
6
7
13
14
14
14
9
12
13
14
10
5
7
6
5
9
10
10
12
13
14
9
13
9
11
8
9
6
6
7
11
11
12
13
14
11
14
10
9
8
6
4
8
11
9
11
10
13
15
11
15
11
8
9
6
6
7
11
13
10
11
12
17
14
18
10
9
11
6
6
9
10
11
14
11
15
11
13
11
9
10
6
8
6
8
8
12
12
11
15
14
11
10
11
7
6
6
6
6
8
8
13
14
14
14
11
14
11
6
5
10
6
7
7
5
9
10
12
13
16
11
14
9
7
9
5
9
7
9
8
11
13
16
13
13
13
7
13
7
5
8
9
9
11
13
10
14
11
13
13
10
10
11
9
6
5
9
11
11
14
17
15
14
11
9
12
9
8
5
5
8
8
12
13
15
16
13
11
13
9
6
6
4
6
11
10
12
10
16
12
14
12
8
6
7
4
6
4
7
10
13
13
13
15
13
11
10
10
9
7
7
7
9
11
9
9
10
14
14
10
11
11
7
6
7
7
6
9
12
13
15
14
11
12
11
7
6
7
4
7
5
7
14
10
12
13
16
15
8
8
6
3
9
6
7
8
9
11
10
11
14
17
10
12
10
8
9
5
8
10
12
10
10
14
13
14
10
9
6
9
6
4
7
5
12
12
13
14
14
12
12
8
10
11
5
7
7
5
11
11
16
11
13
11
12
10
7
7
8
9
9
11
10
11
13
11
12
9
13
9
8
8
9
8
8
8
8
12
12
15
11
10
11
9
11
6
10
7
8
5
4
13
14
13
11
14
13
10
7
5
7
10
10
9
10
12
16
14
10
11
10
10
6
8
6
6
2
9
11
12
10
11
13
13
11
13
10
9
6
4
10
7
9
13
12
14
14
14
13
10
10
10
9
4
3
3
11
10
10
14
11
15
8
12
9
6
11
6
6
8
7
13
14
14
13
16
11
13
9
6
7
5
7
5
10
11
11
14
16
15
12
13
9
6
6
6
9
10
6
9
9
13
14
15
16
8
11
6
10
7
6
9
10
12
8
11
10
12
13
11
10
9
9
6
6
7
7
11
11
13
14
13
16
11
10
8
7
3
6
7
11
11
13
11
11
13
12
14
9
8
9
5
6
10
7
13
12
11
14
13
