25
6
3
3
9
13
13
13
11
10
6
5
6
8
11
14
13
13
13
6
4
5
9
11
16
12
15
11
7
5
7
8
10
15
16
17
10
8
9
8
7
10
11
16
16
11
13
6
4
5
7
14
13
15
11
10
6
6
3
5
12
14
16
13
9
8
4
8
5
9
12
16
15
14
11
5
6
7
8
13
11
15
12
6
7
6
9
8
14
12
17
10
12
6
7
9
11
14
18
17
14
11
4
6
5
8
9
10
15
15
13
7
7
6
5
12
12
18
17
12
10
8
8
9
10
10
9
17
12
10
9
5
6
7
13
16
15
13
9
10
7
7
9
12
13
17
14
9
8
7
5
6
10
15
15
17
11
8
7
5
10
10
13
14
12
9
11
4
6
8
13
12
10
15
14
10
8
4
9
9
11
14
17
17
13
8
6
6
9
9
16
14
14
10
7
10
4
6
12
14
14
13
14
8
10
3
7
10
11
13
17
11
10
7
5
7
10
14
15
18
10
9
7
4
7
6
10
15
10
11
10
6
4
6
12
9
15
16
14
9
6
7
9
9
10
15
17
15
13
7
7
4
6
12
16
16
13
13
9
5
4
8
10
13
15
15
17
8
8
9
6
9
13
14
13
11
14
6
6
5
8
11
16
13
11
15
8
4
6
9
10
12
13
12
12
6
8
4
7
9
12
16
14
11
8
7
6
7
10
9
14
16
13
17
7
3
7
8
16
20
11
11
9
7
6
5
9
10
11
16
15
11
7
3
5
7
10
14
16
14
11
6
6
3
6
10
12
15
15
13
8
9
7
5
13
13
14
17
10
9
10
3
7
6
10
16
14
16
13
13
3
4
9
12
15
17
14
8
11
5
6
7
9
12
15
17
11
11
7
7
7
12
13
16
18
13
13
5
6
2
6
12
13
14
13
12
7
6
5
9
10
10
17
16
13
9
7
8
6
8
13
13
12
9
9
8
7
8
10
11
14
17
14
11
8
8
5
9
11
15
13
13
10
5
8
3
8
14
11
17
14
14
6
7
3
9
10
14
17
18
10
8
10
6
6
11
12
17
17
14
6
7
4
7
10
7
15
12
12
10
7
3
6
7
10
15
13
12
12
6
6
7
6
10
13
15
15
11
5
3
7
9
11
10
12
15
17
13
6
6
7
8
13
16
14
12
10
6
9
7
10
11
14
18
9
10
7
7
7
9
13
15
16
12
11
6
5
8
9
9
12
13
14
13
10
9
6
6
10
15
16
14
12
11
6
16383
4
8
13
14
14
15
7
5
8
4
7
11
15
15
10
13
8
6
8
7
12
13
16
12
13
9
5
6
8
14
12
14
12
13
9
8
8
8
9
10
14
14
13
11
7
6
8
9
11
16
13
14
8
8
4
6
9
14
14
16
12
14
7
6
8
9
12
15
15
17
10
9
6
7
7
10
13
11
15
14
7
11
9
8
8
11
14
15
12
11
9
7
8
5
12
16
15
13
11
7
5
7
6
13
14
14
11
13
5
5
8
7
10
15
19
17
15
7
11
5
4
10
18
14
13
10
12
10
7
7
8
16
15
15
15
13
7
4
6
7
11
13
14
16
12
6
4
8
10
12
11
13
17
12
8
7
7
9
11
10
15
13
12
12
9
5
8
12
11
15
14
12
10
8
6
8
7
13
12
14
12
6
6
6
4
10
10
15
14
10
10
7
6
8
8
13
10
14
12
16
10
5
4
8
5
16
14
14
12
8
9
7
5
7
13
11
16
16
10
7
3
3
7
13
13
17
13
13
6
4
4
2
11
11
17
15
13
8
8
6
7
11
17
13
14
14
10
6
4
9
8
15
12
14
16
9
8
6
6
11
13
16
12
11
12
5
6
6
9
13
14
14
17
11
8
5
4
8
9
13
16
17
11
10
8
5
10
11
13
16
16
14
8
5
5
7
10
12
13
19
12
11
5
5
8
8
14
15
11
14
12
9
4
6
10
11
13
12
12
14
6
9
9
6
11
11
12
16
10
10
8
6
8
6
15
18
17
10
11
5
9
6
7
11
14
17
12
10
5
7
7
8
10
12
15
12
13
9
8
4
9
9
13
17
17
11
6
7
2
7
10
13
16
17
12
11
7
7
5
12
15
19
16
17
9
8
6
6
10
11
17
13
11
8
10
6
8
9
9
16
14
16
8
9
9
6
6
11
13
15
16
12
5
6
6
12
9
13
14
16
13
13
11
8
7
10
11
14
13
11
12
8
4
7
6
13
17
17
12
9
8
6
2
9
9
13
15
17
10
8
3
8
9
13
11
14
13
11
9
7
4
7
8
14
10
11
13
5
