7066560.0
20365802.0
7541670.5
12809729.0
12272065.0
1241495.0
7301829.5
3488051.0
1518616.5
4957495.5
578726.9375
1530366.375
5302054.5
1257544.75
1709055.125
699319.5
3021407.25
1849344.875
7241.134765625
1935605.875
6074731.5
281114.0625
4893633.0
6276957.0
5138064.0
14306363.0
25350408.0
11562570.0
18889400.0
14893976.0
5602189.5
10284789.0
18811552.0
2804633.25
5816491.0
1161967.125
621150.75
7289443.0
8239929.0
6906744.0
3423824.0
7951770.0
2540959.25
3928363.25
5382183.0
402657.125
5494765.0
3654845.5
908455.5625
3270751.25
9355511.0
6306269.5
5469215.0
11398986.0
2413439.5
2939031.0
25978372.0
3218663.25
9661461.0
6788373.0
1885876.25
10077582.0
100306.0546875
747818.1875
4999866.0
848766.75
6485074.0
5863818.5
443949.09375
4534482.0
369340.21875
5110930.0
3281100.0
12566672.0
4927145.0
1405140.625
20820938.0
136383.5
7253756.5
10298075.0
1545457.875
13391233.0
2554651.0
487205.9375
5002427.5
8171043.5
2332802.25
299560.40625
17956796.0
351273.6875
4995525.0
17011270.0
3336984.0
23580646.0
5112869.0
4478206.5
15716958.0
3529899.0
6625229.0
1521550.125
15203820.0
4503427.5
2918228.25
7444923.5
441246.0625
9482773.0
6169796.0
2932383.25
17394312.0
302290.6875
55614.8125
4827542.5
5610286.0
712761.375
119094.890625
2354309.5
5760373.5
1005794.625
556502.3125
8613697.0
6498334.0
4992491.0
639824.3125
4485455.0
5676489.5
1594711.75
97580.0078125
4894925.0
9798314.0
1897822.375
2370132.0
4064252.0
982600.25
1596541.25
781925.375
16950442.0
1745747.125
7392143.5
10804367.0
328832.46875
8657882.0
6391493.0
9970386.0
22708064.0
10978292.0
10564023.0
12628926.0
8012680.5
6087022.5
11795447.0
8224609.5
7595077.0
16269776.0
2347580.5
512342.21875
2720823.0
1288128.0
5824191.0
2400577.25
1950611.625
4417857.5
2548746.75
153390.0
138664.578125
2469002.25
1921222.0
814563.0625
685496.875
5735281.5
2081158.0
3611416.5
717318.9375
7945368.5
650149.6875
1340350.5
1689567.25
4557449.0
222569.734375
4331817.5
2216758.25
3451816.5
8105077.5
209763.453125
458817.125
11179393.0
5446202.5
8439372.0
12581058.0
1080998.25
12976487.0
2962418.75
5194096.5
4105016.0
21391960.0
1028385.6875
3956297.5
2551088.0
5511156.0
4750194.5
11282732.0
150755.046875
2289603.0
336149.40625
6351322.0
3101663.75
20338984.0
12723327.0
1206966.25
5035133.5
7267303.0
7510918.5
6355342.0
9822466.0
10232779.0
5718024.0
4004222.0
2130430.0
2337652.75
19809368.0
9367705.0
17003606.0
14528038.0
7303592.0
10154084.0
6470330.0
1089158.5
10294098.0
1029192.875
32905408.0
2815046.0
9516362.0
10105758.0
14801700.0
2676583.75
17536880.0
9538338.0
17460432.0
1010869.4375
462953.5
903552.125
7283957.0
673682.5
817592.25
3233277.5
32862352.0
12401645.0
14931749.0
23413688.0
6448587.5
316315.5
10085232.0
23301402.0
7626400.0
15199251.0
10934576.0
26408320.0
257155.984375
3800329.75
4766074.0
34514704.0
2473405.25
6175261.5
13724980.0
3060318.0
15033067.0
30628034.0
10050730.0
76127112.0
3938101.5
5679640.5
2737895.0
16163303.0
2097116.875
14459774.0
17903960.0
12902635.0
8948669.0
19167890.0
7264588.5
23850496.0
14865392.0
11874353.0
19228102.0
17587162.0
1610712.875
10229409.0
6002587.0
6240606.0
24134690.0
11266392.0
18123740.0
1689975.375
27187380.0
2190070.0
43194516.0
475161.3125
89123.2734375
13383122.0
4491402.0
2053745.5
14090496.0
2131386.25
7841903.0
3512011.5
7022208.0
3761957.0
58369584.0
42095944.0
25782226.0
51841944.0
28908486.0
26060520.0
143649488.0
111331432.0
51022788.0
92332888.0
2879361.5
28175654.0
14926267.0
53369176.0
4010740.0
33670360.0
37987168.0
20105186.0
70608160.0
24620548.0
4084659.0
125874760.0
2185798.5
73862056.0
72166960.0
8256066.5
65306768.0
18765960.0
953219.375
56167380.0
11782767.0
7159261.5
10153114.0
4385623.0
1972844.125
56591412.0
79696800.0
696498.3125
115252472.0
24718680.0
27731648.0
14091610.0
19162154.0
116454232.0
3349592.25
10161394.0
30421998.0
18128650.0
21470922.0
59215844.0
65835540.0
8058432.0
10248076.0
44486248.0
12339170.0
37359.1015625
129834008.0
24447378.0
22717586.0
5358135.5
4157329.25
128173440.0
6723657.0
8534898.0
55859404.0
46584096.0
9394866.0
128852976.0
46131256.0
3944283.25
17263046.0
5682502.5
22006836.0
46230872.0
57143212.0
106384352.0
57136472.0
102036192.0
212405360.0
61211824.0
97569232.0
71292208.0
26370224.0
117473688.0
135999008.0
93329232.0
114830368.0
129270712.0
28049376.0
773611.5
54342108.0
93740976.0
18104742.0
74513224.0
159743872.0
181461472.0
54387356.0
70462816.0
61426380.0
19028052.0
9176893.0
71141608.0
48561552.0
154043744.0
113743136.0
22892622.0
65630200.0
282707552.0
163404176.0
265053392.0
284053408.0
123752952.0
116750696.0
53918816.0
151902656.0
56674776.0
116971312.0
126365376.0
333346432.0
64602884.0
131803024.0
239992448.0
112224728.0
11988854.0
126964760.0
322227136.0
469582560.0
67269976.0
279752640.0
1238956160.0
84992640.0
148044320.0
373490272.0
560125952.0
251332064.0
65212328.0
109461064.0
203832192.0
528380448.0
38727380.0
169767296.0
792235136.0
389283072.0
12837612.0
825549888.0
884605952.0
28717400.0
805007360.0
2848090.0
713340160.0
1074899328.0
32351708.0
808685376.0
499233152.0
352838464.0
97589640.0
1014625728.0
713414464.0
35789236.0
215019056.0
5730898.0
752613824.0
82633896.0
967178240.0
1115875200.0
2225197.5
922780736.0
94761616.0
2174700544.0
1767661568.0
84392824.0
1493386496.0
5537719.0
1423499264.0
793287040.0
828337024.0
2093374464.0
441245376.0
264467264.0
866598208.0
107223896.0
470621408.0
1069801856.0
143080160.0
1884516352.0
1048290560.0
59765568.0
2122793728.0
1063045888.0
725281728.0
1055780992.0
577139008.0
3727308288.0
2444397568.0
2105335936.0
3678764032.0
2269116160.0
5430473216.0
4836984832.0
7228122112.0
5621073920.0
11923738624.0
317525491712.0
11923738624.0
5621073408.0
7228122112.0
4836984832.0
5430473216.0
2269116160.0
3678764544.0
2105335936.0
2444397568.0
3727308288.0
577138880.0
1055780992.0
725281728.0
1063046336.0
2122794112.0
59765568.0
1048290816.0
1884516480.0
143080272.0
1069801856.0
470621344.0
107223976.0
866598208.0
264467264.0
441245440.0
2093374720.0
828336896.0
793287232.0
1423499648.0
5537726.0
1493386240.0
84392824.0
1767661312.0
2174700544.0
94761680.0
922780608.0
2225201.5
1115874816.0
967178176.0
82633864.0
752613824.0
5730879.5
215019008.0
35789204.0
713414336.0
1014625920.0
97589632.0
352838528.0
499233024.0
808685504.0
32351706.0
1074899328.0
713340096.0
2848090.75
805007232.0
28717408.0
884606144.0
825549888.0
12837592.0
389283104.0
792235264.0
169767248.0
38727376.0
528380448.0
203832224.0
109461016.0
65212264.0
251332032.0
560126080.0
373490112.0
148044288.0
84992624.0
1238956032.0
279752576.0
67269952.0
469582368.0
322227168.0
126964760.0
11988830.0
112224680.0
239992464.0
131803024.0
64602852.0
333346304.0
126365456.0
116971272.0
56674772.0
151902640.0
53918820.0
116750672.0
123752912.0
284053312.0
265053424.0
163404208.0
282707424.0
65630200.0
22892642.0
113743032.0
154043744.0
48561520.0
71141608.0
9176882.0
19028042.0
61426356.0
70462760.0
54387368.0
181461472.0
159743872.0
74513216.0
18104728.0
93740960.0
54342104.0
773614.5625
28049388.0
129270720.0
114830368.0
93329216.0
135998992.0
117473640.0
26370210.0
71292208.0
97569240.0
61211856.0
212405296.0
102036176.0
57136488.0
106384376.0
57143208.0
46230864.0
22006836.0
5682494.0
17263044.0
3944288.0
46131288.0
128852912.0
9394862.0
46584040.0
55859436.0
8534890.0
6723657.0
128173464.0
4157320.0
5358129.5
22717584.0
24447364.0
129834096.0
37359.0625
12339177.0
44486304.0
10248075.0
8058437.0
65835564.0
59215876.0
21470986.0
18128664.0
30422002.0
10161398.0
3349593.0
116454192.0
19162166.0
14091582.0
27731650.0
24718672.0
115252536.0
696496.5
79696800.0
56591400.0
1972846.125
4385617.5
10153102.0
7159249.0
11782772.0
56167392.0
953226.25
18765926.0
65306780.0
8256073.5
72166992.0
73862016.0
2185796.75
125874832.0
4084656.75
24620530.0
70608176.0
20105210.0
37987160.0
33670340.0
4010742.75
53369188.0
14926283.0
28175674.0
2879360.75
92332896.0
51022812.0
111331520.0
143649472.0
26060566.0
28908488.0
51841932.0
25782234.0
42095984.0
58369560.0
3761963.0
7022203.0
3511985.5
7841909.5
2131383.75
14090494.0
2053744.875
4491393.5
13383117.0
89122.40625
475166.71875
43194500.0
2190065.5
27187390.0
1689969.0
18123746.0
11266386.0
24134678.0
6240605.0
6002592.0
10229424.0
1610711.625
17587156.0
19228106.0
11874352.0
14865390.0
23850530.0
7264600.0
19167872.0
8948667.0
12902623.0
17903964.0
14459754.0
2097113.125
16163294.0
2737890.75
5679637.5
3938104.5
76127136.0
10050738.0
30628030.0
15033059.0
3060321.0
13725010.0
6175275.0
2473405.75
34514736.0
4766058.5
3800308.25
257157.421875
26408374.0
10934595.0
15199283.0
7626400.0
23301382.0
10085226.0
316313.875
6448589.5
23413718.0
14931760.0
12401639.0
32862348.0
3233266.0
817586.0
673680.625
7283966.0
903558.25
462952.53125
1010871.5
17460428.0
9538334.0
17536868.0
2676582.25
14801687.0
10105774.0
9516363.0
2815045.75
32905418.0
1029193.5625
10294108.0
1089157.5
6470332.0
10154109.0
7303585.0
14528034.0
17003606.0
9367697.0
19809360.0
2337646.5
2130430.75
4004214.25
5718022.5
10232755.0
9822466.0
6355350.0
7510930.0
7267302.5
5035136.0
1206969.75
12723344.0
20338972.0
3101664.5
6351318.0
336148.3125
2289597.25
150753.890625
11282741.0
4750192.0
5511159.0
2551089.75
3956294.0
1028394.0625
21391948.0
4105006.25
5194108.0
2962422.0
12976467.0
1080999.375
12581045.0
8439367.0
5446197.5
11179384.0
458823.4375
209761.46875
8105069.0
3451817.25
2216752.0
4331826.0
222569.546875
4557440.0
1689557.625
1340350.5
650153.625
7945363.5
717322.875
3611416.0
2081148.75
5735290.5
685490.3125
814564.0
1921219.125
2469005.0
138664.625
153394.5625
2548751.5
4417854.0
1950609.0
2400578.75
5824185.5
1288126.0
2720830.75
512344.4375
2347588.0
16269778.0
7595093.0
8224595.0
11795427.0
6087020.0
8012696.0
12628911.0
10564015.0
10978299.0
22708068.0
9970382.0
6391491.5
8657882.0
328834.4375
10804349.0
7392139.0
1745749.75
16950474.0
781923.0625
1596544.25
982606.875
4064254.0
2370129.5
1897824.75
9798320.0
4894932.0
97578.703125
1594720.0
5676489.0
4485461.5
639823.0
4992486.5
6498329.5
8613702.0
556503.4375
1005790.375
5760375.0
2354309.5
119090.765625
712758.875
5610284.0
4827550.5
55614.94921875
302295.03125
17394316.0
2932387.5
6169790.0
9482764.0
441245.5625
7444933.0
2918239.5
4503439.5
15203838.0
1521547.125
6625222.0
3529904.25
15716953.0
4478209.0
5112864.5
23580654.0
3336982.0
17011262.0
4995540.0
351273.0
17956812.0
299562.5
2332793.75
8171040.0
5002426.5
487200.3125
2554635.75
13391211.0
1545462.125
10298078.0
7253755.0
136379.921875
20820956.0
1405141.5
4927137.0
12566680.0
3281090.75
5110915.5
369342.625
4534502.0
443946.5
5863814.0
6485080.5
848766.75
4999867.0
747813.375
100303.4921875
10077594.0
1885876.5
6788381.0
9661461.0
3218674.75
25978402.0
2939015.0
2413435.75
11399007.0
5469210.5
6306274.0
9355515.0
3270747.5
908459.1875
3654847.0
5494743.0
402663.5625
5382198.0
3928372.75
2540959.5
7951779.0
3423823.75
6906711.0
8239936.0
7289431.0
621153.4375
1161969.625
5816496.0
2804626.5
18811588.0
10284789.0
5602156.0
14893995.0
18889396.0
11562560.0
25350448.0
14306356.0
5138066.5
6276984.0
4893633.0
281115.125
6074736.5
1935589.25
7240.2978515625
1849334.5
3021419.25
699317.0
1709067.75
1257555.75
5302064.5
1530376.0
578742.0
4957503.5
1518585.75
3488072.0
7301816.0
1241479.125
12272136.0
12809692.0
7541620.0
20365918.0
7066543.0
5009621.0
19996448.0
12096024.0
0.0
0.0
0.0
0.0
