index,raw_unsigned,float_value
0,1280053301,53493972.0
1,1280053301,53493972.0
2,1280053301,53493972.0
3,1280053301,53493972.0
4,1280053301,53493972.0
5,1280053301,53493972.0
6,1280053301,53493972.0
7,1280053301,53493972.0
8,1280053301,53493972.0
9,1280053301,53493972.0
10,1280053301,53493972.0
11,1280053301,53493972.0
12,1280053301,53493972.0
13,1280053301,53493972.0
14,1280053301,53493972.0
15,1280053301,53493972.0
16,1280053301,53493972.0
17,1280053301,53493972.0
18,1280053301,53493972.0
19,1280053301,53493972.0
20,1280053301,53493972.0
21,1280053301,53493972.0
22,1280053301,53493972.0
23,1280053301,53493972.0
24,1280053301,53493972.0
25,1280053301,53493972.0
26,1280053301,53493972.0
27,1280053301,53493972.0
28,1280053301,53493972.0
29,1280053301,53493972.0
30,1280053301,53493972.0
31,1280053301,53493972.0
32,1280053301,53493972.0
33,1280053301,53493972.0
34,1280053301,53493972.0
35,1280053301,53493972.0
36,1280053301,53493972.0
37,1280053301,53493972.0
38,1280053301,53493972.0
39,1280053301,53493972.0
40,1280053301,53493972.0
41,1280053301,53493972.0
42,1280053301,53493972.0
43,1280053301,53493972.0
44,1280053301,53493972.0
45,1280053301,53493972.0
46,1280053301,53493972.0
47,1280053301,53493972.0
48,1280053301,53493972.0
49,1280053301,53493972.0
50,1280053301,53493972.0
51,1280053301,53493972.0
52,1280053301,53493972.0
53,1280053301,53493972.0
54,1280053301,53493972.0
55,1280053301,53493972.0
56,1280053301,53493972.0
57,1280053301,53493972.0
58,1280053301,53493972.0
59,1280053301,53493972.0
60,1280053301,53493972.0
61,1280053301,53493972.0
62,1280053301,53493972.0
63,1280053301,53493972.0
64,1280053301,53493972.0
65,1280053301,53493972.0
66,1280053301,53493972.0
67,1280053301,53493972.0
68,1280053301,53493972.0
69,1280053301,53493972.0
70,1280053301,53493972.0
71,1280053301,53493972.0
72,1280053301,53493972.0
73,1280053301,53493972.0
74,1280053301,53493972.0
75,1280053301,53493972.0
76,1280053301,53493972.0
77,1280053301,53493972.0
78,1280053301,53493972.0
79,1280053301,53493972.0
80,1280053301,53493972.0
81,1280053301,53493972.0
82,1280053301,53493972.0
83,1280053301,53493972.0
84,1280053301,53493972.0
85,1280053301,53493972.0
86,1280053301,53493972.0
87,1280053301,53493972.0
88,1280053301,53493972.0
89,1280053301,53493972.0
90,1280053301,53493972.0
91,1280053301,53493972.0
92,1280053301,53493972.0
93,1280053301,53493972.0
94,1280053301,53493972.0
95,1280053301,53493972.0
96,1280053301,53493972.0
97,1280053301,53493972.0
98,1280053301,53493972.0
99,1280053301,53493972.0
100,1280053301,53493972.0
101,1280053301,53493972.0
102,1280053301,53493972.0
103,1280053301,53493972.0
104,1280053301,53493972.0
105,1280053301,53493972.0
106,1280053301,53493972.0
107,1280053301,53493972.0
108,1280053301,53493972.0
109,1280053301,53493972.0
110,1280053301,53493972.0
111,1280053301,53493972.0
112,1280053301,53493972.0
113,1280053301,53493972.0
114,1280053301,53493972.0
115,1280053301,53493972.0
116,1280053301,53493972.0
117,1280053301,53493972.0
118,1280053301,53493972.0
119,1280053301,53493972.0
120,1280053301,53493972.0
121,1280053301,53493972.0
122,1280053301,53493972.0
123,1280053301,53493972.0
124,1280053301,53493972.0
125,1280053301,53493972.0
126,1280053301,53493972.0
127,1280053301,53493972.0
128,1280053301,53493972.0
129,1280053301,53493972.0
130,1280053301,53493972.0
131,1280053301,53493972.0
132,1280053301,53493972.0
133,1280053301,53493972.0
134,1280053301,53493972.0
135,1280053301,53493972.0
136,1280053301,53493972.0
137,1280053301,53493972.0
138,1280053301,53493972.0
139,1280053301,53493972.0
140,1280053301,53493972.0
141,1280053301,53493972.0
142,1280053301,53493972.0
143,1280053301,53493972.0
144,1280053301,53493972.0
145,1280053301,53493972.0
146,1280053301,53493972.0
147,1280053301,53493972.0
148,1280053301,53493972.0
149,1280053301,53493972.0
150,1280053301,53493972.0
151,1280053301,53493972.0
152,1280053301,53493972.0
153,1280053301,53493972.0
154,1280053301,53493972.0
155,1280053301,53493972.0
156,1280053301,53493972.0
157,1280053301,53493972.0
158,1280053301,53493972.0
159,1280053301,53493972.0
160,1280053301,53493972.0
161,1280053301,53493972.0
162,1280053301,53493972.0
163,1280053301,53493972.0
164,1280053301,53493972.0
165,1280053301,53493972.0
166,1280053301,53493972.0
167,1280053301,53493972.0
168,1280053301,53493972.0
169,1280053301,53493972.0
170,1280053301,53493972.0
171,1280053301,53493972.0
172,1280053301,53493972.0
173,1280053301,53493972.0
174,1280053301,53493972.0
175,1280053301,53493972.0
176,1280053301,53493972.0
177,1280053301,53493972.0
178,1280053301,53493972.0
179,1280053301,53493972.0
180,1280053301,53493972.0
181,1280053301,53493972.0
182,1280053301,53493972.0
183,1280053301,53493972.0
184,1280053301,53493972.0
185,1280053301,53493972.0
186,1280053301,53493972.0
187,1280053301,53493972.0
188,1280053301,53493972.0
189,1280053301,53493972.0
190,1280053301,53493972.0
191,1280053301,53493972.0
192,1280053301,53493972.0
193,1280053301,53493972.0
194,1280053301,53493972.0
195,1280053301,53493972.0
196,1280053301,53493972.0
197,1280053301,53493972.0
198,1280053301,53493972.0
199,1280053301,53493972.0
200,1280053301,53493972.0
201,1280053301,53493972.0
202,1280053301,53493972.0
203,1280053301,53493972.0
204,1280053301,53493972.0
205,1280053301,53493972.0
206,1280053301,53493972.0
207,1280053301,53493972.0
208,1280053301,53493972.0
209,1280053301,53493972.0
210,1280053301,53493972.0
211,1280053301,53493972.0
212,1280053301,53493972.0
213,1280053301,53493972.0
214,1280053301,53493972.0
215,1280053301,53493972.0
216,1280053301,53493972.0
217,1280053301,53493972.0
218,1280053301,53493972.0
219,1280053301,53493972.0
220,1280053301,53493972.0
221,1280053301,53493972.0
222,1280053301,53493972.0
223,1280053301,53493972.0
224,1280053301,53493972.0
225,1280053301,53493972.0
226,1280053301,53493972.0
227,1280053301,53493972.0
228,1280053301,53493972.0
229,1280053301,53493972.0
230,1280053301,53493972.0
231,1280053301,53493972.0
232,1280053301,53493972.0
233,1280053301,53493972.0
234,1280053301,53493972.0
235,1280053301,53493972.0
236,1280053301,53493972.0
237,1280053301,53493972.0
238,1280053301,53493972.0
239,1280053301,53493972.0
240,1280053301,53493972.0
241,1280053301,53493972.0
242,1280053301,53493972.0
243,1280053301,53493972.0
244,1280053301,53493972.0
245,1280053301,53493972.0
246,1280053301,53493972.0
247,1280053301,53493972.0
248,1280053301,53493972.0
249,1280053301,53493972.0
250,1280053301,53493972.0
251,1280053301,53493972.0
252,1280053301,53493972.0
253,1280053301,53493972.0
254,1280053301,53493972.0
255,1280053301,53493972.0
256,1280053301,53493972.0
257,1280053301,53493972.0
258,1280053301,53493972.0
259,1280053301,53493972.0
260,1280053301,53493972.0
261,1280053301,53493972.0
262,1280053301,53493972.0
263,1280053301,53493972.0
264,1280053301,53493972.0
265,1280053301,53493972.0
266,1280053301,53493972.0
267,1280053301,53493972.0
268,1280053301,53493972.0
269,1280053301,53493972.0
270,1280053301,53493972.0
271,1280053301,53493972.0
272,1280053301,53493972.0
273,1280053301,53493972.0
274,1280053301,53493972.0
275,1280053301,53493972.0
276,1280053301,53493972.0
277,1280053301,53493972.0
278,1280053301,53493972.0
279,1280053301,53493972.0
280,1280053301,53493972.0
281,1280053301,53493972.0
282,1280053301,53493972.0
283,1280053301,53493972.0
284,1280053301,53493972.0
285,1280053301,53493972.0
286,1280053301,53493972.0
287,1280053301,53493972.0
288,1280053301,53493972.0
289,1280053301,53493972.0
290,1280053301,53493972.0
291,1280053301,53493972.0
292,1280053301,53493972.0
293,1280053301,53493972.0
294,1280053301,53493972.0
295,1280053301,53493972.0
296,1280053301,53493972.0
297,1280053301,53493972.0
298,1280053301,53493972.0
299,1280053301,53493972.0
300,1280053301,53493972.0
301,1280053301,53493972.0
302,1280053301,53493972.0
303,1280053301,53493972.0
304,1280053301,53493972.0
305,1280053301,53493972.0
306,1280053301,53493972.0
307,1280053301,53493972.0
308,1280053301,53493972.0
309,1280053301,53493972.0
310,1280053301,53493972.0
311,1280053301,53493972.0
312,1280053301,53493972.0
313,1280053301,53493972.0
314,1280053301,53493972.0
315,1280053301,53493972.0
316,1280053301,53493972.0
317,1280053301,53493972.0
318,1280053301,53493972.0
319,1280053301,53493972.0
320,1280053301,53493972.0
321,1280053301,53493972.0
322,1280053301,53493972.0
323,1280053301,53493972.0
324,1280053301,53493972.0
325,1280053301,53493972.0
326,1280053301,53493972.0
327,1280053301,53493972.0
328,1280053301,53493972.0
329,1280053301,53493972.0
330,1280053301,53493972.0
331,1280053301,53493972.0
332,1280053301,53493972.0
333,1280053301,53493972.0
334,1280053301,53493972.0
335,1280053301,53493972.0
336,1280053301,53493972.0
337,1280053301,53493972.0
338,1280053301,53493972.0
339,1280053301,53493972.0
340,1280053301,53493972.0
341,1280053301,53493972.0
342,1280053301,53493972.0
343,1280053301,53493972.0
344,1280053301,53493972.0
345,1280053301,53493972.0
346,1280053301,53493972.0
347,1280053301,53493972.0
348,1280053301,53493972.0
349,1280053301,53493972.0
350,1280053301,53493972.0
351,1280053301,53493972.0
352,1280053301,53493972.0
353,1280053301,53493972.0
354,1280053301,53493972.0
355,1280053301,53493972.0
356,1280053301,53493972.0
357,1280053301,53493972.0
358,1280053301,53493972.0
359,1280053301,53493972.0
360,1280053301,53493972.0
361,1280053301,53493972.0
362,1280053301,53493972.0
363,1280053301,53493972.0
364,1280053301,53493972.0
365,1280053301,53493972.0
366,1280053301,53493972.0
367,1280053301,53493972.0
368,1280053301,53493972.0
369,1280053301,53493972.0
370,1280053301,53493972.0
371,1280053301,53493972.0
372,1280053301,53493972.0
373,1280053301,53493972.0
374,1280053301,53493972.0
375,1280053301,53493972.0
376,1280053301,53493972.0
377,1280053301,53493972.0
378,1280053301,53493972.0
379,1280053301,53493972.0
380,1280053301,53493972.0
381,1280053301,53493972.0
382,1280053301,53493972.0
383,1280053301,53493972.0
384,1280053301,53493972.0
385,1280053301,53493972.0
386,1280053301,53493972.0
387,1280053301,53493972.0
388,1280053301,53493972.0
389,1280053301,53493972.0
390,1280053301,53493972.0
391,1280053301,53493972.0
392,1280053301,53493972.0
393,1280053301,53493972.0
394,1280053301,53493972.0
395,1280053301,53493972.0
396,1280053301,53493972.0
397,1280053301,53493972.0
398,1280053301,53493972.0
399,1280053301,53493972.0
400,1280053301,53493972.0
401,1280053301,53493972.0
402,1280053301,53493972.0
403,1280053301,53493972.0
404,1280053301,53493972.0
405,1280053301,53493972.0
406,1280053301,53493972.0
407,1280053301,53493972.0
408,1280053301,53493972.0
409,1280053301,53493972.0
410,1280053301,53493972.0
411,1280053301,53493972.0
412,1280053301,53493972.0
413,1280053301,53493972.0
414,1280053301,53493972.0
415,1280053301,53493972.0
416,1280053301,53493972.0
417,1280053301,53493972.0
418,1280053301,53493972.0
419,1280053301,53493972.0
420,1280053301,53493972.0
421,1280053301,53493972.0
422,1280053301,53493972.0
423,1280053301,53493972.0
424,1280053301,53493972.0
425,1280053301,53493972.0
426,1280053301,53493972.0
427,1280053301,53493972.0
428,1280053301,53493972.0
429,1280053301,53493972.0
430,1280053301,53493972.0
431,1280053301,53493972.0
432,1280053301,53493972.0
433,1280053301,53493972.0
434,1280053301,53493972.0
435,1280053301,53493972.0
436,1280053301,53493972.0
437,1280053301,53493972.0
438,1280053301,53493972.0
439,1280053301,53493972.0
440,1280053301,53493972.0
441,1280053301,53493972.0
442,1280053301,53493972.0
443,1280053301,53493972.0
444,1280053301,53493972.0
445,1280053301,53493972.0
446,1280053301,53493972.0
447,1280053301,53493972.0
448,1280053301,53493972.0
449,1280053301,53493972.0
450,1280053301,53493972.0
451,1280053301,53493972.0
452,1280053301,53493972.0
453,1280053301,53493972.0
454,1280053301,53493972.0
455,1280053301,53493972.0
456,1280053301,53493972.0
457,1280053301,53493972.0
458,1280053301,53493972.0
459,1280053301,53493972.0
460,1280053301,53493972.0
461,1280053301,53493972.0
462,1280053301,53493972.0
463,1280053301,53493972.0
464,1280053301,53493972.0
465,1280053301,53493972.0
466,1280053301,53493972.0
467,1280053301,53493972.0
468,1280053301,53493972.0
469,1280053301,53493972.0
470,1280053301,53493972.0
471,1280053301,53493972.0
472,1280053301,53493972.0
473,1280053301,53493972.0
474,1280053301,53493972.0
475,1280053301,53493972.0
476,1280053301,53493972.0
477,1280053301,53493972.0
478,1280053301,53493972.0
479,1280053301,53493972.0
480,1280053301,53493972.0
481,1280053301,53493972.0
482,1280053301,53493972.0
483,1280053301,53493972.0
484,1280053301,53493972.0
485,1280053301,53493972.0
486,1280053301,53493972.0
487,1280053301,53493972.0
488,1280053301,53493972.0
489,1280053301,53493972.0
490,1280053301,53493972.0
491,1280053301,53493972.0
492,1280053301,53493972.0
493,1280053301,53493972.0
494,1280053301,53493972.0
495,1280053301,53493972.0
496,1280053301,53493972.0
497,1280053301,53493972.0
498,1280053301,53493972.0
499,1280053301,53493972.0
500,1280053301,53493972.0
501,1280053301,53493972.0
502,1280053301,53493972.0
503,1280053301,53493972.0
504,1280053301,53493972.0
505,1280053301,53493972.0
506,1280053301,53493972.0
507,1280053301,53493972.0
508,1280053301,53493972.0
509,1280053301,53493972.0
510,1280053301,53493972.0
511,1280053301,53493972.0
512,1280053301,53493972.0
513,1280053301,53493972.0
514,1280053301,53493972.0
515,1280053301,53493972.0
516,1280053301,53493972.0
517,1280053301,53493972.0
518,1280053301,53493972.0
519,1280053301,53493972.0
520,1280053301,53493972.0
521,1280053301,53493972.0
522,1280053301,53493972.0
523,1280053301,53493972.0
524,1280053301,53493972.0
525,1280053301,53493972.0
526,1280053301,53493972.0
527,1280053301,53493972.0
528,1280053301,53493972.0
529,1280053301,53493972.0
530,1280053301,53493972.0
531,1280053301,53493972.0
532,1280053301,53493972.0
533,1280053301,53493972.0
534,1280053301,53493972.0
535,1280053301,53493972.0
536,1280053301,53493972.0
537,1280053301,53493972.0
538,1280053301,53493972.0
539,1280053301,53493972.0
540,1280053301,53493972.0
541,1280053301,53493972.0
542,1280053301,53493972.0
543,1280053301,53493972.0
544,1280053301,53493972.0
545,1280053301,53493972.0
546,1280053301,53493972.0
547,1280053301,53493972.0
548,1280053301,53493972.0
549,1280053301,53493972.0
550,1280053301,53493972.0
551,1280053301,53493972.0
552,1280053301,53493972.0
553,1280053301,53493972.0
554,1280053301,53493972.0
555,1280053301,53493972.0
556,1280053301,53493972.0
557,1280053301,53493972.0
558,1280053301,53493972.0
559,1280053301,53493972.0
560,1280053301,53493972.0
561,1280053301,53493972.0
562,1280053301,53493972.0
563,1280053301,53493972.0
564,1280053301,53493972.0
565,1280053301,53493972.0
566,1280053301,53493972.0
567,1280053301,53493972.0
568,1280053301,53493972.0
569,1280053301,53493972.0
570,1280053301,53493972.0
571,1280053301,53493972.0
572,1280053301,53493972.0
573,1280053301,53493972.0
574,1280053301,53493972.0
575,1280053301,53493972.0
576,1280053301,53493972.0
577,1280053301,53493972.0
578,1280053301,53493972.0
579,1280053301,53493972.0
580,1280053301,53493972.0
581,1280053301,53493972.0
582,1280053301,53493972.0
583,1280053301,53493972.0
584,1280053301,53493972.0
585,1280053301,53493972.0
586,1280053301,53493972.0
587,1280053301,53493972.0
588,1280053301,53493972.0
589,1280053301,53493972.0
590,1280053301,53493972.0
591,1280053301,53493972.0
592,1280053301,53493972.0
593,1280053301,53493972.0
594,1280053301,53493972.0
595,1280053301,53493972.0
596,1280053301,53493972.0
597,1280053301,53493972.0
598,1280053301,53493972.0
599,1280053301,53493972.0
600,1280053301,53493972.0
601,1280053301,53493972.0
602,1280053301,53493972.0
603,1280053301,53493972.0
604,1280053301,53493972.0
605,1280053301,53493972.0
606,1280053301,53493972.0
607,1280053301,53493972.0
608,1280053301,53493972.0
609,1280053301,53493972.0
610,1280053301,53493972.0
611,1280053301,53493972.0
612,1280053301,53493972.0
613,1280053301,53493972.0
614,1280053301,53493972.0
615,1280053301,53493972.0
616,1280053301,53493972.0
617,1280053301,53493972.0
618,1280053301,53493972.0
619,1280053301,53493972.0
620,1280053301,53493972.0
621,1280053301,53493972.0
622,1280053301,53493972.0
623,1280053301,53493972.0
624,1280053301,53493972.0
625,1280053301,53493972.0
626,1280053301,53493972.0
627,1280053301,53493972.0
628,1280053301,53493972.0
629,1280053301,53493972.0
630,1280053301,53493972.0
631,1280053301,53493972.0
632,1280053301,53493972.0
633,1280053301,53493972.0
634,1280053301,53493972.0
635,1280053301,53493972.0
636,1280053301,53493972.0
637,1280053301,53493972.0
638,1280053301,53493972.0
639,1280053301,53493972.0
640,1280053301,53493972.0
641,1280053301,53493972.0
642,1280053301,53493972.0
643,1280053301,53493972.0
644,1280053301,53493972.0
645,1280053301,53493972.0
646,1280053301,53493972.0
647,1280053301,53493972.0
648,1280053301,53493972.0
649,1280053301,53493972.0
650,1280053301,53493972.0
651,1280053301,53493972.0
652,1280053301,53493972.0
653,1280053301,53493972.0
654,1280053301,53493972.0
655,1280053301,53493972.0
656,1280053301,53493972.0
657,1280053301,53493972.0
658,1280053301,53493972.0
659,1280053301,53493972.0
660,1280053301,53493972.0
661,1280053301,53493972.0
662,1280053301,53493972.0
663,1280053301,53493972.0
664,1280053301,53493972.0
665,1280053301,53493972.0
666,1280053301,53493972.0
667,1280053301,53493972.0
668,1280053301,53493972.0
669,1280053301,53493972.0
670,1280053301,53493972.0
671,1280053301,53493972.0
672,1280053301,53493972.0
673,1280053301,53493972.0
674,1280053301,53493972.0
675,1280053301,53493972.0
676,1280053301,53493972.0
677,1280053301,53493972.0
678,1280053301,53493972.0
679,1280053301,53493972.0
680,1280053301,53493972.0
681,1280053301,53493972.0
682,1280053301,53493972.0
683,1280053301,53493972.0
684,1280053301,53493972.0
685,1280053301,53493972.0
686,1280053301,53493972.0
687,1280053301,53493972.0
688,1280053301,53493972.0
689,1280053301,53493972.0
690,1280053301,53493972.0
691,1280053301,53493972.0
692,1280053301,53493972.0
693,1280053301,53493972.0
694,1280053301,53493972.0
695,1280053301,53493972.0
696,1280053301,53493972.0
697,1280053301,53493972.0
698,1280053301,53493972.0
699,1280053301,53493972.0
700,1280053301,53493972.0
701,1280053301,53493972.0
702,1280053301,53493972.0
703,1280053301,53493972.0
704,1280053301,53493972.0
705,1280053301,53493972.0
706,1280053301,53493972.0
707,1280053301,53493972.0
708,1280053301,53493972.0
709,1280053301,53493972.0
710,1280053301,53493972.0
711,1280053301,53493972.0
712,1280053301,53493972.0
713,1280053301,53493972.0
714,1280053301,53493972.0
715,1280053301,53493972.0
716,1280053301,53493972.0
717,1280053301,53493972.0
718,1280053301,53493972.0
719,1280053301,53493972.0
720,1280053301,53493972.0
721,1280053301,53493972.0
722,1280053301,53493972.0
723,1280053301,53493972.0
724,1280053301,53493972.0
725,1280053301,53493972.0
726,1280053301,53493972.0
727,1280053301,53493972.0
728,1280053301,53493972.0
729,1280053301,53493972.0
730,1280053301,53493972.0
731,1280053301,53493972.0
732,1280053301,53493972.0
733,1280053301,53493972.0
734,1280053301,53493972.0
735,1280053301,53493972.0
736,1280053301,53493972.0
737,1280053301,53493972.0
738,1280053301,53493972.0
739,1280053301,53493972.0
740,1280053301,53493972.0
741,1280053301,53493972.0
742,1280053301,53493972.0
743,1280053301,53493972.0
744,1280053301,53493972.0
745,1280053301,53493972.0
746,1280053301,53493972.0
747,1280053301,53493972.0
748,1280053301,53493972.0
749,1280053301,53493972.0
750,1280053301,53493972.0
751,1280053301,53493972.0
752,1280053301,53493972.0
753,1280053301,53493972.0
754,1280053301,53493972.0
755,1280053301,53493972.0
756,1280053301,53493972.0
757,1280053301,53493972.0
758,1280053301,53493972.0
759,1280053301,53493972.0
760,1280053301,53493972.0
761,1280053301,53493972.0
762,1280053301,53493972.0
763,1280053301,53493972.0
764,1280053301,53493972.0
765,1280053301,53493972.0
766,1280053301,53493972.0
767,1280053301,53493972.0
768,1280053301,53493972.0
769,1280053301,53493972.0
770,1280053301,53493972.0
771,1280053301,53493972.0
772,1280053301,53493972.0
773,1280053301,53493972.0
774,1280053301,53493972.0
775,1280053301,53493972.0
776,1280053301,53493972.0
777,1280053301,53493972.0
778,1280053301,53493972.0
779,1280053301,53493972.0
780,1280053301,53493972.0
781,1280053301,53493972.0
782,1280053301,53493972.0
783,1280053301,53493972.0
784,1280053301,53493972.0
785,1280053301,53493972.0
786,1280053301,53493972.0
787,1280053301,53493972.0
788,1280053301,53493972.0
789,1280053301,53493972.0
790,1280053301,53493972.0
791,1280053301,53493972.0
792,1280053301,53493972.0
793,1280053301,53493972.0
794,1280053301,53493972.0
795,1280053301,53493972.0
796,1280053301,53493972.0
797,1280053301,53493972.0
798,1280053301,53493972.0
799,1280053301,53493972.0
800,1280053301,53493972.0
801,1280053301,53493972.0
802,1280053301,53493972.0
803,1280053301,53493972.0
804,1280053301,53493972.0
805,1280053301,53493972.0
806,1280053301,53493972.0
807,1280053301,53493972.0
808,1280053301,53493972.0
809,1280053301,53493972.0
810,1280053301,53493972.0
811,1280053301,53493972.0
812,1280053301,53493972.0
813,1280053301,53493972.0
814,1280053301,53493972.0
815,1280053301,53493972.0
816,1280053301,53493972.0
817,1280053301,53493972.0
818,1280053301,53493972.0
819,1280053301,53493972.0
820,1280053301,53493972.0
821,1280053301,53493972.0
822,1280053301,53493972.0
823,1280053301,53493972.0
824,1280053301,53493972.0
825,1280053301,53493972.0
826,1280053301,53493972.0
827,1280053301,53493972.0
828,1280053301,53493972.0
829,1280053301,53493972.0
830,1280053301,53493972.0
831,1280053301,53493972.0
832,1280053301,53493972.0
833,1280053301,53493972.0
834,1280053301,53493972.0
835,1280053301,53493972.0
836,1280053301,53493972.0
837,1280053301,53493972.0
838,1280053301,53493972.0
839,1280053301,53493972.0
840,1280053301,53493972.0
841,1280053301,53493972.0
842,1280053301,53493972.0
843,1280053301,53493972.0
844,1280053301,53493972.0
845,1280053301,53493972.0
846,1280053301,53493972.0
847,1280053301,53493972.0
848,1280053301,53493972.0
849,1280053301,53493972.0
850,1280053301,53493972.0
851,1280053301,53493972.0
852,1280053301,53493972.0
853,1280053301,53493972.0
854,1280053301,53493972.0
855,1280053301,53493972.0
856,1280053301,53493972.0
857,1280053301,53493972.0
858,1280053301,53493972.0
859,1280053301,53493972.0
860,1280053301,53493972.0
861,1280053301,53493972.0
862,1280053301,53493972.0
863,1280053301,53493972.0
864,1280053301,53493972.0
865,1280053301,53493972.0
866,1280053301,53493972.0
867,1280053301,53493972.0
868,1280053301,53493972.0
869,1280053301,53493972.0
870,1280053301,53493972.0
871,1280053301,53493972.0
872,1280053301,53493972.0
873,1280053301,53493972.0
874,1280053301,53493972.0
875,1280053301,53493972.0
876,1280053301,53493972.0
877,1280053301,53493972.0
878,1280053301,53493972.0
879,1280053301,53493972.0
880,1280053301,53493972.0
881,1280053301,53493972.0
882,1280053301,53493972.0
883,1280053301,53493972.0
884,1280053301,53493972.0
885,1280053301,53493972.0
886,1280053301,53493972.0
887,1280053301,53493972.0
888,1280053301,53493972.0
889,1280053301,53493972.0
890,1280053301,53493972.0
891,1280053301,53493972.0
892,1280053301,53493972.0
893,1280053301,53493972.0
894,1280053301,53493972.0
895,1280053301,53493972.0
896,1280053301,53493972.0
897,1280053301,53493972.0
898,1280053301,53493972.0
899,1280053301,53493972.0
900,1280053301,53493972.0
901,1280053301,53493972.0
902,1280053301,53493972.0
903,1280053301,53493972.0
904,1280053301,53493972.0
905,1280053301,53493972.0
906,1280053301,53493972.0
907,1280053301,53493972.0
908,1280053301,53493972.0
909,1280053301,53493972.0
910,1280053301,53493972.0
911,1280053301,53493972.0
912,1280053301,53493972.0
913,1280053301,53493972.0
914,1280053301,53493972.0
915,1280053301,53493972.0
916,1280053301,53493972.0
917,1280053301,53493972.0
918,1280053301,53493972.0
919,1280053301,53493972.0
920,1280053301,53493972.0
921,1280053301,53493972.0
922,1280053301,53493972.0
923,1280053301,53493972.0
924,1280053301,53493972.0
925,1280053301,53493972.0
926,1280053301,53493972.0
927,1280053301,53493972.0
928,1280053301,53493972.0
929,1280053301,53493972.0
930,1280053301,53493972.0
931,1280053301,53493972.0
932,1280053301,53493972.0
933,1280053301,53493972.0
934,1280053301,53493972.0
935,1280053301,53493972.0
936,1280053301,53493972.0
937,1280053301,53493972.0
938,1280053301,53493972.0
939,1280053301,53493972.0
940,1280053301,53493972.0
941,1280053301,53493972.0
942,1280053301,53493972.0
943,1280053301,53493972.0
944,1280053301,53493972.0
945,1280053301,53493972.0
946,1280053301,53493972.0
947,1280053301,53493972.0
948,1280053301,53493972.0
949,1280053301,53493972.0
950,1280053301,53493972.0
951,1280053301,53493972.0
952,1280053301,53493972.0
953,1280053301,53493972.0
954,1280053301,53493972.0
955,1280053301,53493972.0
956,1280053301,53493972.0
957,1280053301,53493972.0
958,1280053301,53493972.0
959,1280053301,53493972.0
960,1280053301,53493972.0
961,1280053301,53493972.0
962,1280053301,53493972.0
963,1280053301,53493972.0
964,1280053301,53493972.0
965,1280053301,53493972.0
966,1280053301,53493972.0
967,1280053301,53493972.0
968,1280053301,53493972.0
969,1280053301,53493972.0
970,1280053301,53493972.0
971,1280053301,53493972.0
972,1280053301,53493972.0
973,1280053301,53493972.0
974,1280053301,53493972.0
975,1280053301,53493972.0
976,1280053301,53493972.0
977,1280053301,53493972.0
978,1280053301,53493972.0
979,1280053301,53493972.0
980,1280053301,53493972.0
981,1280053301,53493972.0
982,1280053301,53493972.0
983,1280053301,53493972.0
984,1280053301,53493972.0
985,1280053301,53493972.0
986,1280053301,53493972.0
987,1280053301,53493972.0
988,1280053301,53493972.0
989,1280053301,53493972.0
990,1280053301,53493972.0
991,1280053301,53493972.0
992,1280053301,53493972.0
993,1280053301,53493972.0
994,1280053301,53493972.0
995,1280053301,53493972.0
996,1280053301,53493972.0
997,1280053301,53493972.0
998,1280053301,53493972.0
999,1280053301,53493972.0
1000,1280053301,53493972.0
1001,1280053301,53493972.0
1002,1280053301,53493972.0
1003,1280053301,53493972.0
1004,1280053301,53493972.0
1005,1280053301,53493972.0
1006,1280053301,53493972.0
1007,1280053301,53493972.0
1008,1280053301,53493972.0
1009,1280053301,53493972.0
1010,1280053301,53493972.0
1011,1280053301,53493972.0
1012,1280053301,53493972.0
1013,1280053301,53493972.0
1014,1280053301,53493972.0
1015,1280053301,53493972.0
1016,1280053301,53493972.0
1017,1280053301,53493972.0
1018,1299193068,251776704.0
1024,1297914746,231323552.0
1028,1306348514,464092224.0
1029,1295473117,192257488.0
1030,1279464290,51137928.0
1036,1288395795,106619032.0
