27
1
9
18
23
4
4
4
0
65535
6
21
19
16
11
4
1
2
12
21
18
21
8
2
0
0
9
18
21
22
12
4
65535
65534
8
19
21
22
10
6
65534
65534
11
19
21
18
10
5
65532
1
11
15
20
20
16
6
0
65532
11
17
21
18
14
7
65534
1
10
15
22
18
16
3
65531
3
5
15
22
24
12
2
65535
65535
5
15
24
21
19
5
65535
0
9
15
21
19
16
4
65533
2
3
15
20
23
12
5
2
1
6
15
20
22
14
8
2
65532
8
13
20
19
12
5
1
65534
3
13
23
21
11
7
3
65533
6
17
19
21
10
4
65534
65534
3
16
17
18
12
8
65533
3
5
13
20
22
16
7
65531
0
6
13
20
21
14
5
65534
65534
5
16
21
22
14
9
0
65534
7
17
20
20
16
8
2
65535
8
15
18
21
17
9
65535
3
3
13
19
22
18
9
2
0
5
12
23
18
10
6
65535
0
5
12
20
17
13
8
3
65533
1
11
21
22
16
7
0
1
6
15
19
19
16
5
65533
65532
0
14
20
23
18
9
65535
1
4
15
20
21
16
4
2
65535
2
12
20
21
14
7
2
65534
4
12
18
23
19
9
3
2
6
14
19
18
17
9
2
0
6
11
18
21
17
11
1
0
4
12
22
21
15
7
65535
65535
1
13
18
20
19
7
6
65534
1
9
18
20
17
7
0
65535
2
11
19
23
17
13
65533
65534
2
7
21
20
18
11
65534
0
4
11
20
23
18
12
65534
1
1
11
18
23
18
7
1
65534
6
9
17
18
19
11
3
65535
1
10
18
23
15
8
5
65535
65534
8
19
22
18
12
5
1
1
8
15
22
17
15
1
1
2
11
17
19
14
11
1
1
2
9
14
21
15
11
4
2
5
9
17
22
20
13
6
2
65535
10
14
25
18
14
4
0
65535
9
20
19
22
10
6
65533
1
10
16
23
23
13
6
0
0
8
18
20
21
15
5
1
65535
6
17
21
23
18
3
65534
65532
6
11
21
21
11
6
65535
65533
7
17
22
23
15
7
65535
1
5
15
22
20
13
7
2
1
7
12
19
24
13
2
1
65531
6
13
19
22
13
5
65535
65533
6
14
21
20
14
4
0
1
7
13
19
20
17
5
65534
65534
6
15
21
21
14
4
65530
65535
8
15
20
17
15
7
65535
2
6
14
20
21
18
2
65533
65535
6
18
21
20
18
4
0
3
5
14
19
18
18
7
0
0
4
13
20
19
16
6
2
65533
5
14
18
21
18
6
2
65534
5
11
18
19
11
9
65534
65533
2
10
19
23
16
6
2
3
5
11
17
20
16
7
2
65535
4
13
19
23
18
8
2
65534
4
13
20
23
13
5
0
65532
4
11
20
20
17
8
2
65534
5
13
18
22
16
9
0
65535
6
10
21
21
21
7
2
3
2
17
22
24
17
6
2
65531
5
11
20
23
18
65529
65530
65535
10
25
26
23
19
4
65530
65529
65534
8
20
24
24
7
0
65533
4
12
18
19
19
8
0
65534
4
10
19
20
17
10
65535
65533
7
10
18
21
17
8
0
65534
5
8
20
18
18
8
2
65535
1
11
17
20
18
11
3
65534
4
10
20
18
18
11
2
65533
3
7
18
22
17
13
4
0
1
12
20
22
19
7
65535
65533
4
11
15
19
21
11
0
65535
2
6
13
22
18
9
4
65534
0
10
17
22
19
9
4
65535
2
7
20
22
19
11
3
65534
2
6
18
22
19
10
3
1
65534
8
18
22
23
12
6
2
0
7
17
24
20
11
1
1
4
9
12
20
21
10
4
0
1
6
19
17
18
11
1
65531
2
8
16
21
20
8
3
0
65535
10
18
18
19
13
2
65535
0
5
16
22
21
17
1
65532
65534
8
15
22
21
11
0
2
65534
9
15
19
24
12
5
3
2
6
17
21
18
10
5
65531
65534
4
15
20
20
11
5
65535
0
8
17
19
18
14
5
65534
1
8
14
22
18
17
5
65532
3
6
14
22
25
14
6
65534
0
6
14
21
20
16
6
3
65535
5
17
20
20
14
7
1
1
8
17
21
20
16
6
1
65535
6
13
22
20
14
6
65535
3
1
12
20
22
16
6
65535
65534
5
16
19
21
14
6
65535
65533
7
15
22
19
16
5
65535
65533
6
17
20
25
17
6
1
65535
7
16
23
22
17
8
3
0
4
10
22
23
15
6
1
65534
5
14
23
21
17
6
65534
0
4
13
20
21
19
6
1
1
4
16
21
20
14
9
2
0
3
10
22
18
14
11
0
65532
2
12
20
20
15
11
3
65533
4
9
19
18
18
8
0
1
5
12
19
21
17
8
65535
65533
4
11
18
21
17
7
1
65534
3
12
21
23
18
11
4
65535
3
10
20
22
18
6
3
1
5
8
17
22
17
9
1
65535
6
8
19
19
