22
14
13
8
4
65534
65534
65534
2
5
10
7
15
20
23
23
22
13
12
9
4
65534
65535
65535
65533
1
5
12
15
22
19
19
23
17
13
10
4
2
65535
65533
65535
2
8
12
17
17
21
20
21
20
12
10
7
3
65534
65534
65533
4
4
13
14
18
20
23
23
19
15
10
7
0
0
2
65535
4
8
9
14
22
21
21
20
18
12
12
4
2
65534
65533
65535
1
5
9
14
18
18
22
19
20
15
6
5
4
65533
65534
0
1
6
6
14
17
21
20
21
17
17
11
8
3
65533
65535
1
2
4
13
15
16
19
24
24
19
16
14
7
2
65533
65534
3
4
5
7
14
16
21
25
20
19
13
13
7
3
2
2
65534
65534
1
11
15
18
20
21
21
19
16
12
7
4
3
2
65535
65534
65533
11
11
16
20
24
23
21
20
17
7
4
0
65534
65534
0
3
9
11
16
20
21
22
23
20
13
9
5
3
65535
65533
65535
4
7
11
16
21
19
19
22
14
15
12
5
2
65534
65534
65535
2
8
11
14
16
20
19
21
23
17
11
4
0
2
65535
0
2
65535
10
11
17
25
23
22
21
17
13
7
2
0
65535
0
3
4
10
18
19
24
23
20
21
17
11
9
6
2
65532
65534
65535
0
8
13
20
17
25
23
20
21
13
6
2
0
65535
1
0
5
9
15
16
21
25
23
20
13
11
6
5
2
0
65534
0
1
9
16
14
21
19
22
20
15
15
7
6
1
65535
65534
65532
2
5
12
20
21
19
23
18
18
13
8
1
2
1
65535
65535
2
6
10
17
20
20
23
17
20
13
10
3
1
65535
65534
1
4
9
11
14
20
21
23
18
19
16
9
6
4
65535
2
65535
3
4
10
18
18
23
22
20
18
15
11
2
65535
65533
0
65535
5
8
13
18
15
22
21
21
17
17
10
8
0
65533
0
0
1
4
11
14
18
24
20
21
17
16
10
10
2
65534
65530
65535
65535
4
10
15
17
19
25
25
17
22
11
10
1
65533
65535
65534
2
5
10
13
19
18
21
22
17
15
12
6
1
65535
2
0
65534
5
6
15
17
20
21
21
23
18
14
7
3
65535
65531
65534
65535
3
9
10
17
18
22
21
21
16
17
9
4
65534
65535
65535
0
3
4
11
16
21
21
22
25
18
13
11
6
0
65535
65534
65534
3
10
8
13
20
21
24
21
15
16
7
7
2
65535
65534
1
2
6
12
14
20
21
23
20
13
14
11
7
2
65533
0
2
2
5
8
13
18
22
22
19
18
14
11
5
4
65535
65535
1
2
3
12
15
18
24
22
21
20
15
11
5
2
3
65535
65535
2
3
10
14
18
20
23
20
20
15
14
5
4
1
65534
65534
2
3
6
10
17
22
22
23
22
13
11
8
5
65535
1
65535
65531
0
8
9
18
17
21
20
24
18
14
9
5
65533
0
65534
65534
2
6
9
19
19
20
20
25
18
12
8
6
65534
65532
65534
3
2
8
11
16
16
21
22
26
23
17
10
4
2
65533
0
1
3
6
9
14
20
23
22
22
18
16
11
6
1
65533
65531
65534
1
5
8
13
18
21
25
23
21
17
9
6
2
65533
65533
65535
2
0
8
14
21
20
15
24
21
16
10
6
6
65533
65534
65535
2
3
9
15
19
19
19
25
18
19
14
9
65535
65534
65534
65535
1
4
8
9
19
20
21
22
19
18
11
8
3
65535
1
65534
65535
4
9
11
17
19
23
23
23
19
13
6
2
1
65531
65534
65533
2
7
11
11
19
20
23
21
17
15
10
5
1
65533
65535
65534
2
2
8
14
18
22
20
21
16
15
9
4
2
3
65534
1
2
2
14
14
17
22
22
24
19
16
12
5
2
65535
65531
1
65535
5
13
12
18
22
22
22
18
14
14
5
0
2
65534
65535
65534
7
7
12
19
23
23
18
16
15
16
6
0
65535
65533
65534
4
2
10
12
16
24
24
22
20
17
14
4
2
65532
2
65534
1
3
7
14
18
21
15
21
18
20
14
11
4
1
65532
65535
65535
8
6
11
13
19
22
22
17
18
12
8
3
3
3
65532
65533
1
10
15
16
20
23
25
21
18
13
8
5
1
1
65534
2
3
3
15
15
21
19
21
19
21
12
9
7
5
65533
65535
65535
3
5
11
13
18
18
23
19
20
16
13
7
1
65535
65533
65535
65533
4
7
13
14
21
21
21
19
12
13
6
3
65531
65534
65533
3
7
9
14
18
22
23
19
19
11
12
8
4
65534
0
65534
2
2
10
15
17
22
23
21
21
17
16
5
4
65534
65531
1
65534
1
6
12
16
21
20
24
20
20
17
8
1
65535
65534
65530
65534
2
3
14
18
22
20
23
20
18
13
6
5
2
65532
65534
65534
65535
6
12
14
22
19
20
22
16
12
9
5
65533
65530
65533
2
8
4
12
17
17
18
23
18
19
10
10
5
4
1
65531
3
