66
10
23
25
22
65533
65533
65533
1
65535
14
23
28
25
12
5
65534
65534
6
16
22
25
25
11
1
65533
65533
4
17
26
28
22
12
65535
65535
65534
5
15
25
26
20
10
2
65534
65534
9
21
21
27
19
8
65535
65531
2
10
19
27
23
17
3
65534
65532
65534
11
22
27
23
15
5
65534
65533
3
11
21
26
20
12
6
65532
65530
9
15
25
27
24
14
2
65534
65535
5
19
25
28
19
9
65534
65528
0
9
21
25
27
17
7
65531
65530
2
12
20
28
26
17
4
65531
65531
6
10
22
27
23
18
4
65531
65531
5
17
24
29
23
13
2
65533
65532
5
16
25
25
20
10
0
65531
65534
8
18
25
24
16
10
2
65531
65535
7
19
23
26
17
5
65529
65531
2
10
21
26
25
19
3
1
65530
2
13
19
25
21
16
3
65530
65530
1
17
22
23
18
12
4
65531
65533
7
18
25
27
20
9
65535
65534
0
5
15
29
27
16
11
0
65531
1
10
19
25
27
18
6
65534
65529
3
11
21
27
22
17
5
65533
65529
1
14
23
26
23
17
2
65530
65532
6
16
25
26
21
13
2
65532
65532
5
14
25
29
21
10
2
65534
65533
9
22
27
26
21
6
65533
65529
2
10
18
27
24
18
6
65531
65530
65535
13
24
25
23
15
4
65532
65533
6
16
19
28
21
12
3
65533
65533
8
14
28
27
24
12
1
65532
65534
9
17
26
23
19
9
2
65527
65535
7
20
27
23
21
3
2
65534
65534
9
22
26
25
14
5
65534
65533
4
11
20
31
23
15
8
65532
65532
4
12
25
28
21
13
3
65530
65535
3
17
24
28
20
8
65534
65534
0
10
22
24
25
19
4
0
65529
65533
11
18
23
25
15
4
65532
65533
65535
13
22
28
26
14
7
65535
65531
2
13
24
27
23
14
4
65532
65532
4
14
27
26
23
11
3
65531
65534
8
15
27
28
22
12
65535
65530
2
7
16
25
27
20
8
1
65530
1
13
19
27
24
16
9
65533
65531
3
10
22
25
27
17
5
65534
65531
3
19
22
26
19
14
4
65530
65532
3
17
24
28
24
12
2
65530
65534
6
18
23
27
18
10
1
65532
65535
8
19
27
26
14
9
65535
65531
65533
5
19
26
26
15
10
65532
65531
65534
13
20
25
23
13
2
65530
65531
1
15
24
26
24
16
65535
65533
65533
8
14
24
27
21
9
65535
65530
65535
7
20
25
25
16
10
65535
65529
1
7
18
23
26
17
6
65530
65530
0
11
22
25
27
17
5
65535
65533
2
11
22
25
24
14
2
65533
65532
1
15
23
28
22
13
3
65532
65533
5
14
25
25
18
10
2
65531
65531
11
16
22
25
17
8
1
65533
65535
9
17
27
19
15
6
65533
65533
2
9
16
26
24
16
8
65535
65531
1
15
21
30
22
12
4
65532
2
6
15
25
26
23
10
1
65532
65534
5
18
27
25
23
8
3
65529
65534
4
16
29
25
20
9
65534
65529
65533
7
20
27
26
17
6
65531
65533
3
9
19
26
26
15
6
65532
65532
2
13
25
29
20
11
2
65532
65531
2
16
24
26
22
12
6
65529
65532
6
17
24
30
20
12
3
65527
65535
10
19
26
24
17
6
65535
65530
1
12
24
28
27
15
7
65534
65529
0
11
23
28
24
15
5
65532
65534
4
13
25
24
24
11
3
65532
65531
4
15
25
27
18
10
65535
65534
65533
8
18
25
27
17
9
65533
65533
0
11
19
28
25
16
9
65532
65534
65534
13
23
27
26
17
7
65535
65530
0
14
23
27
24
14
3
65529
65529
0
12
23
27
22
11
2
65530
65533
3
14
25
29
23
10
65535
65530
65534
8
15
27
28
17
8
65534
65531
65534
9
20
27
26
20
9
65534
65535
1
9
21
25
26
16
5
65535
65530
1
10
23
26
21
17
4
65535
65535
7
16
25
26
21
13
0
65529
65535
5
17
27
25
23
7
2
65529
65532
5
17
26
28
21
8
1
65534
65535
9
18
25
25
18
8
65532
65532
65535
12
24
29
22
14
4
65534
65530
65535
11
22
27
23
12
5
65531
65529
1
15
21
27
20
12
2
65533
65534
10
14
25
26
21
12
5
65530
65533
9
19
25
29
19
6
2
65534
65534
8
19
26
25
16
6
65535
65531
65534
14
22
23
23
13
4
65534
65532
5
17
23
29
25
12
4
65531
65535
2
20
22
29
24
11
0
65534
65531
7
22
25
27
22
9
65532
65533
65535
7
18
28
28
17
7
65533
65530
1
7
20
27
25
17
6
65530
65530
65535
10
19
25
25
14
7
65532
65533
1
15
24
27
20
11
1
65531
65532
4
14
21
29
22
12
1
65533
0
5
15
25
30
16
12
65534
65529
65530
7
16
24
22
21
9
1
65533
0
9
18
29
26
16
5
65535
65533
3
14
22
27
25
14
6
65534
65534
6
16
23
24
24
12
65534
65528
65533
4
21
25
29
22
11
2
65531
65534
5
19
22
26
17
9
65535
65529
65534
8
21
25
26
17
6
1
1
