61
14
6
8
1
65532
65532
65532
3
2
5
7
9
16
16
22
18
18
19
22
18
15
8
6
1
2
65535
65534
3
3
7
9
14
14
17
18
22
25
24
18
18
10
12
5
3
0
65534
2
65534
0
6
6
11
18
18
19
24
21
21
21
17
11
9
8
1
1
65532
65532
65535
4
3
8
10
15
17
19
18
24
21
17
15
6
9
2
3
5
65531
65534
65534
4
9
6
9
17
18
21
24
22
16
17
14
12
7
3
5
65535
65535
3
65533
2
7
10
13
16
21
22
22
22
17
20
14
13
8
7
3
1
65532
65533
65534
1
8
12
16
12
20
18
25
19
21
16
15
11
7
3
1
65533
65533
65534
3
65535
2
8
14
18
20
21
20
23
17
15
15
6
4
4
5
65535
1
65535
2
1
8
10
13
15
21
19
25
21
17
20
10
9
6
4
1
65534
65533
0
2
11
6
12
13
16
21
22
21
19
19
15
13
7
6
5
1
65534
65531
65535
2
6
7
13
18
19
23
23
23
21
18
17
13
7
1
0
65532
0
1
0
3
5
9
15
16
17
21
20
20
18
14
16
13
8
4
0
65533
65533
3
0
5
3
8
13
19
20
18
21
22
18
15
15
9
7
4
1
65535
65533
0
65534
3
7
9
15
21
18
19
20
22
21
19
14
11
9
5
0
1
65533
65534
65535
8
11
13
13
17
22
23
22
20
20
16
9
10
5
4
65535
65534
65533
65534
65535
2
5
10
13
18
17
19
22
22
18
13
12
10
4
3
65532
65533
65531
4
65535
5
5
13
18
22
20
22
23
21
17
17
13
10
6
0
0
65533
65532
65534
65535
4
9
12
19
17
19
21
22
19
18
16
12
4
5
1
65535
0
65534
1
2
6
9
13
18
18
20
25
21
20
16
15
11
6
3
5
65535
65533
1
2
2
8
9
15
18
19
21
21
23
19
18
12
11
7
4
65534
1
65533
4
2
6
8
9
17
20
22
24
26
22
18
17
15
13
5
2
1
0
65535
2
2
7
6
11
14
21
21
19
22
24
20
16
14
9
6
0
65534
65533
65533
0
1
5
7
9
15
21
24
22
22
20
19
12
10
8
7
2
65534
65532
65535
2
65535
7
9
14
15
21
24
26
20
18
21
19
11
10
4
2
65534
65535
65535
3
5
7
11
12
15
22
23
20
23
20
19
18
10
8
5
65532
65533
1
65533
65535
3
8
10
14
14
21
22
23
22
21
22
16
10
8
0
1
2
65533
3
0
1
7
11
11
17
25
23
24
22
19
16
12
11
5
5
1
1
3
65535
65534
6
6
10
11
18
19
19
21
19
23
15
14
13
7
1
2
2
65535
65534
2
5
7
13
16
23
24
22
23
20
20
15
13
9
8
5
2
65533
65534
2
4
4
10
13
16
19
21
26
23
22
20
15
13
11
5
1
65535
1
65534
3
5
8
9
10
16
20
21
21
21
19
21
18
14
11
5
2
1
65535
65534
3
1
6
8
12
17
22
22
23
21
22
14
14
8
9
6
65535
0
65535
1
3
3
6
15
13
22
18
23
23
22
20
19
14
11
5
5
1
65533
65531
1
1
2
7
12
15
16
22
21
20
21
18
19
12
11
8
1
65535
65533
1
65532
4
7
6
12
16
19
20
22
23
23
20
15
15
10
6
3
0
65533
65532
2
1
2
12
13
14
16
24
23
23
19
22
13
14
8
7
5
0
65534
0
65532
0
7
12
12
14
17
25
23
20
22
21
15
11
6
4
4
0
65534
0
0
4
7
10
10
20
16
23
21
21
21
18
13
10
5
2
1
65532
1
65535
4
1
6
12
14
20
18
21
20
22
19
17
11
10
6
3
65535
65535
65535
0
65535
5
7
13
14
16
21
23
24
19
18
15
13
12
3
0
1
65535
65531
65535
65535
5
7
8
15
13
19
20
21
21
19
15
13
11
7
4
65535
65532
65533
65535
2
4
5
11
14
18
21
22
19
20
16
16
13
6
6
4
65534
65533
65534
0
0
8
8
9
14
17
21
21
23
23
18
13
11
10
1
5
65535
65532
65534
1
3
6
7
14
17
18
21
23
16
17
16
14
10
5
4
0
65530
2
65535
1
4
1
15
12
22
19
19
23
22
19
15
17
15
12
2
1
65533
65533
65534
3
2
6
10
14
17
17
21
19
23
17
18
10
8
7
3
2
2
65532
65534
1
4
11
13
14
20
21
21
21
23
18
15
13
11
3
2
65533
65535
65534
65535
1
3
10
15
15
20
20
22
23
18
19
17
10
6
6
65534
1
1
1
3
1
6
8
11
15
19
22
22
24
22
23
14
10
7
8
0
65533
65531
65535
1
2
8
10
15
17
18
23
17
22
21
21
17
12
9
5
65535
65534
65532
65534
1
6
4
11
13
18
17
24
23
22
21
14
12
11
8
4
65535
0
65534
65535
65535
3
11
