65
18
22
25
17
65531
65531
65531
65532
2
6
18
23
26
22
10
4
65533
65533
2
11
18
22
27
20
6
65534
65530
65531
2
9
20
27
26
16
10
3
65532
65535
3
11
18
23
22
17
10
2
65530
65531
1
10
19
24
26
19
10
0
65533
65533
3
6
24
23
23
16
7
1
65530
1
1
14
21
25
25
16
10
3
65532
65533
2
9
20
25
22
23
9
65534
65531
65532
5
12
19
26
21
15
12
1
65531
65534
5
15
18
24
21
14
6
65535
65530
65534
6
13
19
26
22
16
10
4
65534
65534
5
14
22
26
23
19
7
2
65531
65534
6
18
21
28
20
15
5
65535
65531
65532
4
15
22
26
23
15
4
65533
65531
65532
4
17
21
26
20
16
3
65535
65533
65530
5
14
26
27
19
17
7
65535
65533
65532
6
16
22
27
21
15
4
65535
65532
65535
6
16
21
21
21
11
5
65531
65531
65535
7
17
22
27
21
14
8
65535
65531
65534
8
15
23
24
20
17
2
65533
65528
65534
10
15
24
25
21
14
6
65529
65533
65534
6
16
23
28
20
11
3
65531
65531
65533
7
17
25
23
21
11
3
65533
65531
65535
7
23
22
25
17
11
1
65533
65535
65535
9
17
25
25
17
11
4
65526
65533
4
11
18
22
27
21
9
1
65531
65534
3
13
17
24
25
21
10
1
65534
65532
4
10
24
20
23
16
11
4
65530
65534
0
12
20
25
25
19
9
2
65533
65531
2
9
21
25
24
19
6
1
65533
65533
3
10
21
22
23
17
7
2
65532
65531
3
12
21
23
26
14
5
65532
65531
65533
4
16
18
25
21
15
9
65535
65531
1
1
14
19
25
21
15
9
65532
65529
65535
1
13
23
20
23
15
5
1
65531
65535
6
16
22
23
21
18
7
65532
65533
65533
8
13
21
28
22
15
8
65531
65529
65535
4
14
21
23
27
15
5
65535
65532
65531
7
16
22
27
22
13
3
65535
65528
1
6
14
26
23
19
13
8
65532
65533
65534
7
15
21
22
21
14
5
65533
2
65533
9
17
24
22
18
14
6
65529
65534
4
6
12
24
26
21
10
3
65531
65532
65535
11
20
22
25
20
12
2
65533
65531
65533
8
17
23
25
19
11
3
65533
65529
1
9
17
25
24
18
9
3
65533
65527
0
12
17
28
24
20
11
3
65533
65534
1
8
18
27
21
20
9
1
65532
65532
5
12
16
23
26
20
10
0
65532
65529
5
10
22
25
25
23
9
65535
65535
65533
1
10
21
23
24
19
6
1
65534
65535
6
13
23
26
24
18
9
0
65530
65534
1
14
20
26
23
19
5
0
65531
1
6
14
23
26
22
19
7
65530
65533
65533
2
13
22
28
24
15
7
65535
65531
65532
2
17
21
25
22
14
7
65534
65533
65534
6
13
22
23
22
13
7
65535
65528
65535
5
10
22
23
20
13
2
65534
65533
65535
65535
17
25
26
23
15
6
65534
65530
65533
7
15
21
24
24
16
8
65527
65528
65535
6
16
25
27
25
13
5
65531
65531
65535
8
19
23
26
24
13
4
65535
65532
1
6
19
21
24
20
13
4
65534
65529
1
7
17
23
26
24
11
1
65534
65530
65534
8
17
23
25
16
12
1
65533
65531
3
8
13
23
23
22
13
3
65532
65532
1
11
21
23
23
19
11
5
65530
65532
1
13
20
25
23
18
11
65534
65529
65532
2
9
20
26
21
19
9
4
65534
65532
65534
11
20
29
20
20
10
0
65533
65533
1
12
18
25
23
17
8
1
65531
65531
2
9
20
23
23
20
10
65535
65532
65534
6
13
22
27
26
13
12
0
65533
65534
2
11
21
26
25
15
6
0
65531
65533
4
10
21
23
23
17
4
2
65533
65533
4
9
21
26
19
15
5
65533
65532
65531
3
14
23
25
21
14
6
65531
65531
65534
9
12
19
28
22
14
3
65534
65532
65535
9
18
26
26
24
12
9
65531
65529
65534
3
13
23
24
24
12
6
65535
65531
0
6
16
24
27
18
11
4
2
65534
65535
5
18
23
24
22
15
2
65531
65531
0
4
15
23
24
22
16
2
65535
65532
65534
11
11
24
25
21
13
6
65533
65530
65533
6
17
22
23
20
13
6
65531
65528
1
10
15
25
25
22
14
1
65528
65532
2
9
16
22
21
21
14
2
65535
65532
65535
8
16
23
27
16
10
2
65531
65533
2
10
20
19
27
20
11
5
65531
0
65535
10
18
25
25
19
8
2
65531
65532
65535
10
18
24
24
15
8
0
65533
65532
3
11
19
27
25
18
12
1
65530
1
6
10
22
22
24
20
11
65533
65531
65533
65535
12
19
23
23
18
8
65535
65531
65533
5
8
19
28
26
18
7
1
65534
65531
2
12
22
23
23
18
7
0
65531
65535
2
9
19
31
21
15
5
3
65530
65534
7
15
23
24
21
16
6
3
65534
65534
2
14
21
24
21
19
8
65533
65530
1
2
12
19
23
25
15
9
65531
65530
65535
8
13
23
26
21
13
5
65535
65530
65534
3
13
21
26
19
16
9
65534
6
