62
6
4
11
16
25
25
25
19
19
17
12
2
5
65533
65532
3
1
4
10
11
20
23
22
21
18
16
11
5
3
65533
65533
0
4
11
9
17
17
22
20
20
21
15
9
6
1
65534
65533
2
3
7
11
13
24
22
20
21
21
15
7
5
4
65532
65530
65534
4
5
10
12
22
24
22
18
18
15
13
8
65534
65535
65533
2
3
5
7
13
20
24
25
20
22
13
9
2
0
1
65534
65535
3
5
11
16
20
24
21
20
19
12
11
7
65535
65534
65535
0
4
9
11
17
19
23
21
21
18
13
9
0
65535
65532
2
1
3
7
14
17
19
22
20
20
16
14
8
5
0
65535
1
1
3
7
13
19
22
22
21
20
17
12
10
5
0
65534
65535
2
4
7
10
17
22
22
25
20
15
14
7
5
65534
65534
65534
65533
4
6
14
17
21
24
22
20
16
14
8
2
65534
65533
65532
65535
3
11
13
18
23
21
22
19
13
10
6
2
65535
65534
65533
1
2
11
11
18
25
22
22
18
15
9
4
2
65533
65532
65534
2
6
9
14
18
21
22
25
18
14
10
6
5
2
65535
1
65534
5
12
20
16
22
21
18
18
14
11
2
0
65533
1
65534
0
7
8
13
20
19
22
23
16
13
12
4
0
0
65534
2
3
6
10
14
23
21
21
22
19
16
6
2
3
65535
65535
65535
2
6
14
17
22
24
27
21
16
14
8
3
4
65534
65535
65535
5
11
14
17
21
23
22
18
15
11
6
2
65532
0
65533
1
5
6
16
17
21
22
24
20
15
10
7
3
2
1
65534
2
0
10
15
18
20
23
24
22
17
12
5
2
2
0
0
2
5
11
16
19
19
19
19
20
16
11
7
5
65530
65530
65534
65535
4
12
18
22
20
25
24
20
19
12
5
5
65533
65531
65535
2
7
8
17
18
22
25
20
20
15
8
6
3
65534
0
2
1
6
15
15
18
19
19
21
18
14
9
6
3
65534
65534
3
5
8
13
14
23
23
22
22
19
14
6
5
3
65533
0
65534
2
5
7
17
15
22
22
18
19
16
11
3
2
65533
65531
65535
4
8
11
18
19
21
20
19
14
15
7
4
0
65535
65534
0
1
5
13
12
15
20
23
22
14
9
7
2
1
65535
65532
1
4
6
15
16
21
22
23
21
15
13
6
3
2
65535
65535
65535
3
8
12
16
18
21
19
19
18
9
8
6
0
65535
65533
2
2
8
12
16
17
19
23
20
12
10
5
2
0
2
65533
0
3
8
12
15
20
23
21
19
18
11
6
4
65535
65535
0
1
4
7
11
21
20
21
19
21
18
8
6
7
1
65535
65533
0
6
5
16
22
23
22
22
18
16
9
5
1
65534
65534
65533
3
5
13
14
17
21
18
22
21
17
9
6
3
2
65534
65534
2
3
12
17
18
20
25
20
19
18
8
7
3
65534
0
0
3
7
11
12
22
18
19
19
16
15
6
7
5
3
0
65534
3
7
9
13
20
18
23
21
17
13
9
6
0
65534
1
65534
2
6
9
16
21
21
22
24
18
12
11
3
1
0
65533
2
3
10
14
19
19
20
22
20
16
15
10
5
1
65534
0
65535
1
4
12
18
18
23
24
23
22
11
9
5
3
2
65535
2
4
6
13
16
23
26
22
19
14
12
8
5
65534
65532
65534
0
9
9
12
14
19
23
21
19
15
12
9
4
1
1
65534
65533
5
10
16
20
20
22
22
21
18
13
7
2
65533
0
65533
5
7
7
14
22
22
24
25
18
16
12
4
0
65534
65535
65534
2
3
13
15
16
23
25
20
19
19
10
3
2
2
65535
65534
1
7
12
17
17
23
24
20
16
12
8
6
0
65533
65533
3
2
6
11
15
17
22
20
22
17
10
9
6
65533
65535
1
1
6
7
11
17
18
22
21
21
17
14
11
4
65535
65534
1
65534
1
5
9
14
21
20
22
22
16
10
9
5
3
0
0
1
3
7
12
18
22
24
23
19
16
11
10
1
2
65534
65535
65535
2
9
14
14
21
23
22
21
16
14
4
3
1
2
1
0
8
9
17
17
19
25
20
22
18
14
6
1
2
0
0
0
8
11
9
17
20
21
22
19
18
11
9
5
65535
2
0
0
4
9
13
19
19
22
21
21
14
11
7
5
2
65535
65534
0
5
11
15
18
23
23
18
17
13
11
8
65535
2
65534
0
2
1
7
17
18
20
21
23
17
16
10
4
2
65533
65533
2
2
8
8
14
18
18
22
23
19
18
9
4
0
65535
65535
3
65535
6
14
16
17
24
21
22
18
15
7
5
4
65531
65534
65532
2
6
10
15
19
21
21
20
19
14
10
8
4
65534
65533
65534
65535
5
12
18
20
21
19
18
19
14
10
6
2
65535
1
0
3
10
14
18
19
21
20
18
17
12
8
7
1
65535
65533
65535
65535
7
10
17
