53
6
7
9
10
11
11
11
11
14
13
18
15
13
12
10
11
9
10
7
6
1
2
0
6
7
8
7
15
10
15
17
13
16
13
11
13
10
10
6
6
9
3
6
6
7
10
10
9
11
14
16
17
16
14
12
13
10
7
9
8
6
6
7
6
7
8
9
10
8
15
14
13
13
15
12
11
10
9
8
10
5
6
2
3
5
8
7
12
12
11
14
13
15
14
17
13
9
7
10
6
6
4
8
4
5
7
11
11
11
13
12
14
14
15
10
14
12
10
8
7
5
6
5
8
3
10
6
13
11
11
14
18
14
15
15
11
11
8
6
6
3
8
3
5
7
5
14
11
11
14
13
16
14
14
13
15
12
11
9
7
4
6
6
2
6
8
6
11
13
14
15
14
17
11
14
13
14
14
11
5
7
8
8
6
7
9
10
12
10
9
15
14
13
15
15
13
11
11
10
8
7
7
8
5
8
6
4
7
12
14
14
17
16
15
16
17
12
13
8
9
4
6
6
4
5
9
5
10
8
13
12
12
14
16
18
10
13
12
14
11
7
4
7
8
5
7
8
11
8
11
11
17
15
13
17
13
14
13
8
7
9
5
8
4
5
6
7
8
9
10
12
16
15
18
17
14
14
13
12
14
6
8
5
7
5
10
7
11
8
10
13
12
15
15
13
14
11
16
13
9
10
10
9
6
3
4
5
10
10
8
11
14
16
17
16
15
15
13
13
12
8
10
6
3
3
5
10
5
10
13
15
13
13
14
15
15
13
12
11
12
6
11
6
9
6
5
3
6
8
8
13
14
15
16
16
19
14
15
11
12
9
11
9
7
5
5
6
10
7
10
11
16
17
13
15
18
15
11
12
8
10
7
7
6
6
5
5
6
7
8
10
13
14
13
11
17
11
16
13
11
12
6
9
7
7
5
6
4
9
10
11
14
15
17
12
17
15
15
12
12
11
11
6
6
6
6
8
8
8
10
8
11
11
14
17
16
19
14
14
13
8
9
5
6
3
10
7
5
9
11
8
14
13
14
12
15
15
14
12
11
12
8
9
6
6
7
4
6
8
8
8
10
14
14
14
12
16
12
13
12
13
10
8
9
5
7
5
9
9
9
8
11
11
13
14
15
14
19
11
11
11
11
10
5
6
8
7
4
7
10
13
11
13
13
14
17
17
17
16
10
10
9
8
10
8
4
6
7
7
10
10
10
9
13
16
14
15
14
13
15
12
11
10
8
8
7
2
6
6
7
5
12
14
12
17
16
13
14
14
13
14
10
6
5
7
6
4
3
4
5
7
7
9
16
14
12
14
15
15
14
11
13
9
8
10
7
5
7
6
4
7
11
14
11
15
13
14
17
17
16
13
14
7
7
4
6
7
9
5
2
9
6
7
11
10
14
17
17
15
13
12
9
11
14
12
11
10
12
11
9
9
5
9
10
12
13
17
16
14
17
14
11
8
7
8
9
6
9
6
7
10
7
12
12
11
12
14
17
16
14
14
14
11
9
8
6
5
5
6
8
6
5
13
12
9
15
14
13
14
14
13
13
11
9
6
6
4
5
8
4
7
5
10
10
11
15
10
15
17
13
10
14
8
9
7
9
8
7
5
7
5
10
8
8
11
14
17
14
15
13
15
13
12
11
9
4
8
7
5
4
8
8
7
7
14
13
13
15
14
15
11
12
11
10
12
8
7
8
4
7
6
6
11
9
7
13
12
17
14
16
14
15
16
10
10
11
8
8
8
8
9
7
9
11
13
12
12
13
15
12
13
11
12
15
9
7
3
4
11
5
6
8
9
8
9
14
14
15
15
19
18
14
15
11
11
14
8
7
5
6
4
3
5
8
10
13
13
9
16
17
15
14
12
15
11
9
7
8
5
6
6
9
7
9
9
15
12
15
14
15
16
19
15
13
11
10
8
5
7
5
4
9
8
9
10
13
12
13
14
14
18
16
15
10
11
9
6
5
8
5
6
2
8
6
10
10
15
15
10
12
14
17
15
12
12
13
8
7
5
5
5
4
5
6
8
9
14
15
15
10
13
17
10
11
11
10
9
7
7
6
7
8
8
7
9
7
7
15
14
13
17
15
12
11
8
12
10
6
9
6
7
1
0
10
9
10
12
17
14
14
16
14
12
8
11
9
10
9
4
6
5
6
7
7
7
11
14
13
15
15
17
16
15
16
9
11
9
8
8
7
7
6
3
9
5
9
10
13
11
11
15
16
14
10
13
11
6
7
9
8
8
7
8
7
7
10
9
14
13
14
14
16
13
16
11
13
10
7
10
6
8
6
6
5
8
8
12
10
11
13
13
18
12
