24
5
16
20
24
12
12
12
2
65534
65531
65535
6
11
22
21
20
20
14
8
0
65533
2
5
11
17
20
24
21
17
7
5
65534
65535
5
9
13
18
19
26
18
13
5
65534
65534
65534
5
8
21
22
23
21
19
8
2
65535
1
2
6
15
20
24
23
18
9
4
2
65534
0
4
11
15
21
21
19
13
4
65535
65533
65533
2
6
15
24
26
24
18
8
3
1
65531
0
7
12
16
25
26
21
11
6
0
65533
65535
1
7
16
21
24
20
19
12
4
65535
65534
1
6
14
18
23
22
17
13
4
65535
65533
65534
1
11
16
25
24
19
17
10
1
65534
65535
2
8
15
24
24
19
13
9
4
65533
1
65531
4
9
13
23
25
21
16
8
2
65534
65535
3
9
14
21
24
19
22
15
4
65534
0
65533
5
10
19
21
24
22
13
6
0
65534
65531
5
12
15
23
22
20
17
10
7
65535
65533
65535
7
15
23
19
20
20
14
5
4
65531
65533
0
6
17
20
22
18
15
9
5
2
65531
2
3
11
19
19
20
14
12
3
65535
65531
65533
65535
14
15
22
19
23
16
11
3
0
65534
1
11
14
21
25
22
18
13
2
65533
65534
65534
3
12
18
21
20
18
14
9
0
65533
0
1
7
16
21
25
22
19
9
5
65533
65532
65533
5
13
16
20
23
22
15
9
1
65534
65531
3
7
13
20
25
20
20
12
4
65533
1
65534
2
11
21
21
22
19
12
7
1
65533
65533
1
7
13
22
22
20
14
10
2
65533
65534
65534
6
13
18
23
23
20
14
4
2
65534
65535
2
9
16
22
25
20
18
9
2
65534
65534
3
7
13
15
24
20
14
12
5
2
65531
1
3
15
18
19
24
21
17
6
4
65530
65535
1
9
12
19
20
25
18
12
4
0
65531
65535
3
11
19
21
22
18
14
9
3
65535
65535
1
4
15
20
24
21
21
11
4
0
65535
1
6
8
19
19
22
20
15
4
3
65532
65533
2
6
15
22
23
20
18
9
2
2
65531
2
4
14
20
22
25
19
13
6
1
65534
1
3
11
16
20
24
23
14
6
4
65534
65531
5
6
13
19
23
22
19
13
3
1
65533
65533
2
8
15
20
21
21
15
7
2
0
65533
65535
8
14
20
24
22
19
9
6
65535
65529
65534
5
15
19
23
23
19
13
7
1
65533
65531
1
7
15
23
22
22
15
6
4
65531
65533
65534
7
14
20
23
22
20
14
7
1
65531
1
3
9
14
20
25
19
18
10
2
1
65534
1
5
14
22
24
22
18
11
3
65535
65533
0
2
11
19
21
22
21
20
8
2
65534
65532
2
6
12
18
23
24
17
11
5
65534
65530
2
6
12
18
19
25
20
12
7
0
65533
65535
3
9
15
18
24
22
16
11
1
65534
65532
65535
3
13
20
24
23
16
10
11
2
0
65532
3
10
18
20
25
22
16
8
3
65535
65530
65535
6
12
17
21
21
21
13
6
65535
65534
65531
2
7
17
21
21
21
18
6
2
65533
65532
65534
8
12
20
22
21
17
11
5
1
65535
1
2
11
14
20
24
18
18
9
65534
65534
65532
1
7
14
21
24
21
17
12
4
2
65531
65535
6
9
17
19
22
20
14
8
1
65533
65533
3
9
14
25
22
23
18
8
4
65532
65533
2
5
12
19
26
22
22
13
3
2
65534
65533
3
8
16
20
22
20
15
7
6
65534
0
65533
9
11
20
24
21
21
14
2
1
65532
65534
5
9
20
21
23
23
14
9
0
65535
65534
65535
8
12
20
21
23
18
12
5
65533
65533
65533
5
10
15
23
21
17
17
9
4
65534
0
3
9
16
21
21
27
18
7
2
65533
1
1
7
14
19
23
25
18
15
7
4
65531
65532
3
8
13
18
23
24
18
11
3
65535
65532
4
10
13
20
20
21
19
14
4
0
65533
65533
4
7
15
16
24
19
14
9
3
65531
65533
65535
7
13
22
19
21
21
12
8
65535
65531
4
3
10
18
20
27
18
19
7
2
65534
0
1
10
14
18
22
19
16
15
2
0
65533
65534
4
11
17
22
23
21
16
6
1
65532
65531
1
7
11
23
25
22
15
10
1
65533
65532
65535
6
14
18
21
20
19
13
5
2
2
0
1
8
14
20
20
19
16
6
2
65533
65533
65535
5
14
20
23
19
21
12
5
0
65534
4
2
10
16
21
23
23
13
8
65534
65535
65532
1
7
14
21
23
25
20
9
4
1
65533
65534
6
11
18
23
24
20
13
6
3
1
0
1
9
18
21
24
19
17
8
3
2
65534
65534
7
10
18
23
22
21
12
6
1
65535
65534
4
8
18
21
20
20
16
7
1
65535
65533
0
9
12
17
22
26
15
12
5
2
65534
65535
3
8
14
20
24
20
16
11
5
65535
65533
3
6
11
23
23
21
19
14
7
2
65535
65533
1
9
19
20
24
19
14
5
6
65533
65534
65534
6
14
20
20
20
