67
14
6
65535
65535
20
20
20
22
10
2
1
4
11
15
22
19
15
8
0
1
10
17
22
18
14
3
65534
2
10
17
22
21
11
4
3
2
11
15
22
20
10
3
1
3
11
18
23
17
10
3
65535
5
14
18
19
16
12
6
0
3
10
21
24
20
9
1
1
2
11
19
23
20
11
1
65533
4
10
20
19
16
10
5
65533
4
12
18
19
18
9
0
65534
2
9
18
23
17
9
3
1
1
13
21
18
16
10
65534
65532
5
14
18
22
18
10
4
1
4
12
19
21
18
9
3
65534
5
14
19
21
20
8
0
2
5
12
23
24
17
7
65534
1
5
14
17
20
17
6
65535
65535
4
14
18
19
11
8
2
65535
8
9
19
20
17
7
2
65535
9
14
24
21
15
8
65535
3
9
17
22
21
15
9
65535
2
9
14
21
19
14
3
0
1
10
14
24
19
14
6
65534
0
5
17
18
20
14
3
65535
1
10
19
22
25
16
7
2
65535
8
16
20
20
11
4
0
0
11
17
22
22
9
3
0
2
6
19
23
16
14
1
65533
3
11
17
20
17
12
2
65532
1
14
14
21
24
12
2
65535
1
8
17
23
17
12
5
65535
2
13
17
22
19
8
5
65534
3
11
15
23
21
10
2
1
5
14
18
21
16
13
3
4
65535
13
16
23
20
10
2
1
2
6
21
21
18
10
65533
0
2
10
20
19
18
13
2
0
4
11
21
22
16
9
2
65535
3
12
19
19
17
7
65534
65535
2
16
20
21
16
8
1
65534
4
12
20
23
16
6
65534
65535
6
12
20
19
14
9
5
0
7
14
19
23
17
7
1
65535
8
15
20
21
15
6
65533
65535
8
14
23
19
13
4
1
65535
7
14
21
19
17
7
1
65535
7
17
21
20
14
9
65534
65534
5
17
19
18
12
9
1
4
9
16
22
18
15
7
65534
1
6
15
25
20
11
5
65534
1
6
18
26
19
15
6
65534
4
10
19
18
21
11
6
1
3
10
14
21
22
13
2
65534
2
10
18
21
18
11
5
65533
4
11
16
20
18
15
1
65535
3
9
20
22
19
15
1
1
1
9
17
20
18
12
3
2
4
8
16
23
19
13
2
0
4
13
17
23
18
13
3
65534
5
13
18
24
17
9
2
1
3
13
15
21
17
13
4
3
6
14
21
20
19
9
3
2
1
15
19
21
21
5
3
1
2
14
18
22
15
7
2
0
3
14
21
23
15
6
65535
1
7
14
18
24
20
6
0
65535
8
13
22
20
17
7
1
1
8
14
21
21
12
9
65535
65534
7
12
22
20
16
5
4
65535
6
15
19
22
16
10
65535
65535
9
13
18
23
15
4
2
65535
7
14
18
20
18
5
1
3
8
16
21
21
15
7
65533
2
8
15
20
22
13
8
2
2
6
15
24
20
14
3
2
1
7
15
21
22
15
4
0
3
7
14
23
17
15
4
65535
65534
8
18
23
19
13
4
65535
0
10
20
24
20
10
3
0
4
9
18
25
18
14
1
1
0
10
17
21
22
8
4
65535
2
11
21
19
18
10
1
2
3
9
16
19
19
9
2
1
1
7
17
20
20
7
3
1
2
12
15
20
20
9
3
0
2
9
21
26
14
10
1
0
3
14
16
21
15
8
6
0
65535
13
20
21
18
7
3
1
6
11
20
24
21
9
2
1
3
14
21
22
18
8
4
65533
4
10
18
21
15
7
2
1
3
14
20
23
14
8
2
65534
2
14
19
26
17
8
0
2
5
15
22
21
14
9
65534
65534
2
11
23
21
16
6
2
65535
8
14
21
20
12
6
2
4
6
16
22
21
15
6
0
2
6
13
23
20
16
2
3
65534
9
13
20
22
12
5
65535
2
7
17
18
20
14
4
65531
2
8
17
19
22
13
3
1
65535
9
17
20
19
10
5
0
65535
9
17
23
20
14
5
65533
1
10
13
20
20
11
4
1
3
10
17
23
20
13
5
3
3
9
17
23
20
13
2
1
2
11
18
22
19
14
3
65535
2
7
18
20
18
7
4
65534
4
8
18
22
18
12
3
0
2
11
19
25
19
10
3
2
5
12
19
22
19
7
0
65535
0
10
17
19
19
6
5
0
1
13
18
20
19
9
3
65534
2
13
18
24
17
10
0
1
5
12
21
21
16
13
65532
1
2
15
19
21
18
10
2
65534
1
12
21
21
17
8
2
65535
6
16
21
20
19
7
2
65535
7
10
20
19
15
9
65535
3
5
13
19
21
11
8
2
65534
6
16
19
21
15
6
1
0
6
15
22
21
15
6
0
1
5
14
20
18
12
10
65533
3
5
13
22
19
11
8
65535
65534
2
11
21
21
15
5
65533
4
8
17
20
21
12
5
1
65535
5
20
20
22
14
6
1
17
