63
22
20
23
16
1
1
1
0
65535
6
3
9
16
19
23
21
18
16
9
2
65534
1
0
4
11
14
20
24
23
18
15
13
3
65535
65534
65535
6
7
12
22
16
25
20
17
12
6
2
65534
65531
1
5
12
14
22
22
23
20
15
11
4
65534
65533
2
6
8
14
23
21
21
18
15
10
4
65534
0
0
3
6
13
17
24
23
19
11
7
0
0
65535
65534
0
5
10
20
23
22
20
16
8
5
2
65534
1
3
4
13
16
18
23
21
16
12
6
2
1
1
1
1
9
16
24
23
18
19
15
10
3
65534
65534
65534
3
8
14
20
21
19
20
18
10
4
1
1
65531
3
5
15
18
19
23
22
18
9
8
0
1
65535
3
5
12
16
18
22
18
18
11
6
4
65535
65534
65535
6
13
16
21
22
22
22
15
10
6
2
65535
65535
3
8
15
19
20
18
21
20
11
5
65532
65532
65534
0
7
14
19
21
25
22
15
13
6
1
65533
65535
1
6
12
19
26
21
23
22
15
8
6
1
0
65535
4
12
17
20
23
24
18
15
12
4
3
65534
65534
0
8
14
21
23
22
21
13
9
3
65534
65533
65535
4
6
14
21
25
19
22
15
11
5
0
1
65535
1
7
10
16
20
25
21
19
12
10
1
1
65531
3
6
6
16
16
24
23
19
15
6
6
2
65534
65532
4
6
15
16
22
22
21
16
10
5
65534
65535
65533
5
8
12
20
20
21
20
17
14
7
5
0
65534
1
1
10
15
19
25
21
16
15
7
3
65535
65535
3
6
9
15
24
23
23
18
16
9
6
65535
65532
2
4
9
10
22
25
23
17
20
10
6
1
65534
1
4
9
12
16
22
24
21
15
12
4
2
65535
65535
0
8
13
15
19
24
20
17
11
6
5
65535
65535
2
6
10
16
24
21
23
24
13
10
2
65535
65535
2
3
10
16
18
18
21
18
15
6
8
0
65535
1
3
6
14
20
27
23
20
22
8
8
4
65533
65534
1
6
14
17
23
23
21
14
11
6
5
0
65531
1
7
11
15
22
23
22
19
14
9
7
1
1
2
4
10
15
22
20
25
21
16
11
8
65535
1
65533
7
6
13
20
23
18
21
18
10
2
65533
65532
2
2
6
13
14
20
23
23
19
14
10
5
65535
2
65534
5
11
16
22
19
22
20
15
9
2
0
65533
65535
5
9
14
21
19
23
18
16
11
2
5
65535
0
4
10
15
22
25
22
22
16
11
4
65534
0
0
3
7
16
17
23
21
24
19
11
5
3
65534
65534
65534
7
10
14
20
23
26
17
15
9
4
65534
65533
2
5
10
17
19
22
24
20
18
8
5
4
2
65535
4
6
11
20
22
25
22
21
11
8
65533
65534
65533
1
8
13
14
16
24
22
19
9
4
2
65534
65532
65534
5
11
14
19
21
23
19
19
10
3
65534
65535
0
2
9
12
18
18
23
20
12
11
7
3
65535
0
1
7
14
21
19
19
18
19
13
6
1
65534
1
1
6
11
16
17
23
22
16
11
8
4
65533
65535
65533
2
11
17
20
22
24
18
14
9
2
2
65535
65534
5
13
15
18
21
26
21
15
11
3
0
65535
65535
3
8
12
16
21
21
22
16
10
7
65534
1
65534
2
7
12
16
23
23
24
15
14
9
1
65531
65530
0
5
9
11
18
24
27
19
15
10
2
3
65533
65535
3
11
14
18
22
23
22
14
10
4
1
65535
65533
1
7
12
18
22
24
22
15
13
7
0
65533
65534
2
4
9
18
24
23
22
19
15
10
5
65534
0
1
6
8
11
19
20
22
17
14
10
1
65535
65533
65535
1
8
13
18
21
23
22
16
11
4
2
2
1
0
10
11
17
24
24
18
18
14
8
3
65534
65534
0
6
14
16
20
25
21
15
14
7
2
65535
65534
2
2
13
16
23
21
22
18
18
9
6
1
65535
65534
1
7
15
20
23
22
21
16
12
8
4
65535
65534
2
7
15
17
20
25
22
20
12
6
2
65534
1
2
6
10
22
17
22
21
18
12
6
1
1
65532
1
5
11
17
21
22
24
18
14
12
5
1
0
65532
8
7
12
19
22
24
19
17
15
6
65535
65534
3
2
7
15
13
21
22
19
17
11
5
65535
65535
1
0
5
8
18
22
21
22
19
12
9
3
65534
65533
0
6
9
10
20
24
19
18
16
9
2
65535
0
65533
4
10
13
19
23
24
25
14
11
7
2
65531
65535
2
9
14
17
19
22
22
15
10
9
3
2
2
5
9
11
18
20
27
21
20
16
6
2
65533
0
65535
2
9
15
19
22
20
19
12
10
4
1
65533
65532
3
7
15
17
23
21
24
15
8
5
0
65535
1
3
6
10
16
25
23
21
18
14
9
65535
65535
65533
2
5
11
17
22
27
21
20
15
4
3
65533
1
0
7
10
17
18
21
17
