68
2
10
10
15
12
12
12
5
7
10
12
18
13
13
9
4
6
11
16
17
16
11
4
4
13
14
16
13
7
4
6
8
16
14
13
13
4
3
4
9
15
16
10
5
4
2
11
12
17
13
8
7
7
11
15
14
13
8
5
5
8
14
18
15
14
9
6
5
15
17
20
10
4
5
8
13
18
15
10
9
6
4
12
14
19
11
9
7
3
8
11
16
17
10
7
6
9
12
18
15
11
5
3
8
13
17
12
13
5
4
3
11
13
20
14
7
4
6
11
12
16
13
8
4
6
9
15
11
17
7
7
5
11
11
16
19
11
7
0
2
13
15
15
11
9
4
5
9
19
19
13
12
5
4
8
11
17
20
9
5
5
5
11
20
19
13
7
5
7
8
15
16
11
10
6
6
11
12
17
14
11
8
3
11
14
16
13
11
5
5
10
10
16
17
10
8
5
7
11
12
17
14
6
6
4
11
18
16
14
5
4
7
10
13
17
14
7
6
3
12
9
18
14
9
8
2
7
15
13
14
11
6
6
9
10
14
16
14
6
4
6
9
14
15
15
7
4
4
9
16
17
12
11
4
3
10
11
16
14
13
6
4
6
9
18
14
11
8
3
2
13
14
18
12
8
6
4
6
18
20
17
9
6
3
6
8
14
16
9
5
6
6
11
15
17
10
9
4
8
12
16
14
11
8
5
6
7
13
15
15
9
5
6
8
11
16
13
10
6
2
7
18
13
15
12
4
4
7
8
14
17
17
9
3
4
9
15
20
13
7
5
6
11
12
17
13
11
0
2
5
12
18
15
7
5
4
5
11
13
15
15
7
4
8
9
13
20
14
7
3
2
8
15
15
17
8
6
7
7
13
15
18
7
8
4
7
13
20
18
16
9
2
7
10
14
18
12
9
4
3
12
15
14
15
9
7
8
6
11
14
16
12
7
5
5
12
14
13
14
7
5
7
11
18
17
14
9
6
7
7
14
17
16
10
9
4
9
13
16
14
11
8
1
6
13
19
11
14
1
4
4
9
13
20
13
9
3
5
11
16
17
11
10
6
5
7
16
19
19
10
6
8
8
12
16
13
10
6
3
7
15
15
10
16
8
5
4
5
15
15
13
11
3
5
8
16
16
12
12
5
6
5
12
15
13
14
9
2
5
14
13
17
13
9
3
4
10
18
17
16
10
6
4
9
16
14
18
9
3
7
7
14
15
15
10
7
4
8
11
17
15
10
8
8
5
10
15
14
14
6
4
1
9
15
15
16
9
2
0
6
15
16
12
8
9
1
10
13
17
15
15
6
5
5
11
15
18
14
7
6
2
7
15
12
13
8
3
3
7
12
15
14
10
5
7
8
14
15
17
9
4
3
7
10
11
17
12
6
3
4
11
13
19
17
8
4
6
9
16
18
14
8
7
2
6
12
15
15
13
9
4
7
13
16
16
15
7
2
9
9
17
12
16
4
3
5
7
15
18
11
10
5
7
7
11
16
13
9
4
5
5
12
16
16
14
5
7
6
10
14
17
14
9
9
5
12
19
17
15
6
6
2
11
10
18
12
9
8
4
6
12
15
16
13
9
5
6
9
14
14
17
9
6
6
7
15
18
14
11
2
3
11
15
15
15
10
6
7
5
11
15
16
10
6
3
4
9
13
18
10
5
2
9
11
14
15
11
11
5
6
4
12
16
14
9
3
4
10
10
13
13
12
8
3
7
12
18
16
8
9
5
6
11
13
17
9
9
6
5
9
13
16
16
9
5
2
7
14
15
15
13
6
1
10
11
13
17
13
6
3
6
9
17
19
14
4
6
1
12
13
14
12
11
7
6
6
11
18
13
12
3
4
8
11
13
15
9
8
5
5
12
15
14
14
9
1
7
6
14
15
15
9
6
4
9
14
10
13
10
4
5
10
11
16
15
11
7
7
7
10
16
13
13
10
6
5
10
18
19
13
13
5
6
11
12
15
15
13
6
2
6
15
17
16
11
8
2
9
10
18
18
17
6
6
8
10
17
14
13
9
4
4
8
13
14
16
9
7
3
9
11
15
17
9
9
6
6
13
17
15
13
8
5
7
9
18
17
14
7
6
6
9
14
14
13
10
6
6
6
14
19
15
14
8
7
6
13
15
14
18
5
5
7
13
15
17
15
9
7
6
11
12
21
15
8
5
8
9
13
15
18
11
8
6
8
14
19
19
14
7
5
9
13
15
17
11
8
2
8
12
15
17
11
11
7
5
7
13
16
15
9
3
1
8
17
17
17
11
7
2
6
12
15
18
15
7
5
7
8
18
16
17
10
5
6
11
8
17
12
11
7
7
14
