21
5
3
65534
65535
4
4
4
7
10
15
18
18
21
21
20
23
20
11
10
9
3
1
65535
65534
65534
1
2
4
10
12
23
16
17
23
22
24
18
14
14
9
5
3
2
65534
65531
65533
3
5
10
13
16
22
18
21
23
22
17
14
10
5
7
3
0
65534
1
2
6
6
10
14
17
18
22
27
21
24
19
16
12
9
8
65535
65535
65535
65533
0
2
5
8
12
13
17
22
21
21
22
16
17
13
9
9
3
2
65534
1
1
1
5
7
9
17
14
20
19
20
19
19
14
10
10
5
3
1
65532
65534
65535
65535
4
5
14
15
17
18
21
21
23
22
16
14
6
5
4
65535
0
0
0
3
3
8
11
13
13
20
18
24
25
20
11
14
8
10
4
0
65531
65534
65534
3
3
6
9
11
15
24
18
22
18
18
18
14
10
8
5
0
0
0
65535
65535
65535
7
13
14
17
19
21
21
22
21
17
13
10
7
5
1
1
65534
65535
0
7
5
10
13
19
18
20
24
19
19
18
17
11
9
3
65534
0
65532
0
0
2
6
12
18
15
19
21
25
21
19
17
15
11
9
65535
65535
65534
65535
65533
1
4
5
14
14
15
22
21
21
21
22
18
14
11
7
3
3
2
65533
65535
3
2
5
11
13
15
21
18
24
21
18
16
14
13
7
5
65535
65535
0
65535
2
3
7
10
12
16
20
18
24
22
18
17
13
9
10
5
3
65534
65534
65535
65534
4
8
8
11
18
20
24
24
18
21
15
15
9
6
7
3
65533
0
65535
0
3
3
9
15
14
17
21
19
22
22
18
14
11
11
3
6
65534
65531
0
65535
0
4
11
13
16
18
21
21
23
20
18
16
13
7
5
5
65535
65534
65533
65534
1
7
8
14
17
20
22
21
22
18
18
17
11
7
1
2
65534
65535
65534
1
3
6
8
16
14
20
19
20
23
22
18
14
12
8
4
3
65533
65534
65531
1
0
0
9
12
15
21
21
22
23
20
19
17
12
5
5
0
0
65533
65535
1
2
4
8
12
17
20
18
20
19
19
18
14
13
11
4
2
65534
0
65533
1
5
8
7
15
17
19
18
22
24
21
20
15
10
10
4
65535
65535
65535
65535
2
2
5
5
12
19
17
19
18
19
22
20
16
11
8
3
2
3
65535
65534
65532
6
6
9
10
18
14
16
21
20
24
20
17
11
9
5
4
0
0
65535
1
1
5
11
10
19
20
21
21
26
22
18
15
12
9
4
4
65535
2
65532
0
1
5
10
13
18
18
21
23
22
22
17
17
11
8
5
2
2
65534
65534
65535
2
3
6
11
15
18
19
22
27
25
17
17
11
9
5
0
65534
65535
65530
1
1
2
11
9
14
20
19
22
19
18
17
16
13
9
6
1
4
0
65534
0
5
3
8
12
17
18
19
21
23
20
20
17
13
10
5
4
0
65535
65535
65533
1
3
12
13
18
23
19
22
21
23
19
15
12
10
4
1
65534
65533
65534
65535
0
2
7
11
18
16
22
23
26
21
21
16
16
9
4
2
2
2
65534
0
2
9
7
10
18
15
19
23
26
21
20
17
14
12
8
1
4
2
1
65533
3
2
10
11
15
19
18
23
22
18
20
15
16
10
5
0
4
65535
65533
65534
1
4
6
13
17
20
19
25
21
21
22
19
12
8
3
4
65535
1
65535
3
3
4
6
8
18
16
19
23
22
22
20
17
13
6
8
6
2
1
1
65535
0
4
8
9
13
17
22
25
22
21
20
15
13
13
6
6
3
65535
0
1
0
5
6
11
15
21
18
23
22
22
21
20
16
14
7
4
65535
65534
65535
65534
0
3
5
12
14
18
21
22
22
25
20
20
15
13
10
1
6
65535
1
0
3
3
6
7
11
17
21
19
22
24
20
17
17
11
5
4
2
65535
65534
0
3
2
7
13
10
19
16
22
23
20
21
15
15
12
8
4
4
1
65533
65534
2
2
6
10
13
17
22
24
25
26
20
19
14
10
4
3
2
1
1
2
65535
4
8
9
14
15
20
22
25
22
20
18
14
8
7
65535
2
0
65533
3
65535
5
9
10
15
17
23
22
23
23
25
18
19
13
7
6
65535
3
1
65533
65534
3
5
9
12
15
17
20
20
21
21
16
16
16
4
5
1
2
0
2
4
3
5
9
12
13
17
23
20
24
24
21
14
15
7
8
0
3
65534
65535
0
6
6
10
12
16
14
21
25
20
21
18
14
10
6
8
4
1
0
3
0
3
7
10
15
17
22
22
23
23
19
21
16
16
9
3
2
1
2
65532
0
4
7
7
9
20
21
22
22
22
21
20
17
12
7
7
2
65533
65533
0
1
2
4
5
13
15
19
17
21
20
24
18
17
15
11
6
1
5
1
65535
65535
4
7
7
14
14
16
19
22
22
21
17
17
13
6
65535
