28
14
13
9
8
14
14
14
18
17
11
8
5
6
6
16
13
14
8
2
6
9
14
16
13
8
4
4
6
14
19
17
10
5
5
6
9
15
16
9
6
6
4
7
17
14
13
10
2
3
8
14
15
15
10
6
2
6
11
17
16
8
5
3
8
14
15
15
12
9
6
5
9
17
17
13
10
4
6
9
11
13
17
10
5
3
11
15
19
14
9
6
4
5
13
15
19
13
8
6
5
9
14
16
13
12
3
3
8
12
16
18
12
3
7
5
11
17
16
14
9
5
6
11
17
14
11
7
3
1
9
11
10
12
10
2
4
7
11
20
16
15
8
4
10
10
14
19
12
7
7
4
11
15
15
14
12
1
0
5
12
14
14
10
5
4
7
10
17
16
11
4
2
4
8
15
17
12
8
5
4
12
17
14
13
8
6
3
5
12
16
16
10
6
3
5
14
18
18
12
6
3
7
11
16
16
14
7
4
3
8
16
14
13
10
7
65534
6
9
15
13
10
4
5
8
12
15
15
11
9
3
5
12
13
14
15
13
6
6
8
12
14
15
10
5
6
3
10
13
16
12
10
4
4
10
18
18
13
6
4
6
11
17
18
15
5
6
5
7
13
18
15
11
2
1
8
13
14
18
11
8
2
5
11
17
15
14
8
5
4
7
15
15
15
11
9
3
9
13
16
17
12
5
4
5
7
17
17
14
8
3
4
8
9
15
14
9
2
6
5
13
17
15
11
5
5
8
11
15
19
10
5
5
5
8
17
15
14
10
1
7
8
13
14
12
12
7
6
7
11
14
15
12
6
3
6
10
18
18
11
7
5
8
13
15
17
11
9
3
5
9
10
13
15
9
2
3
6
14
12
17
12
9
3
6
10
17
18
14
6
4
5
9
14
15
13
11
6
5
7
13
16
15
11
5
6
8
11
17
19
12
8
1
5
9
15
19
12
7
7
5
6
15
15
16
10
6
7
8
12
14
14
12
1
5
5
13
15
18
18
5
3
5
11
14
17
13
9
3
4
7
16
18
12
13
5
5
5
13
17
18
11
7
2
4
10
15
18
12
10
3
3
9
15
15
14
8
3
0
8
13
13
18
11
7
6
6
12
14
18
14
6
3
5
9
15
22
15
12
3
5
8
14
14
15
7
5
4
5
14
15
17
10
5
7
7
13
15
17
12
7
5
6
11
10
18
16
11
5
4
10
13
13
17
14
4
4
4
10
14
17
11
9
4
7
10
16
18
12
8
4
5
10
13
17
15
7
6
4
9
11
17
16
11
4
2
5
11
12
14
16
6
2
7
12
11
18
14
8
3
5
6
12
16
12
11
4
3
7
13
15
18
13
3
0
8
13
15
16
11
8
4
3
8
16
19
13
13
4
5
6
15
20
13
7
6
6
5
13
15
15
11
7
2
3
9
14
19
15
9
5
5
6
14
18
14
11
5
5
11
14
17
21
10
6
3
4
14
17
18
11
7
65534
4
8
17
12
14
7
4
3
8
13
18
14
10
5
3
5
10
18
17
12
5
3
7
10
14
15
15
6
4
4
7
14
14
15
11
4
4
4
11
20
16
10
9
5
4
8
17
18
12
8
2
4
11
14
14
11
8
2
4
9
13
13
17
11
4
5
2
11
15
14
10
9
6
11
8
16
18
13
6
6
9
9
13
16
11
8
5
2
8
8
18
15
12
7
4
4
9
18
15
13
11
5
7
8
18
18
11
10
2
6
10
17
18
14
6
3
3
4
11
20
16
13
8
4
7
13
16
17
11
7
6
3
8
14
16
13
5
2
5
10
12
16
15
9
7
6
6
13
14
17
13
5
2
8
11
14
16
11
11
3
2
9
15
20
14
11
6
4
5
13
17
13
10
5
5
7
9
18
20
12
6
1
7
10
13
16
13
8
6
6
9
12
18
17
11
5
3
6
17
17
20
11
6
5
2
13
13
15
15
8
5
5
10
17
15
16
9
4
6
10
12
16
16
10
8
7
6
11
16
17
11
6
1
3
9
14
17
17
9
6
7
6
17
12
14
11
4
0
8
10
18
16
10
9
7
4
14
18
16
15
10
5
7
10
13
18
15
10
4
3
9
13
16
14
13
5
1
10
12
16
18
13
7
6
4
13
13
18
11
9
5
2
5
14
14
12
10
7
6
9
12
16
14
13
6
2
5
10
14
19
13
7
4
4
11
15
15
13
9
5
3
5
13
17
14
11
5
7
6
10
15
15
8
7
1
7
11
13
14
15
7
1
5
11
15
16
10
9
5
3
10
15
18
15
8
5
4
6
8
15
15
15
6
5
5
8
15
15
10
9
8
