99
2
2
5
6
9
9
9
10
14
13
15
16
18
20
17
18
22
22
18
17
17
17
18
15
13
13
11
5
7
5
8
3
2
6
65535
2
65534
4
2
3
4
7
7
10
8
10
13
11
13
17
17
17
16
15
19
19
17
18
19
18
16
17
13
10
7
9
10
6
2
4
2
3
1
3
4
0
65535
6
3
8
5
8
12
13
12
16
14
16
14
21
18
19
21
18
18
17
19
15
17
16
11
15
6
11
12
7
6
5
5
2
1
2
0
2
4
2
1
5
6
7
8
11
9
10
13
15
16
16
17
19
18
17
19
16
19
18
18
14
13
10
12
9
7
3
9
6
1
1
1
1
2
1
1
4
1
6
3
6
8
7
7
8
13
15
17
14
22
20
17
16
16
19
18
20
15
16
17
12
8
10
8
7
4
2
8
3
4
0
2
4
2
4
6
6
7
6
9
11
12
10
10
17
18
14
16
18
16
21
19
18
18
17
15
13
13
13
10
10
7
4
5
6
4
3
6
65533
1
0
3
1
5
8
4
5
5
10
11
11
11
13
16
14
18
19
20
18
20
19
18
18
18
17
17
12
12
14
10
8
9
5
0
2
3
65534
0
3
3
3
65535
5
4
1
9
8
6
10
17
12
16
14
14
20
20
23
16
22
20
20
18
18
15
18
11
9
12
8
5
7
2
4
4
65533
3
4
65535
65534
2
2
1
5
11
8
10
9
11
12
14
13
14
20
18
19
18
19
22
18
15
15
15
12
15
12
9
6
5
9
3
4
5
2
65535
2
3
1
7
3
1
4
8
5
9
11
11
14
18
14
18
16
18
20
19
20
21
16
17
17
15
19
13
12
16
6
9
4
4
4
4
7
5
6
2
0
3
2
4
5
7
8
10
9
13
13
11
17
17
18
19
23
20
17
18
21
15
18
17
16
11
12
11
7
10
6
7
5
7
2
3
0
3
1
2
2
2
10
2
8
7
7
10
12
15
16
17
19
20
19
21
19
20
18
19
15
15
16
13
13
12
11
8
7
6
5
6
3
1
65535
3
4
4
5
6
6
4
7
6
10
11
12
13
15
15
18
17
19
21
20
20
20
18
18
15
15
12
13
9
13
8
9
6
5
9
4
65534
5
3
0
4
1
5
65535
8
5
9
8
8
12
11
14
16
15
18
11
17
20
15
17
19
18
19
14
17
14
9
11
11
7
6
5
4
6
2
2
1
65535
2
2
1
0
6
6
5
7
13
11
13
13
16
17
17
16
16
20
19
18
19
17
19
17
16
16
9
12
11
7
7
7
5
6
2
2
0
4
3
5
4
1
8
8
5
7
6
11
14
11
11
16
17
17
21
21
20
18
17
18
16
15
17
14
13
12
11
9
12
2
6
1
2
3
65535
1
4
5
4
6
8
4
5
8
12
10
10
13
13
14
14
18
22
16
16
19
18
19
20
17
15
17
14
10
10
12
6
3
6
3
2
3
4
4
3
4
1
1
4
6
5
3
5
13
11
14
15
17
14
18
17
22
19
19
19
21
18
16
17
14
15
13
14
10
8
6
6
6
7
5
1
2
1
1
3
3
4
4
4
6
9
9
12
12
13
13
16
13
18
18
19
21
19
18
18
19
18
16
17
14
9
11
7
8
7
7
8
2
4
0
4
65535
4
2
3
4
6
6
9
11
11
11
14
17
17
16
15
18
18
19
19
18
23
19
17
15
14
12
13
10
10
9
7
7
1
6
3
2
1
3
3
2
5
5
8
5
10
11
7
10
14
16
17
13
18
18
20
20
17
22
21
16
14
18
17
15
14
9
7
12
6
7
3
1
65535
6
5
1
3
1
2
6
6
4
10
6
8
15
15
15
14
18
18
17
19
20
19
18
20
20
16
19
19
17
16
13
10
7
8
7
4
7
3
2
65534
1
2
65535
65535
2
6
4
9
8
5
12
12
12
16
14
14
19
20
19
18
17
20
19
17
20
20
13
12
13
11
8
6
5
4
6
2
1
1
3
3
65535
4
3
0
8
6
6
7
10
13
14
13
15
16
14
16
18
21
22
20
16
18
19
14
14
17
10
10
10
9
5
6
3
4
4
0
3
5
2
4
3
4
6
8
8
9
10
11
13
16
14
12
18
18
19
16
19
22
19
15
18
20
15
14
14
10
9
4
5
7
8
3
3
2
3
2
3
3
1
2
5
5
6
8
12
11
15
14
14
15
16
21
17
18
14
22
18
15
17
17
17
19
14
9
12
10
8
7
2
3
4
4
3
2
2
0
1
2
3
5
6
7
8
9
9
12
14
14
15
20
17
20
19
15
21
17
18
17
18
16
14
12
9
4
