94
15
15
17
15
13
13
13
13
11
13
11
9
5
4
3
4
3
5
5
5
4
4
8
11
6
10
14
14
14
14
13
14
19
16
15
11
11
11
11
10
8
8
4
6
4
4
4
6
6
6
7
11
12
11
12
10
13
15
15
17
13
11
15
13
11
9
6
9
7
5
5
6
2
5
2
5
6
11
11
12
8
13
17
13
17
13
18
15
18
15
13
14
11
10
10
11
6
6
5
5
5
6
2
5
6
8
9
12
12
10
14
15
14
14
17
15
13
16
14
15
11
12
11
8
4
5
6
7
5
2
6
6
7
7
6
11
12
19
14
14
14
12
17
18
14
14
14
12
6
7
11
5
6
7
5
4
7
3
4
8
7
11
13
17
11
15
17
17
13
14
14
12
14
15
13
9
13
5
7
6
6
65534
8
7
2
5
6
5
4
9
9
12
12
11
14
16
18
19
18
17
15
12
11
10
12
9
8
7
7
5
3
7
7
8
8
7
11
12
11
10
15
14
16
16
14
17
17
14
14
10
7
10
8
8
6
6
5
5
4
6
5
6
8
7
8
9
13
11
14
14
14
17
17
15
12
13
10
13
8
10
6
8
4
5
4
2
5
7
2
8
8
10
6
11
11
14
11
10
16
14
13
14
14
13
10
12
10
7
7
7
7
5
4
5
4
5
6
4
10
10
9
11
11
16
14
14
18
15
18
16
10
14
11
13
7
11
7
4
5
3
4
2
6
4
7
6
8
7
11
11
11
11
12
13
17
15
14
16
13
12
10
10
10
6
7
8
7
7
3
7
6
2
7
4
6
12
9
14
13
14
13
15
13
18
15
17
12
14
11
11
9
6
5
6
6
7
5
6
4
5
3
8
7
10
13
11
8
17
15
15
11
15
13
13
11
14
15
8
6
6
9
6
3
4
5
5
4
7
8
8
7
13
13
14
13
16
13
15
16
15
18
16
13
15
13
7
8
6
6
6
6
4
7
7
5
6
9
7
9
10
11
11
14
16
15
16
14
15
11
13
11
14
13
9
6
3
7
8
4
5
0
8
7
5
8
10
11
10
12
14
11
15
13
15
17
16
14
14
11
13
11
7
10
9
3
5
9
5
5
4
4
5
6
10
12
9
13
12
16
16
17
14
17
15
15
13
13
10
11
8
5
6
9
6
6
7
6
5
7
7
10
10
12
11
14
13
12
13
13
17
16
16
13
10
11
11
14
6
5
5
5
6
4
6
7
3
7
9
10
9
13
15
14
16
16
17
15
16
15
12
12
11
12
13
7
5
8
8
6
6
4
6
6
5
9
7
13
14
14
15
12
12
14
15
13
16
12
15
14
12
11
10
8
9
6
6
3
5
6
7
7
4
11
9
6
10
11
12
14
11
16
16
15
14
18
10
9
11
13
12
9
8
8
6
5
6
7
5
6
6
7
11
10
10
11
17
13
17
18
18
16
17
16
16
10
11
11
9
7
7
8
5
9
5
5
6
4
8
8
9
12
12
14
17
13
12
13
14
13
15
13
15
12
15
10
9
7
4
5
7
7
1
4
7
7
8
8
9
12
11
15
13
12
19
14
13
17
13
13
11
12
9
8
5
3
6
6
5
2
7
6
1
8
9
9
7
12
13
13
11
19
14
14
14
15
13
12
14
10
9
8
8
5
3
8
2
3
3
4
5
6
7
8
10
11
11
10
15
18
14
16
14
15
12
15
9
11
9
12
7
7
4
5
6
2
6
7
4
10
8
10
12
16
13
15
17
13
15
17
14
13
10
14
9
11
6
11
9
6
4
4
6
5
4
6
10
8
8
8
9
12
12
17
15
12
21
16
15
14
17
15
14
8
5
10
7
4
5
5
2
9
4
8
8
6
6
9
13
11
14
14
17
18
15
13
15
18
11
13
11
8
7
8
3
2
4
3
4
5
6
7
6
8
8
12
15
8
15
14
14
15
14
11
14
12
14
10
10
7
6
7
5
6
5
1
4
6
3
4
9
10
12
12
11
13
15
13
17
16
14
17
16
15
13
10
9
6
8
5
5
6
4
6
5
8
6
7
11
8
5
13
13
15
17
12
15
17
17
11
11
10
11
9
11
9
9
4
4
6
2
3
5
6
4
9
9
11
12
12
15
17
12
14
13
15
20
15
12
11
8
10
8
6
7
4
5
4
2
4
5
6
6
9
7
9
12
11
13
13
13
14
18
15
15
12
14
11
10
9
13
6
5
5
4
6
5
4
4
4
7
11
9
9
8
14
14
17
14
14
14
15
16
15
15
15
11
11
11
5
8
6
4
4
5
7
5
8
9
9
10
14
13
14
