64
14
8
65535
1
6
6
6
14
20
24
25
17
9
5
1
65534
65532
4
11
19
24
24
15
12
5
1
65534
65534
5
10
18
23
22
22
16
6
3
65534
65535
2
6
15
19
26
25
20
10
8
65534
65530
65534
3
9
17
24
24
23
13
3
1
65535
65532
4
10
15
25
23
26
18
13
3
65534
65534
65534
8
14
21
23
25
17
11
6
65533
65535
0
3
10
17
23
23
18
14
13
1
3
65535
3
8
14
21
22
17
22
10
3
65534
65534
1
6
13
18
23
27
20
14
7
65535
65531
65535
5
10
19
22
24
20
15
7
1
65535
65534
4
4
17
21
23
20
17
11
65535
65535
65532
1
6
7
18
24
23
20
13
2
65532
65532
65533
3
10
17
21
24
19
18
11
2
65534
0
2
9
17
20
23
23
22
10
6
65534
65532
65534
2
10
21
22
22
20
13
6
65534
65534
65534
2
11
16
23
26
20
14
12
65535
65534
65529
4
6
13
21
17
23
19
11
5
0
65534
0
5
9
17
22
21
16
13
4
1
65531
65532
65534
7
14
22
23
19
17
9
6
1
65530
1
5
13
20
23
25
20
10
4
1
65534
4
2
14
18
23
26
22
18
7
5
0
65535
1
9
18
21
24
26
18
13
6
65535
65535
3
7
13
21
24
23
22
15
6
65533
65533
3
0
11
16
20
23
20
17
12
1
0
65534
1
4
15
17
24
23
21
10
7
1
65532
65535
3
14
17
21
26
23
15
5
2
65534
65531
2
8
15
23
22
22
16
9
2
1
65535
4
6
16
21
25
23
21
14
5
0
65535
1
1
8
16
21
26
19
12
7
2
0
65535
2
7
15
19
22
17
17
11
4
65534
65533
65533
4
15
19
22
22
18
14
9
1
65532
65535
2
10
17
21
26
23
14
10
3
65533
65531
65535
8
14
17
24
26
23
12
5
65535
65533
65533
7
8
15
20
25
22
15
8
3
65533
65535
1
9
15
22
22
18
17
9
3
65533
65533
0
5
11
16
20
24
24
16
3
1
65531
65533
5
7
20
22
24
20
15
9
65535
0
65531
65534
7
14
19
27
24
18
9
4
2
65534
1
0
9
17
22
23
20
15
2
0
65532
65534
3
11
14
17
22
22
14
14
1
65531
0
1
7
16
21
22
23
19
13
6
65535
65533
65535
3
11
18
22
23
19
16
9
1
65535
65534
4
6
19
20
22
21
17
9
5
1
65535
3
9
14
17
23
24
16
15
6
65535
65535
0
2
6
17
23
23
20
12
14
5
65532
65529
2
7
13
21
23
23
19
11
6
65534
65532
0
5
11
20
23
23
20
14
6
1
0
65534
0
10
13
23
21
22
18
11
1
65532
65532
65534
8
14
17
23
20
19
14
5
65535
65534
65533
3
10
17
20
25
20
17
8
2
65535
65531
0
7
15
20
22
19
15
10
5
1
65532
65535
3
13
18
25
19
19
14
8
5
65533
1
2
10
17
21
22
19
13
8
5
65535
65533
4
5
12
20
22
26
16
11
4
0
65533
2
5
12
18
20
21
13
12
5
1
65534
65535
4
7
17
18
25
22
17
8
65535
65534
65531
1
5
13
18
21
23
15
15
4
65534
65532
65533
3
11
15
22
23
21
12
10
0
65533
65534
4
9
17
20
20
23
17
10
3
65533
65529
65533
6
11
18
24
21
18
13
9
0
65534
65533
5
7
17
23
22
21
12
6
1
1
65534
2
7
14
22
22
22
17
7
3
65534
65531
65532
2
7
18
23
20
21
14
1
3
65533
65532
2
9
16
18
25
18
16
9
3
65532
65532
65535
9
11
21
22
21
18
14
4
65534
65532
0
4
8
15
23
22
20
14
8
2
0
65531
1
6
15
18
25
23
18
9
2
0
65532
65535
4
10
17
24
22
21
11
7
65533
65534
0
3
9
14
20
22
23
14
10
1
65533
65531
5
6
12
19
26
22
18
9
6
65534
65535
1
3
11
20
24
21
20
13
6
3
65533
65532
5
9
14
24
20
23
17
8
1
65533
65535
2
7
15
18
22
21
17
11
2
65534
65530
0
5
11
18
20
20
20
14
5
2
65535
65533
2
7
13
18
24
18
17
8
3
1
65530
1
6
15
17
22
21
19
13
6
0
65533
1
7
11
17
20
22
19
13
7
65535
65535
65532
0
8
12
24
25
22
17
10
4
65535
0
3
7
13
17
26
21
22
13
5
65534
65534
65532
1
6
16
23
22
18
13
9
1
65531
65534
1
6
12
23
22
22
15
10
0
0
65534
65534
3
10
18
25
21
22
16
7
1
65531
65534
65534
12
16
21
20
22
15
8
4
1
65533
1
8
15
17
23
23
18
8
5
65535
65534
65535
1
10
15
21
22
19
16
9
2
65534
65535
3
8
14
20
23
21
14
9
5
65534
65533
4
4
11
18
24
23
18
12
3
65534
65530
65533
4
9
16
22
23
22
14
8
0
65531
0
65533
6
12
22
22
17
