26
65530
7
17
25
9
9
9
65534
65535
65534
2
18
23
23
17
7
65534
65526
65534
8
20
24
24
15
5
65535
65528
0
4
19
26
26
14
4
65534
65532
65531
9
18
26
24
14
3
65534
65530
65535
9
22
29
24
16
1
65533
65531
0
8
18
25
22
11
4
65530
65533
0
11
22
22
27
15
0
65529
65532
4
11
19
26
21
11
2
65531
65529
65535
15
20
25
23
11
3
65532
65530
2
12
25
27
21
10
2
65527
65533
4
16
20
27
24
11
2
65530
65532
4
17
23
28
19
12
1
65529
65528
3
15
21
25
20
7
65535
65526
65534
4
15
26
26
21
9
0
65531
0
8
22
22
26
20
8
2
65533
65533
8
14
25
26
18
7
65531
65531
65532
11
20
26
24
17
6
65532
65529
65534
9
19
25
24
17
3
65535
65529
65533
6
18
24
22
17
7
65534
65530
2
9
20
24
28
16
6
0
65534
65533
8
19
27
25
17
7
65534
65533
2
13
23
28
25
15
3
65533
65533
0
12
21
24
21
13
2
65530
65532
2
11
22
26
23
13
3
65534
65532
65534
13
22
25
25
17
2
65529
65531
3
14
25
27
23
13
65535
65533
2
2
14
26
28
23
9
65535
65531
65534
4
17
25
25
21
11
65534
65529
65533
2
14
24
25
22
12
0
65529
65533
6
17
27
28
19
11
65532
65533
0
8
17
20
27
21
6
65534
65530
65534
6
17
26
26
17
10
65535
65526
65532
7
20
26
22
16
7
1
65527
65535
12
21
26
29
18
7
65535
65530
65533
8
18
27
25
18
4
65531
65531
65532
7
17
28
27
17
4
65533
65531
0
9
18
23
21
13
4
65531
65531
65534
9
19
25
24
16
4
65531
65532
65535
13
22
28
25
17
2
65533
65530
3
12
27
27
22
16
2
65531
65531
65534
17
22
25
26
9
0
65534
65529
4
18
23
29
23
17
1
65528
65529
7
15
22
27
22
13
0
65534
65533
2
15
26
28
24
12
2
65532
65531
7
18
23
23
17
9
65535
65531
65534
9
17
23
31
17
6
65533
65532
65531
8
17
23
24
20
7
2
65534
65534
8
18
26
26
19
5
65534
65531
0
8
18
24
29
14
10
65533
65533
0
8
18
25
27
15
6
65533
65531
2
12
20
27
22
15
5
65533
65532
65535
10
20
22
22
19
5
65532
65529
1
8
24
23
25
15
1
65533
0
2
13
21
25
20
14
3
65530
65533
2
11
21
25
22
11
65535
65530
65527
5
12
24
27
25
13
65535
65530
65535
65535
15
21
28
21
13
3
65530
65531
3
13
25
24
21
10
65534
65529
65534
6
13
25
29
23
13
65535
65529
65533
4
15
24
29
24
9
65534
65532
65533
5
14
23
29
18
8
65535
65533
65530
3
15
22
26
22
10
65535
65531
65533
6
15
24
25
19
8
65534
65532
65533
10
20
28
28
19
7
3
65531
65531
8
20
23
23
18
4
65533
65529
65534
8
19
27
25
13
1
65530
65529
1
10
19
26
24
18
6
65529
65532
65532
9
17
25
21
15
5
65529
65530
65535
10
25
26
23
19
4
65530
65529
65534
8
20
24
24
12
5
65531
65530
1
11
22
28
23
15
6
65530
65534
4
12
24
27
23
13
1
65529
65535
4
13
23
27
21
11
3
65530
65534
3
14
21
27
23
10
65535
65531
65534
2
15
22
23
17
11
65535
65531
65530
4
16
23
29
21
8
0
65530
65533
6
13
26
27
21
9
1
65532
65531
6
18
24
23
17
9
65534
65532
65533
8
18
26
23
21
10
3
65531
65531
5
18
27
23
21
9
0
65528
65531
9
18
27
25
17
6
65534
65529
65533
8
18
26
26
16
6
65530
65532
65532
9
21
24
25
20
3
65534
65529
1
10
18
24
30
16
7
65535
65527
65534
9
19
26
26
16
4
65533
65530
65532
13
21
27
24
13
6
65531
65531
65535
15
20
27
24
13
2
65531
65531
0
13
22
25
24
14
1
65530
65533
1
11
25
29
23
9
5
65533
65532
4
15
21
25
21
13
1
65530
65533
4
13
25
29
25
12
4
65533
65532
3
16
20
26
21
12
65535
65528
1
4
17
22
23
20
14
1
65530
65532
2
15
25
23
22
10
65533
65529
65533
6
16
26
27
18
11
65535
65534
65534
8
18
20
23
16
7
65532
65529
65533
7
17
25
22
19
8
65533
65531
65534
6
24
25
26
17
10
65533
65530
1
9
20
25
22
17
4
65530
65532
1
8
20
23
23
12
7
65532
65532
65533
10
22
27
22
13
8
65532
65530
2
11
19
23
24
13
7
65529
65528
4
13
22
27
26
16
3
65532
65533
3
12
24
27
22
10
5
65532
65534
65535
11
22
27
21
10
3
65534
65534
2
10
24
27
22
11
1
65530
65533
5
18
26
24
21
9
0
65530
65535
3
15
27
25
24
11
0
65531
65533
2
13
23
26
22
10
65533
65530
65532
7
14
22
26
24
11
65532
65534
65530
3
15
22
26
19
7
0
65531
1
9
17
25
24
21
10
0
65532
65532
10
17
25
27
17
7
65535
65529
1
7
19
20
