92
10
6
10
11
13
13
13
13
12
14
12
7
13
7
5
7
8
10
15
8
12
14
13
10
10
13
11
13
8
5
6
7
5
6
7
7
11
10
15
12
13
14
14
10
10
9
3
2
10
4
9
12
15
11
13
15
15
11
9
11
13
9
6
7
9
9
11
10
10
8
13
12
12
13
14
12
9
7
6
4
6
7
8
6
11
13
14
12
10
11
16
12
10
8
7
7
4
5
5
10
11
16
9
13
15
14
15
10
10
9
7
7
9
6
7
9
10
13
13
14
11
15
12
12
11
10
10
9
5
5
10
6
9
9
12
16
14
14
13
13
11
10
10
9
3
4
6
5
6
10
13
18
14
13
15
9
11
10
9
6
4
8
8
6
10
11
13
15
13
14
14
15
11
10
9
7
4
8
9
7
7
8
11
9
13
15
14
12
13
10
6
9
10
7
6
8
7
10
8
11
13
14
13
13
14
11
9
6
8
7
7
8
9
7
12
9
13
13
14
15
13
13
11
7
7
5
6
7
9
7
10
11
11
13
15
12
14
13
13
7
9
6
8
6
8
9
11
11
14
12
11
13
14
14
14
11
12
5
10
4
9
7
11
12
10
13
11
12
11
9
13
8
7
8
4
4
5
9
9
10
13
13
17
11
13
11
12
11
6
9
8
5
6
7
9
9
12
15
13
11
10
14
13
8
8
9
9
7
2
9
9
9
16
12
14
15
13
11
11
9
10
7
6
6
2
2
6
13
15
16
14
13
13
13
14
10
7
7
5
3
10
4
7
10
8
12
13
13
14
12
11
13
11
8
6
5
5
6
6
7
10
12
12
13
11
12
13
10
10
9
7
1
6
5
8
10
9
8
10
16
15
14
13
16
10
10
11
8
7
7
12
7
8
8
15
14
14
13
15
13
10
12
9
6
4
5
7
4
8
10
12
12
15
14
14
15
13
12
8
6
6
7
7
6
6
9
13
13
13
15
15
18
10
11
9
6
10
3
7
5
9
8
13
16
12
13
12
10
11
10
9
8
7
6
6
5
5
10
8
13
13
14
16
18
10
10
12
10
11
5
8
4
7
6
11
10
13
13
12
15
14
13
8
7
4
6
6
5
10
10
11
12
12
14
14
13
12
12
10
8
10
7
3
5
7
7
7
14
8
12
14
18
11
14
11
10
7
5
5
9
8
7
9
12
10
14
15
14
15
16
11
9
5
7
8
4
7
10
8
14
10
12
16
14
14
12
7
13
8
11
9
6
4
7
11
9
12
11
15
16
16
13
11
10
10
7
5
6
9
9
10
11
14
15
14
12
14
13
12
7
10
9
7
6
6
6
6
12
12
15
14
16
14
13
14
13
12
6
3
8
4
7
11
9
9
11
14
11
12
16
13
8
8
8
9
4
7
7
9
9
10
11
10
18
16
13
12
10
11
10
9
4
6
5
4
9
11
14
8
11
14
15
13
9
11
9
5
7
4
7
4
8
10
9
13
15
16
12
13
12
11
8
7
7
6
6
6
8
10
10
14
13
13
13
15
14
9
7
8
6
7
7
5
11
9
10
13
12
13
15
12
15
9
13
8
6
8
6
9
6
8
13
12
14
12
13
15
13
12
9
13
9
8
5
9
7
7
12
12
10
14
13
14
16
9
7
8
4
4
6
6
9
9
12
10
11
16
17
17
13
16
10
10
8
7
6
5
7
6
11
10
15
13
15
13
13
16
13
10
9
7
5
7
6
9
7
10
16
17
15
16
13
13
13
10
9
9
9
6
7
5
8
7
9
15
15
14
14
13
10
8
6
5
10
6
5
7
7
10
10
11
13
13
12
16
10
7
8
7
3
7
8
10
8
9
10
8
14
14
16
11
11
8
7
7
3
5
9
9
8
12
9
11
10
17
11
10
17
12
12
9
6
4
5
5
11
6
12
11
17
13
18
13
10
14
11
8
7
7
4
8
9
7
7
11
12
15
16
11
15
11
13
14
7
5
10
6
5
7
13
13
12
14
15
13
13
12
11
7
9
6
6
8
11
8
11
11
11
13
15
15
11
16
6
7
7
7
7
7
9
7
8
9
11
10
12
13
16
9
13
6
8
6
7
0
8
5
10
8
13
10
10
17
14
10
9
11
5
7
7
7
8
8
8
10
10
9
12
13
13
14
11
12
6
8
7
7
10
4
8
10
11
11
11
16
15
16
11
11
7
12
4
5
8
8
6
9
10
11
15
10
12
13
14
13
12
6
8
5
5
7
7
6
10
11
15
16
16
12
12
13
9
10
7
8
3
8
6
10
10
13
13
13
12
12
12
14
10
10
5
6
5
7
