23
18
12
5
2
1
1
1
2
7
13
21
25
21
20
16
11
5
65535
1
65534
2
8
12
18
16
21
23
14
11
6
65535
65535
65531
2
2
10
15
21
23
23
18
10
9
2
65533
65534
0
4
7
14
19
22
21
20
16
11
6
4
65532
65533
4
7
10
20
18
22
22
17
14
6
1
65534
65532
2
6
13
12
22
22
20
19
17
7
4
0
1
65531
3
6
14
23
25
26
22
14
14
9
4
0
65535
2
3
12
13
19
20
25
20
12
7
3
2
65534
2
1
11
14
20
24
25
18
14
9
6
65534
65533
65534
1
9
15
17
22
22
19
19
10
8
1
65534
65532
1
4
8
15
20
26
19
15
14
11
5
3
65534
65534
1
11
15
20
23
24
23
13
10
5
5
65533
0
1
8
12
18
19
19
23
20
13
8
5
65535
1
65535
5
9
17
19
23
23
21
15
11
3
65534
65532
65533
65535
8
13
17
25
21
21
18
11
3
3
65535
65535
2
5
11
18
19
19
16
19
15
9
2
0
1
1
1
7
15
21
24
24
23
18
11
4
65532
65533
2
6
6
10
21
19
26
21
21
10
9
1
65534
65535
2
3
12
16
18
21
22
22
16
10
2
65535
65532
1
1
8
13
17
25
25
21
14
13
7
4
2
65535
65535
7
13
18
20
23
22
21
12
8
3
65535
1
0
4
10
14
20
18
21
19
15
12
2
65535
65535
65532
1
7
13
18
23
23
22
15
15
7
1
65535
2
1
4
5
16
17
21
22
18
17
9
1
65535
1
0
5
10
18
19
21
20
19
17
10
10
1
65534
0
65534
7
13
16
21
20
18
18
11
6
3
65535
65534
65534
4
6
13
18
24
25
22
15
9
5
0
65533
65533
2
5
14
20
21
21
21
17
12
5
2
65534
65535
0
7
13
17
19
22
24
21
13
9
65535
65535
65534
65533
65535
11
9
19
20
21
21
14
9
2
2
65534
65534
0
6
13
16
20
19
25
20
9
8
6
65533
65533
3
8
12
18
20
21
22
16
13
6
6
65533
65535
65533
3
2
10
19
19
22
21
16
13
4
65535
65532
0
65533
6
13
15
20
22
24
17
13
5
4
2
65533
65533
4
9
14
17
15
24
20
15
8
4
3
0
65535
2
6
16
19
22
23
19
15
12
3
0
1
65533
0
4
9
14
18
18
21
19
16
9
4
2
65534
65532
7
7
13
19
19
20
21
19
10
6
4
65535
65531
2
8
13
18
21
21
22
20
14
8
3
65533
1
0
6
9
13
20
19
26
21
11
8
2
1
65534
65535
2
7
12
18
21
22
19
19
13
5
65535
65533
65534
2
5
9
16
18
22
21
18
15
8
3
65535
65533
2
2
9
12
22
23
23
18
16
9
4
0
65535
65532
2
6
13
17
19
22
22
17
15
9
4
65535
65535
65535
5
11
17
20
21
23
19
13
8
4
0
65534
65531
4
4
13
19
21
23
21
16
5
4
1
65534
65532
3
6
12
19
21
23
19
13
17
6
1
65534
65535
65532
0
9
15
18
16
25
19
13
10
6
1
65532
65535
3
10
13
18
21
22
20
15
13
7
4
65531
65533
65535
3
9
17
18
23
20
23
15
11
4
65534
65535
65535
4
7
13
21
19
20
18
18
11
4
1
65534
65533
1
6
9
18
21
22
20
17
13
5
1
65535
65535
65534
2
7
16
19
22
19
21
15
10
5
0
65535
65534
0
11
16
15
23
23
22
18
7
6
1
65532
65535
65535
2
8
15
18
23
21
17
14
9
3
2
65532
0
5
10
14
18
20
26
20
13
10
4
3
65532
0
1
6
13
15
24
20
21
14
11
6
65534
0
65532
0
4
9
14
16
26
22
21
12
10
65535
65535
65533
65534
4
6
16
18
21
27
22
14
9
2
2
0
1
1
3
11
14
22
22
24
22
13
2
3
65535
65534
1
4
10
14
19
23
24
16
15
9
5
65535
65531
65533
3
7
11
18
18
22
17
15
14
8
2
65533
65533
4
6
11
14
20
21
19
16
13
6
5
1
65531
3
2
8
14
17
22
21
19
20
11
2
1
65534
65535
2
4
8
16
21
21
20
19
11
5
2
65533
65534
0
3
10
14
18
19
21
20
17
9
2
1
65533
0
4
6
13
15
21
21
19
19
14
8
0
65535
65530
2
4
9
20
20
22
23
15
13
8
3
65534
65535
65534
65534
9
16
20
20
21
22
19
9
2
1
65533
65533
2
7
11
18
20
23
21
18
12
9
3
1
65534
2
4
7
14
23
21
22
16
13
10
4
65535
65534
65535
5
6
16
18
21
24
20
16
10
3
0
65534
65530
2
5
10
14
22
20
18
18
14
4
1
0
65533
1
7
9
16
23
23
26
20
12
9
7
65534
65533
65534
2
6
11
17
18
24
20
19
10
8
3
0
65535
0
3
10
17
21
24
20
18
11
9
1
65535
3
