51
9
9
14
11
14
14
14
11
11
7
8
8
10
8
11
12
10
15
13
15
10
10
11
8
7
10
7
6
9
10
12
12
15
11
9
11
11
6
4
8
8
7
11
8
12
13
15
12
12
9
9
4
5
7
11
8
7
10
12
13
9
7
11
8
7
9
10
8
10
11
12
9
16
11
11
11
7
8
6
7
10
7
11
14
12
13
15
14
10
10
9
12
5
10
9
8
14
16
11
15
10
13
11
9
10
6
7
9
10
8
10
17
13
15
10
9
5
12
8
9
8
11
12
11
14
14
12
15
11
8
9
7
4
6
5
8
15
14
13
15
11
12
10
7
5
9
6
5
8
11
13
12
14
13
11
12
9
6
9
8
6
8
13
9
16
15
13
17
12
9
10
9
7
5
13
9
13
14
17
14
12
11
9
10
8
6
10
7
10
14
14
12
14
17
9
10
8
6
8
8
6
10
16
10
13
14
13
16
11
9
6
9
8
6
11
10
13
14
17
15
11
8
11
7
8
8
9
8
10
11
11
11
10
12
16
11
11
8
8
9
6
11
9
12
11
12
14
11
11
10
8
9
4
9
10
10
12
13
15
15
11
14
8
9
5
8
4
5
11
12
11
11
12
13
11
9
8
11
9
6
5
10
11
12
15
13
13
12
10
9
5
5
5
5
9
10
10
14
16
11
15
11
10
9
9
11
5
5
10
9
11
14
15
13
10
13
8
9
7
5
10
6
10
10
14
12
13
11
10
10
10
10
8
5
9
9
13
13
13
11
13
14
10
10
10
12
10
11
8
10
12
14
14
13
15
11
11
10
5
8
11
10
9
9
9
10
11
17
16
8
10
7
6
9
6
12
11
11
13
11
14
12
8
10
8
11
11
6
10
8
10
14
14
13
12
11
10
9
10
7
4
10
10
11
11
15
15
15
11
12
11
8
5
7
10
10
12
11
11
14
12
13
8
7
9
8
8
10
11
8
10
11
10
19
12
10
10
10
9
9
6
10
10
11
11
15
14
14
18
10
10
8
6
4
7
9
14
12
14
11
14
15
9
7
11
7
5
7
9
12
8
12
13
13
11
13
9
10
9
8
7
10
11
11
14
12
13
13
11
10
11
8
10
4
9
9
11
17
13
14
14
13
13
11
7
8
10
8
9
10
12
15
16
15
16
10
11
10
4
6
5
9
8
8
11
11
17
13
12
11
8
9
6
5
8
9
10
11
12
13
12
14
14
8
10
5
6
6
3
10
11
13
20
14
11
10
6
9
11
6
9
11
10
12
13
13
18
9
14
12
9
10
7
8
10
10
10
13
14
13
11
13
10
9
7
8
4
9
8
10
11
10
9
10
14
9
10
10
11
4
6
5
10
12
14
13
14
14
14
10
11
7
10
5
8
11
15
10
15
15
11
15
11
10
9
9
7
6
6
9
14
13
16
14
16
14
13
9
10
10
8
12
11
11
13
14
15
11
11
13
9
10
8
7
4
9
9
11
13
15
14
11
13
13
9
13
7
4
7
10
10
13
14
15
14
13
11
11
8
6
9
12
10
11
12
11
14
15
14
14
9
9
9
4
8
6
7
10
13
14
18
17
11
15
10
9
9
4
7
6
10
9
14
13
13
15
9
10
7
8
8
5
7
8
15
13
16
15
13
8
10
10
10
7
5
6
13
10
10
16
14
14
12
12
8
10
8
11
8
10
11
10
13
14
15
12
13
10
9
6
6
6
8
11
12
12
13
12
11
10
10
10
10
10
8
9
9
11
12
14
15
15
13
11
11
10
5
7
8
9
9
12
11
14
13
10
9
10
10
7
8
9
4
7
10
12
14
15
13
10
7
10
6
8
6
6
8
9
13
12
15
12
11
12
11
10
6
6
9
4
8
16
11
16
16
15
14
12
10
7
2
9
10
10
13
14
13
15
15
14
10
9
11
8
4
7
9
12
10
11
13
12
15
8
11
8
8
8
9
9
9
12
13
10
11
13
14
11
11
5
9
10
9
10
9
9
15
14
14
12
10
10
8
11
9
10
9
13
13
11
15
13
11
13
11
9
13
8
8
6
12
12
13
13
16
10
14
9
9
8
11
9
10
11
9
11
13
15
12
13
11
12
14
6
7
7
8
10
11
12
14
14
10
13
10
8
6
6
5
8
8
9
9
14
13
10
15
7
10
7
7
9
11
10
10
14
14
14
12
13
13
12
11
11
10
9
8
11
9
8
14
13
13
11
11
10
10
9
13
9
11
11
10
13
13
17
16
10
8
9
10
8
7
11
7
11
11
13
14
13
13
9
7
7
8
5
11
11
14
10
14
15
11
