25
65533
0
9
15
18
18
18
15
1
65530
65533
65535
7
17
23
25
19
17
5
65535
65530
0
7
15
22
24
20
10
4
65530
65529
65534
7
17
21
22
21
13
4
2
65532
65533
6
11
24
25
24
14
4
65534
65531
65531
7
11
20
25
19
14
10
65533
65532
65534
7
12
18
25
21
16
8
65535
65530
65529
3
8
19
24
24
17
6
65535
65531
65534
1
13
22
24
21
16
7
65535
65531
65531
4
9
22
25
23
17
11
2
65529
65534
1
15
16
20
24
18
13
1
65531
65533
3
9
14
24
26
20
14
1
65532
65532
4
8
18
25
22
17
16
65535
65530
65531
2
10
15
19
26
18
10
3
65531
65531
2
9
16
22
22
21
14
6
65533
65531
65535
5
17
22
24
23
13
1
65533
65531
2
5
14
24
26
20
11
4
65534
65531
65533
6
16
25
24
20
11
5
65534
65534
2
5
16
22
24
24
16
3
65535
65530
65535
4
18
22
23
24
15
4
65535
65531
65533
5
18
18
26
25
18
8
65533
65529
65534
4
12
20
26
25
11
7
65535
65532
65534
7
11
21
26
24
17
10
65535
65534
65530
2
13
19
25
24
16
8
1
65530
65534
3
11
20
24
24
15
11
65533
65534
65533
4
10
19
20
24
17
11
2
65530
65532
2
11
21
23
25
21
9
0
1
65534
3
11
19
23
22
17
14
0
65531
65531
4
10
19
24
24
22
13
5
65534
65531
0
11
16
27
24
20
12
2
65532
65532
65533
7
15
21
23
20
12
1
65532
65533
0
7
15
22
23
19
14
6
65529
65533
65535
6
17
23
26
23
16
5
65533
65529
65534
4
16
22
23
23
16
4
65534
65532
65534
5
12
17
24
23
12
8
65531
65530
65534
5
13
17
23
22
14
7
65535
65532
65534
3
12
19
24
21
19
8
65535
65532
65528
4
13
17
26
22
17
8
1
65532
65535
6
10
21
23
24
20
13
0
65531
65535
65534
9
19
26
23
18
12
0
65531
65535
1
8
18
24
24
19
8
2
65533
65533
65535
10
18
28
21
21
12
0
65533
65530
65535
10
18
23
28
22
9
1
0
65533
65535
7
16
24
25
18
13
1
65534
65531
65535
5
18
22
26
20
11
3
65533
65534
65535
7
18
19
26
24
15
3
65535
65532
65534
4
15
22
20
21
18
7
65531
65534
65535
5
17
21
27
20
15
8
2
65531
65534
7
12
21
25
22
19
3
65533
65530
0
4
14
20
27
25
16
6
65534
65531
65534
1
11
21
25
26
17
5
65533
65531
65530
2
8
19
25
24
14
9
3
65535
65533
1
10
19
24
28
15
6
3
65532
65532
2
10
22
24
22
18
10
0
65528
65529
0
8
17
25
23
22
12
4
65533
65533
65535
10
18
23
24
16
8
5
65531
65532
65531
7
16
20
24
17
13
5
65531
65533
2
10
15
20
24
21
12
5
65534
65534
0
5
15
24
23
20
13
9
65534
65530
65532
7
18
20
21
20
17
5
65531
65535
65530
5
14
18
25
20
14
4
65534
65534
65532
4
14
22
22
22
15
12
1
65529
65535
4
15
21
21
22
14
9
65534
65532
65533
3
14
19
23
25
21
9
0
65532
0
2
10
18
26
23
17
8
4
65533
65533
3
9
18
27
25
18
11
65534
65534
65533
2
11
15
25
24
19
11
3
65531
65533
5
12
22
21
24
18
7
3
65531
65533
65534
5
16
25
20
17
10
5
65534
65530
1
8
17
23
25
20
10
4
65533
65532
65533
10
18
21
24
22
11
1
65534
65534
65534
8
12
19
25
21
16
3
65532
65529
65534
7
13
23
22
25
14
4
0
65532
65529
65535
14
20
25
20
14
5
65534
65532
65534
5
11
16
26
21
13
7
0
65531
65530
4
9
18
24
25
19
7
65534
65531
65529
6
13
20
25
18
17
5
65534
65531
65534
0
12
19
23
22
17
11
65535
65530
65531
0
6
18
24
24
19
10
0
65533
65532
4
12
20
23
25
14
12
2
65531
65532
0
7
15
21
25
17
11
65534
65533
65532
2
8
15
24
26
20
12
2
65531
65531
65533
8
15
24
23
20
11
1
65532
65533
65535
9
16
25
25
19
10
6
65531
65531
65534
10
16
23
22
21
13
2
65535
65529
0
7
14
22
25
24
12
8
65534
65528
65534
7
17
23
21
22
14
3
1
65533
65533
5
15
19
23
20
14
6
65534
65533
65535
4
12
18
25
23
17
6
1
65532
65531
6
10
18
23
21
19
7
1
65531
2
7
11
19
26
21
17
6
65534
65532
65531
5
10
20
26
23
17
7
65531
65532
65528
1
10
23
24
21
21
11
2
65535
65532
0
11
18
25
23
20
8
2
65531
65530
65535
6
19
21
25
14
9
5
65532
65531
4
7
18
23
25
18
11
65535
1
65528
65534
11
16
23
22
21
9
4
65531
65535
1
10
16
23
24
22
16
3
65534
65528
65535
4
15
27
23
23
16
6
65533
65533
0
6
13
20
26
18
13
2
65535
65533
65534
6
13
21
22
20
12
4
0
65530
65535
4
13
19
16
