55
16
8
8
9
7
7
7
2
0
6
8
6
6
7
7
4
7
8
7
8
6
7
9
13
10
13
12
11
16
14
13
14
14
15
13
17
13
14
15
12
12
10
8
8
4
9
9
4
3
4
7
4
5
6
3
6
9
4
6
9
9
7
12
10
12
10
13
12
15
16
15
17
13
14
15
13
13
16
15
18
12
10
6
8
7
5
6
4
4
5
2
8
4
3
5
5
6
8
6
7
8
10
11
10
12
11
12
15
13
18
16
15
18
15
19
17
16
11
13
15
13
10
9
9
8
9
6
6
6
7
7
5
5
3
6
7
8
8
8
7
10
7
12
14
13
11
13
17
17
17
16
14
17
17
14
15
12
11
11
12
12
10
9
11
8
8
7
9
9
2
5
5
6
5
3
6
7
7
8
5
9
10
10
11
10
10
10
15
14
15
12
14
15
16
16
14
14
14
14
9
11
10
8
10
9
7
8
2
4
6
2
1
4
4
4
6
6
5
8
8
10
13
8
13
13
13
15
12
15
14
17
14
16
16
18
17
11
14
13
10
10
11
11
9
11
9
11
7
4
8
5
5
10
8
2
5
7
8
7
6
6
6
11
11
14
10
14
14
16
16
14
16
17
16
14
14
13
13
15
16
13
11
11
10
10
6
4
8
4
8
6
7
4
8
7
6
7
5
2
3
5
12
10
9
12
13
8
13
11
14
14
14
17
17
16
14
20
14
14
11
10
11
12
10
12
9
5
8
7
2
2
8
6
8
7
2
6
6
6
9
10
4
10
8
9
13
14
15
11
15
17
15
15
17
15
15
16
13
12
13
10
13
14
9
13
8
5
8
6
5
7
7
4
6
6
2
3
6
2
8
8
10
12
11
8
11
12
15
15
16
16
17
18
18
16
15
14
11
10
11
9
13
12
7
6
13
7
9
9
5
5
5
5
5
5
6
7
9
7
6
10
9
6
7
10
9
15
18
13
14
17
17
16
18
15
18
17
15
15
13
12
13
11
13
8
9
9
6
5
5
7
6
6
4
6
6
8
4
5
6
8
6
7
10
12
11
11
13
14
16
17
17
14
16
15
17
13
14
14
12
14
10
10
10
10
8
10
11
8
3
7
6
3
4
6
4
5
7
8
4
7
7
7
11
11
13
16
16
13
19
13
15
16
17
18
17
14
17
12
16
13
11
11
15
8
8
9
9
9
6
7
6
4
7
3
6
6
5
6
8
9
10
10
10
13
10
12
10
16
16
14
14
15
20
20
14
18
17
14
10
13
11
12
10
13
11
9
8
6
9
4
6
6
6
5
3
4
6
7
4
5
8
10
9
13
14
11
18
11
16
13
13
12
17
16
19
16
13
13
14
13
11
10
11
10
11
10
8
6
8
7
0
6
7
6
3
1
6
6
8
10
9
6
11
13
14
15
13
14
14
15
14
16
15
16
13
16
15
15
17
13
13
14
9
9
7
9
8
5
6
7
1
6
6
4
4
4
5
4
6
2
5
6
10
11
9
13
13
14
16
15
15
14
14
15
17
14
17
17
14
14
9
10
11
9
11
10
9
4
8
5
4
8
6
4
6
4
4
6
4
3
9
2
10
14
10
11
11
17
13
14
15
17
15
13
15
15
14
16
13
14
12
14
11
12
12
11
5
6
6
5
5
6
3
2
6
6
1
3
8
7
8
10
9
6
8
8
14
14
15
14
14
16
17
14
16
11
17
15
14
13
14
13
12
9
6
6
8
7
8
6
9
9
5
4
7
3
5
5
3
7
9
6
5
12
5
8
15
12
14
15
11
15
14
16
14
14
15
13
15
16
12
9
14
10
12
6
10
8
10
7
6
2
3
2
3
7
6
6
7
7
6
9
11
7
12
10
11
14
14
13
17
16
15
16
14
17
16
16
14
13
13
16
15
12
7
10
10
8
6
5
7
6
6
6
6
4
5
8
8
5
7
11
8
11
9
9
15
12
11
13
19
14
13
21
14
17
15
13
14
9
9
12
10
12
9
14
12
8
9
5
7
3
4
7
4
4
8
4
9
8
9
7
10
9
12
13
11
13
12
13
16
17
17
17
18
14
16
18
13
12
14
15
13
10
11
10
10
6
12
7
5
6
4
8
5
4
7
3
4
8
7
10
8
9
10
9
14
13
11
14
14
17
15
12
15
16
15
11
14
14
13
11
9
11
11
9
9
5
6
4
4
7
5
4
4
5
8
5
3
7
9
8
7
7
10
6
15
14
10
15
15
15
13
15
17
15
14
16
14
12
13
10
15
12
10
11
9
6
5
6
4
2
2
1
4
6
5
7
8
6
7
8
