15
12
11
11
5
4
4
4
5
6
1
3
1
6
4
4
5
10
8
9
9
8
11
11
12
15
12
15
17
14
15
16
18
13
14
14
15
11
15
14
8
12
8
9
11
8
8
10
5
8
5
4
5
4
5
9
7
8
8
8
11
9
13
14
13
14
15
13
14
13
12
15
13
17
15
13
14
14
11
11
11
11
9
8
5
4
9
7
8
9
6
4
4
4
6
7
2
9
5
9
10
14
12
14
15
15
14
15
16
15
19
18
15
18
11
15
14
12
13
13
15
8
8
8
7
5
8
5
8
4
3
5
2
8
5
9
10
6
8
16
11
14
15
11
14
19
18
17
17
14
18
17
15
13
17
15
11
15
10
12
12
9
4
6
9
6
5
8
5
8
4
7
7
5
9
8
8
11
9
11
12
13
15
12
18
19
15
19
17
16
16
13
16
15
16
10
11
13
13
8
8
9
5
6
10
6
8
6
3
8
1
5
6
7
9
5
4
11
10
14
13
15
15
15
16
13
16
15
14
15
16
11
14
14
14
11
14
9
12
9
4
6
8
7
5
6
7
5
4
6
1
8
5
6
10
4
4
9
6
11
15
18
17
15
17
15
14
18
14
13
17
14
16
15
16
9
12
12
12
9
9
8
6
9
6
5
5
7
7
7
6
9
7
10
11
7
10
12
13
11
11
14
14
12
14
15
15
15
16
17
17
12
15
16
12
12
11
12
8
9
9
6
7
5
6
5
4
0
4
4
2
9
5
5
7
10
9
9
8
11
12
17
13
17
14
17
15
15
13
14
17
17
16
15
10
13
13
16
8
8
7
9
6
7
1
5
3
6
4
5
7
8
6
10
8
10
11
11
10
11
14
16
18
20
18
17
16
15
18
14
12
13
15
11
10
10
11
9
9
6
5
6
8
4
3
2
7
6
5
5
6
4
6
10
10
7
9
12
7
13
14
15
17
13
14
16
16
12
17
15
12
12
14
15
13
9
10
10
10
9
9
7
4
3
4
4
2
2
6
6
6
4
7
13
8
6
11
11
10
15
18
11
18
16
16
14
13
17
17
12
16
15
12
12
11
11
11
7
8
7
9
6
6
4
5
5
3
7
4
6
9
9
8
10
6
9
14
12
9
14
15
18
15
18
18
15
17
16
12
12
14
14
12
13
9
10
10
11
8
7
10
5
5
5
4
7
6
4
4
8
6
9
8
11
8
13
13
14
12
16
17
20
16
13
16
14
16
17
17
14
13
11
11
12
11
12
9
8
8
7
5
6
7
8
1
5
5
6
5
5
7
4
8
8
10
10
14
12
12
10
15
13
16
15
17
19
17
13
15
17
11
11
13
9
10
5
9
7
8
9
5
6
4
3
5
7
6
9
9
8
9
7
10
13
11
9
13
13
13
17
14
12
12
17
16
16
13
10
17
15
13
14
12
9
11
9
9
5
6
5
6
6
5
5
5
7
5
5
8
11
7
10
8
10
7
10
14
14
16
14
12
13
14
12
17
17
15
12
14
14
16
10
11
12
9
6
7
7
5
4
3
9
7
1
8
6
7
10
8
7
9
10
7
10
14
10
14
16
17
16
14
18
15
14
16
15
16
14
14
13
11
12
12
11
7
4
7
10
4
3
8
5
7
6
6
4
2
4
11
9
9
10
8
13
10
8
14
15
17
16
15
18
16
11
12
15
12
16
12
15
8
13
11
7
12
6
6
7
9
7
6
5
3
4
6
6
8
6
7
12
10
11
12
10
12
12
16
15
13
14
17
17
17
17
14
14
13
15
12
13
14
9
13
7
7
8
9
6
6
5
4
4
5
10
5
5
8
6
6
8
8
10
10
12
12
13
15
17
12
15
15
14
16
14
11
16
11
11
14
11
11
11
10
6
5
6
9
4
6
5
2
4
4
4
7
6
5
7
6
7
10
11
12
13
15
18
14
18
14
15
18
15
13
15
15
13
17
14
14
12
10
7
13
9
10
6
8
7
5
3
8
5
4
5
9
6
8
10
8
8
12
12
13
11
13
13
17
17
16
14
16
14
19
14
12
15
13
14
9
12
9
11
8
9
9
5
2
5
5
6
1
6
5
5
9
7
5
7
11
9
11
12
10
15
15
15
18
16
15
15
20
16
15
17
9
12
14
12
11
10
11
10
10
7
7
5
5
5
3
6
4
4
6
6
6
13
11
8
10
9
10
13
10
12
13
12
15
11
16
15
15
18
14
14
10
10
11
15
11
9
6
12
5
5
7
5
5
2
7
1
7
8
6
3
8
8
8
8
10
12
11
14
15
14
17
14
17
18
15
14
18
17
16
11
