60
1
2
65535
2
6
6
6
4
6
10
18
15
22
21
21
20
23
20
21
19
17
12
9
7
5
7
2
6
65535
65535
1
1
3
7
6
12
10
16
22
20
21
19
23
20
19
19
14
14
11
8
3
1
65534
1
65535
65535
0
2
2
8
8
9
11
13
12
19
22
19
18
17
20
12
14
10
9
6
3
2
3
65534
2
2
5
2
3
2
8
8
13
12
16
15
20
18
19
21
19
18
15
14
10
8
8
4
4
3
3
2
65534
65532
1
4
7
7
9
17
18
18
18
17
23
20
19
18
17
14
12
8
7
6
4
0
2
1
65535
2
0
3
5
6
8
10
13
14
18
20
23
19
23
18
16
12
12
12
12
6
4
0
1
1
65535
1
65535
3
6
7
8
10
10
14
17
19
20
21
19
20
21
17
15
13
11
9
8
7
4
65534
65534
0
1
4
3
4
7
11
13
14
15
16
22
19
19
20
19
17
13
13
12
5
6
5
3
1
0
65535
1
65535
2
6
5
4
10
13
13
13
21
18
21
24
24
17
17
16
15
11
7
5
2
2
1
2
1
0
1
4
3
7
13
12
13
18
22
19
21
22
18
19
18
14
10
12
12
4
0
3
65535
65531
0
1
65535
0
5
5
11
14
13
15
16
21
19
21
22
20
17
18
14
10
8
2
5
6
4
6
2
65532
65534
5
4
6
10
12
13
15
17
17
20
21
22
18
17
18
15
13
13
10
6
5
1
65535
2
65535
65535
65535
65535
1
6
8
11
17
19
19
23
20
20
21
18
18
16
14
11
10
9
3
1
2
3
65535
1
2
4
5
4
4
11
14
19
17
20
19
22
20
19
19
16
15
14
11
11
3
3
0
65535
2
65533
65535
3
2
4
11
8
12
13
17
17
19
23
21
20
15
17
17
16
11
8
5
4
65535
65535
3
65535
65535
0
3
4
7
9
13
14
13
17
19
21
19
18
22
16
17
15
16
10
9
6
4
2
0
65535
65534
65535
65535
1
8
9
11
13
15
17
18
22
21
20
23
21
20
15
10
14
10
7
5
4
1
65535
0
1
65535
4
5
8
8
12
14
14
19
18
20
20
18
21
17
16
13
13
10
7
4
1
0
2
3
65535
3
65535
3
4
6
12
12
12
13
19
18
24
21
22
20
17
13
12
7
7
4
3
1
65534
65534
65532
65531
65535
3
4
3
6
11
12
16
17
19
20
18
21
23
20
15
14
11
9
6
6
3
0
65534
65535
0
3
1
2
6
6
10
11
17
14
17
21
22
20
22
21
18
17
11
9
7
4
3
0
0
1
65534
0
65535
3
5
6
7
15
15
17
16
19
18
20
20
18
19
13
14
11
8
3
6
2
3
1
65533
1
2
1
1
3
9
11
14
17
21
20
23
20
20
22
21
17
13
11
10
8
3
2
0
65534
65535
65531
65535
2
2
4
6
12
11
13
19
18
21
23
20
21
18
16
14
12
11
7
11
4
65534
65531
65533
65534
0
2
65535
4
2
9
9
14
18
18
22
21
22
24
20
13
20
16
11
10
7
3
0
2
1
65535
65535
65534
3
3
7
6
8
13
14
17
20
19
19
19
19
17
17
15
10
9
6
5
4
2
1
65532
0
65535
2
2
5
8
11
12
15
17
18
16
21
20
20
19
20
15
16
12
4
7
16
17
20
15
20
20
20
17
3
7
9
12
16
18
20
21
19
21
18
21
20
17
14
12
9
8
7
2
3
65535
1
1
6
0
2
7
7
8
14
16
20
18
20
20
21
19
19
20
17
18
12
7
7
4
2
0
65534
65535
1
0
0
5
7
8
9
13
14
19
20
16
20
24
20
19
15
18
10
10
7
7
4
1
65533
65534
2
1
0
3
5
9
9
13
14
19
17
22
23
22
21
18
18
15
17
11
8
3
5
3
65534
65534
1
65534
65535
2
6
5
8
10
13
18
17
22
19
21
22
17
18
16
12
12
10
10
5
1
2
65534
65535
65534
1
65535
3
7
7
11
12
10
16
17
20
21
21
20
21
17
14
14
9
6
3
2
65535
0
65531
0
1
1
2
4
7
10
10
14
14
17
17
19
22
19
18
16
13
13
10
8
3
7
3
3
65535
65531
65535
65533
2
2
5
6
10
17
16
17
18
20
26
23
19
18
21
15
13
10
8
6
3
1
2
65535
65532
65530
1
4
5
8
11
13
12
19
20
21
18
21
21
19
18
18
15
15
9
6
2
2
65534
65533
65534
2
65531
65535
1
6
5
12
12
14
17
22
20
19
19
20
17
15
15
13
10
9
4
3
65535
65533
65534
65530
65532
1
1
4
10
11
12
14
15
19
21
20
24
20
18
19
17
10
13
7
7
2
65534
65535
65534
65535
3
65533
2
6
6
9
14
11
15
19
21
22
20
24
18
17
