20
9
1
3
1
2
2
2
65530
1
7
7
9
10
14
15
15
18
17
21
22
21
19
18
15
11
12
7
11
3
1
4
65535
65535
0
2
2
5
10
8
14
14
12
17
17
22
21
19
17
18
16
16
11
10
10
4
2
4
1
65535
65534
1
65534
3
4
6
10
10
15
17
18
18
19
21
22
21
18
18
14
10
10
8
3
5
3
1
65532
65535
5
4
3
5
11
10
14
15
11
18
20
20
24
20
19
20
18
16
14
10
9
6
5
2
2
65535
4
1
1
4
6
7
10
14
11
17
19
22
21
22
21
20
18
18
13
14
11
7
8
6
2
1
65535
65534
65534
4
5
6
13
12
15
14
19
19
17
23
21
21
16
19
14
13
12
9
7
1
65535
65535
65535
0
2
65534
2
4
5
6
10
13
15
17
21
19
21
19
21
22
21
20
15
9
11
7
3
3
65535
65534
65533
65533
1
3
2
7
11
13
16
13
19
21
21
24
22
23
17
19
15
10
12
6
4
4
1
1
2
65531
0
1
5
5
6
9
14
13
17
18
18
20
17
19
19
21
18
16
15
11
6
5
5
3
0
2
1
65533
5
3
5
8
10
17
10
14
19
20
21
23
20
18
20
18
15
15
10
3
7
2
65534
1
65535
4
0
2
5
7
10
11
11
17
21
19
18
23
21
19
22
17
16
12
9
7
3
5
2
65535
0
1
65534
0
3
6
8
11
8
17
15
19
20
21
22
17
17
12
18
14
14
16
10
7
4
4
0
0
65535
5
1
4
65535
6
8
12
14
17
17
21
21
20
20
21
17
18
18
13
11
9
6
7
65535
4
1
1
65535
1
1
6
7
8
11
16
20
21
21
22
18
20
19
21
14
20
9
11
7
5
5
0
65535
3
4
2
2
0
6
5
11
12
12
17
17
18
22
24
21
21
16
14
17
13
9
6
4
65535
65535
65535
65533
0
0
5
2
6
8
4
12
17
20
20
21
22
20
23
20
19
13
12
11
8
7
3
2
0
1
1
3
65535
2
3
3
8
9
12
13
20
16
19
18
20
20
21
19
17
11
7
9
6
2
4
65534
65535
65534
5
1
6
6
3
10
11
12
16
19
20
22
21
20
21
21
19
17
10
11
9
4
2
1
2
65535
65535
1
4
2
7
9
10
11
15
16
21
22
18
20
18
19
16
19
15
17
11
10
9
65535
2
1
2
1
65534
2
5
4
10
12
11
16
18
18
21
18
25
22
17
19
14
18
18
9
8
5
1
2
0
3
2
2
4
5
3
8
14
13
15
19
20
20
19
22
21
23
21
15
14
13
6
7
4
0
0
65535
65535
2
3
4
4
6
12
11
15
16
21
20
22
18
23
20
23
23
17
15
9
6
6
5
4
2
1
0
2
1
2
1
9
9
10
12
18
17
24
21
22
19
20
17
14
15
14
9
11
6
6
1
0
65535
0
65533
65535
5
6
8
9
12
12
16
19
22
22
23
22
20
19
19
17
11
13
9
3
4
3
65532
65534
1
2
2
4
4
9
11
14
17
16
19
21
22
20
19
21
20
14
16
10
10
7
5
4
1
65535
0
65535
0
3
3
5
10
10
14
17
19
19
21
21
21
19
17
17
16
14
13
10
9
5
2
2
65534
1
1
65534
1
3
9
8
12
17
15
20
18
21
18
19
21
15
15
12
12
9
8
5
4
5
65534
65534
65535
65535
0
3
7
6
9
12
15
16
17
21
23
19
22
21
18
17
16
12
11
9
6
2
2
2
65535
65534
2
1
3
7
10
13
15
18
16
21
17
19
19
20
16
21
15
18
10
7
6
4
5
65535
65534
65533
65534
65532
3
3
5
13
12
12
13
15
22
24
22
23
22
19
17
19
13
14
10
5
5
0
2
0
2
65533
2
4
4
7
7
11
14
16
17
21
17
19
21
17
22
18
15
13
10
7
7
8
3
2
2
65533
65535
65535
2
1
7
11
12
15
14
19
19
20
21
20
22
21
17
14
14
11
8
7
2
4
1
2
65533
1
3
1
2
6
9
12
15
16
20
19
24
16
23
17
22
16
11
14
12
8
5
2
3
65534
1
2
1
5
3
5
11
11
14
16
15
17
17
19
24
20
21
19
15
15
9
8
3
4
0
4
3
65531
65534
65534
0
4
8
8
11
13
9
20
18
22
21
23
20
22
16
17
13
14
8
7
6
3
65534
0
65533
65534
0
65535
3
6
6
8
13
15
20
18
22
23
18
19
21
19
16
10
14
11
5
3
5
65535
2
65532
65534
3
0
6
65535
14
9
15
15
17
18
18
17
21
20
18
16
11
14
10
6
6
3
3
65535
65533
65535
2
3
2
6
5
10
15
14
17
17
20
24
24
19
19
20
17
14
11
6
8
5
2
65535
2
