96
16349
16352
16348
16346
16344
16344
16344
16347
16347
16347
16349
16350
16352
16356
16364
16362
16369
16370
16376
16383
3
5
13
21
23
27
32
36
43
47
49
50
55
54
55
60
58
61
62
64
58
58
57
57
49
46
44
39
34
30
31
22
20
13
7
3
16382
16378
16376
16369
16365
16357
16357
16353
16351
16350
16350
16346
16344
16344
16346
16342
16346
16346
16349
16353
16355
16353
16361
16361
16367
16372
16377
16380
1
6
9
14
22
23
29
35
37
40
45
49
53
59
55
57
59
59
61
59
59
58
55
55
53
46
44
41
38
34
29
22
21
12
14
6
0
16381
16373
16373
16362
16362
16360
16352
16352
16350
16347
16347
16344
16342
16344
16347
16347
16348
16349
16350
16356
16353
16359
16362
16366
16369
16371
16381
4
5
9
19
22
25
30
31
38
40
48
50
51
51
56
57
62
62
59
60
59
57
57
56
52
52
47
39
38
34
31
25
19
19
9
7
3
16383
16378
16373
16365
16366
16362
16353
16354
16354
16354
16347
16349
16346
16344
16341
16345
16346
16347
16353
16354
16353
16355
16357
16365
16366
16372
16372
0
0
3
10
15
22
26
31
34
38
42
43
49
50
55
56
56
57
59
59
59
60
59
55
53
54
49
39
42
33
31
30
25
20
17
12
8
2
16381
16378
16374
16370
16361
16360
16356
16356
16352
16349
16346
16346
16344
16347
16346
16345
16347
16345
16351
16350
16354
16358
16361
16366
16367
16371
16377
0
3
9
15
18
22
31
31
38
44
46
46
52
50
55
56
57
61
8
14
11
11
13
11
11
8
46
42
38
38
33
27
23
21
14
6
6
16382
16379
16373
16367
16367
16360
16361
16355
16351
16348
16348
16346
16347
16347
16340
16344
16346
16348
16350
16352
16358
16357
16356
16367
16368
16371
16376
16376
1
6
11
17
21
28
30
33
39
40
46
50
53
53
55
59
63
58
56
58
57
59
57
56
54
47
46
43
41
38
30
26
21
13
11
6
4
0
16376
16369
16364
16364
16360
16356
16353
16354
16349
16345
16344
16342
16347
16348
16344
16344
16346
16347
16352
16352
16363
16362
16364
16367
16372
16376
1
5
6
14
16
21
26
36
37
39
44
46
52
53
54
56
63
65
63
62
61
58
57
57
57
48
48
44
42
35
33
28
20
17
12
7
2
3
16379
16372
16367
16363
16358
16355
16354
16351
16348
16350
16343
16345
16345
16346
16340
16346
16346
16344
16350
16352
16357
16358
16364
16365
16373
16376
16380
1
8
11
16
22
27
29
34
41
41
49
49
52
56
54
57
57
62
59
61
62
57
57
52
52
48
45
43
38
34
32
25
21
13
9
8
4
16378
16376
16371
16368
16362
16361
16358
16355
16351
16346
16345
16345
16346
16344
16345
16349
16345
16345
16347
16354
16355
16355
16363
16362
16371
16377
16376
1
5
11
10
16
23
29
34
36
37
45
45
50
54
55
63
58
59
58
61
59
58
58
58
58
49
47
47
39
38
35
27
22
16
17
10
6
1
16377
16373
16368
16366
16362
16362
16357
16351
16349
16352
16348
16345
16344
16347
16346
16346
16347
16349
16348
16354
16355
16360
16360
16367
16366
16378
16382
16383
9
7
13
18
24
29
36
40
39
42
48
51
57
60
57
58
62
61
59
55
61
56
53
49
53
46
42
37
33
30
25
20
18
13
10
4
1
16376
16374
16370
16367
16362
16357
16352
16351
16351
16347
16344
16342
16347
16346
16347
16344
16348
16350
16351
16356
16359
16360
16363
16368
16371
16378
16381
16383
6
10
16
23
27
32
34
42
43
46
51
53
53
55
58
63
59
58
62
58
58
58
55
54
49
44
43
38
36
29
25
21
18
10
4
16383
16378
16375
16375
16369
16363
16361
16355
16351
16354
16351
16346
16344
16345
16345
16346
16347
16346
16349
16349
16355
16353
16356
16360
16365
16371
16374
16380
1
5
12
16
22
23
28
31
39
41
42
50
52
55
57
57
61
60
60
60
61
60
56
52
52
51
45
45
37
29
34
28
24
20
13
7
6
16382
16379
16377
16368
16363
16363
16360
16355
16349
16347
16347
16345
16347
16341
16345
16346
16344
16345
16347
16352
16356
16353
16359
16364
16368
16371
16377
16379
16379
4
12
16
23
26
30
35
37
42
46
53
55
54
56
60
61
60
64
61
59
58
54
54
52
50
46
42
38
34
29
23
22
13
10
6
1
16378
16373
16372
16367
16362
16360
16354
16353
16351
16349
16346
16347
16341
16342
16346
16344
16345
16345
16351
16353
16357
16361
16364
16367
16369
16373
16376
0
4
7
17
21
25
29
33
37
43
43
52
53
55
54
59
59
60
61
63
59
61
57
58
53
51
43
43
42
32
30
23
17
16
10
6
1
16377
16376
16369
16366
16363
16360
16356
16351
16349
16347
16349
16342
16344
16341
16340
16346
16345
16349
16351
16348
16356
16358
16360
16365
16369
16374
16379
16381
3
6
14
17
25
28
31
38
38
46
48
54
58
56
58
59
57
61
61
60
57
60
59
49
50
46
45
43
33
31
29
25
15
11
7
1
16380
16376
16374
16366
16363
16359
16356
16353
16350
16348
16348
16346
16344
16344
16342
16344
16347
16347
16351
16351
16351
16356
16360
16362
16370
16374
16378
16383
16383
6
14
18
21
27
31
36
40
43
47
55
54
60
55
59
61
57
61
60
59
57
54
54
46
49
43
42
35
31
30
22
18
14
7
16377
