24
16354
16303
16297
16341
113
113
113
89
21
16334
16296
16308
16357
43
100
114
73
5
16319
16290
16312
16370
63
110
106
56
16366
16306
16290
16326
10
77
114
97
38
16352
16299
16294
16342
30
92
114
82
21
16332
16293
16303
16359
46
99
111
70
0
16319
16294
16317
16375
64
107
104
51
16364
16306
16290
16330
11
85
113
96
36
16346
16294
16298
16349
34
96
112
80
13
16330
16295
16305
16363
52
105
110
64
16375
16317
16290
16319
16381
70
107
97
47
16354
16303
16294
16332
19
87
114
91
28
16339
16294
16299
16353
39
101
117
79
11
16327
16293
16311
16369
58
106
107
62
16375
16317
16294
16322
3
72
113
98
39
16354
16302
16295
16342
25
89
113
84
23
16336
16292
16300
16353
43
102
114
72
4
16317
16290
16312
16374
62
109
107
55
16368
16308
16294
16323
8
80
112
95
36
16350
16302
16300
16340
33
89
115
86
17
16335
16292
16304
16358
47
102
109
71
16383
16316
16291
16315
16375
66
109
108
53
16366
16307
16292
16323
12
77
115
95
38
16345
16298
16299
16345
27
92
113
83
18
16332
16292
16307
16360
52
103
109
68
16380
16316
16286
16317
16380
68
114
102
48
16362
16301
16294
16329
14
85
114
94
31
16346
16296
16299
16348
33
95
112
79
13
16327
16293
16309
16362
50
101
108
66
16377
16312
16291
16322
16382
69
111
105
46
16357
16302
16293
16328
20
87
113
93
30
16339
16294
16296
16351
38
96
113
77
11
16326
16293
16308
16369
57
103
110
59
16374
16310
16288
16326
4
72
111
98
45
16354
16300
16295
16336
23
87
113
93
25
16337
16297
16301
16351
41
98
114
73
7
16322
16293
16308
16371
56
107
106
56
16372
16309
16296
16328
9
74
112
96
40
16355
16302
16296
16341
25
90
114
81
21
16331
16291
16300
16360
46
104
114
70
3
16318
16289
16314
16374
65
108
104
54
16368
16310
16293
16327
11
79
112
93
35
16350
16296
16299
16345
35
92
112
81
16
16331
16291
16303
16361
53
104
110
69
16382
16317
16286
16317
16378
67
109
102
51
16361
16306
16293
16330
18
81
115
90
33
16345
16298
16301
16346
36
98
111
77
11
16327
16292
16310
16364
55
104
109
65
16372
16313
16290
16318
2
73
111
102
44
16354
16303
16290
16330
22
89
113
88
25
16339
16297
16300
16357
43
98
109
76
8
16325
16291
16312
16369
59
105
107
51
16370
16313
16291
16325
9
77
113
98
37
16349
16301
16294
16342
27
89
113
90
21
16331
16291
16305
16357
45
100
109
65
16379
16319
16292
16315
16379
65
107
103
54
16363
16306
16298
16330
14
83
113
93
33
16342
16301
16300
16347
36
93
116
80
11
16324
16291
16308
16365
56
109
112
64
16377
16316
16290
16319
2
72
112
103
46
16357
16307
16297
16335
21
83
110
86
25
16337
16296
16306
16352
42
97
114
72
6
16322
16290
16311
16367
55
109
109
57
16369
16310
16290
16323
6
78
113
94
37
16349
16300
16294
16339
26
86
109
82
20
16335
16297
16304
16355
44
103
107
68
1
16318
16292
16312
16377
67
111
109
52
16366
16308
16293
16326
13
83
113
97
35
16344
16295
16297
16345
30
92
110
80
14
16331
16293
16306
16365
51
103
107
65
16381
16314
16293
16317
16382
69
108
98
48
16359
16303
16291
16330
18
88
114
91
29
16345
16296
16297
16347
37
95
113
78
12
16327
16290
16307
16365
54
103
109
63
16377
16315
16294
16322
16383
75
111
98
45
16355
16301
16296
16337
21
88
114
90
23
16334
16295
16301
16352
41
101
115
77
4
16325
16289
16306
16375
54
105
102
62
16372
16311
16293
16323
7
72
113
99
38
16351
16302
16298
16339
27
88
116
85
21
16338
16294
16301
16361
46
101
113
73
4
16321
16292
16316
16372
64
108
108
56
16369
16308
16294
16321
8
79
110
98
37
16349
16300
16298
16344
31
91
109
82
17
16332
16293
16306
16358
47
101
110
71
0
16315
16291
16312
16377
65
112
104
54
16361
16304
16291
16326
15
79
114
95
33
16343
16299
16300
16343
31
97
113
77
17
16331
16294
16308
16365
51
105
112
65
16375
16315
16289
16316
16381
73
110
105
47
16360
16303
16296
16334
18
85
112
93
31
16344
16298
16299
16352
38
95
110
76
9
16323
16297
16310
16367
57
105
107
60
16373
16313
16291
16323
1
71
115
100
44
16355
16298
16295
16337
23
85
116
89
25
16339
16297
16298
16355
42
98
113
71
6
16318
16292
16311
16374
59
107
107
58
16372
16313
16294
16327
11
73
112
98
40
16347
16300
16296
16344
29
90
112
87
22
16334
16292
16305
16358
46
101
114
70
16383
16318
16289
16314
16376
66
105
105
53
16367
16307
16294
16330
14
81
110
94
36
16348
16300
16298
16344
32
93
114
81
14
16329
16289
16305
16361
54
103
110
63
16382
16316
16289
16319
16382
68
109
102
45
16360
16303
16296
16335
20
84
116
85
26
16341
16296
16302
16351
43
93
111
74
6
16323
16294
16309
16367
58
107
107
60
16373
16311
16289
16325
5
73
111
100
42
16353
16298
16295
16337
26
88
116
87
21
16337
16291
16301
16356
46
101
109
74
1
16319
16293
16316
16374
60
108
103
54
16369
16305
16290
16327
17
82
117
93
32
16346
16295
16294
16342
30
93
116
83
15
16329
16294
16303
16363
53
105
109
66
16377
16313
16293
16318
2
68
108
103
48
16357
16302
16295
16334
22
88
117
90
32
16298
