99
15
16374
16351
16332
16321
16321
16321
16333
16354
16373
20
41
67
80
85
88
82
63
43
13
16376
16347
16333
16321
16312
16321
16330
16349
16374
17
42
64
78
87
82
79
63
44
17
16377
16353
16330
16319
16319
16324
16333
16350
16376
17
42
63
78
85
88
78
65
42
21
16378
16353
16336
16324
16316
16322
16333
16348
16376
13
42
64
77
89
86
80
61
43
18
16375
16354
16334
16323
16320
16318
16331
16353
16374
15
40
64
75
89
83
82
66
45
16
16379
16354
16336
16321
16315
16318
16330
16347
16371
11
38
62
76
81
91
79
63
45
23
16377
16354
16335
16322
16315
16321
16328
16349
16373
14
37
57
75
88
89
84
66
47
22
16379
16357
16337
16325
16318
16320
16331
16347
16370
10
35
57
72
83
90
84
67
48
24
16377
16359
16341
16323
16317
16318
16325
16347
16369
13
35
59
78
88
87
83
66
47
26
2
16361
16341
16324
16314
16319
16330
16345
16362
8
33
55
74
85
89
84
70
48
28
1
16361
16341
16327
16315
16318
16323
16345
16363
3
32
53
70
85
88
85
69
52
30
1
16362
16343
16326
16320
16317
16322
16340
16365
1
28
54
67
82
88
83
71
55
30
3
16362
16344
16326
16318
16318
16323
16337
16358
0
24
49
70
81
88
83
78
58
38
11
16370
16346
16331
16321
16313
16323
16337
16358
16377
23
45
66
78
88
83
74
59
35
14
16371
16349
16331
16319
16317
16318
16338
16356
16379
23
46
62
79
91
81
76
61
39
14
16367
16350
16334
16317
16318
16322
16335
16354
16377
19
43
65
80
88
86
76
63
42
17
16374
16351
16334
16317
16314
16320
16333
16354
16375
19
44
65
81
89
89
78
62
42
16
16375
16353
16335
16319
16320
16319
16335
16351
16375
17
40
61
80
84
88
78
67
39
18
16374
16352
16333
16324
16317
16322
16333
16351
16370
13
39
59
80
86
83
83
63
43
21
16382
16356
16338
16322
16317
16318
16328
16349
16370
11
37
59
76
87
89
82
70
44
17
16381
16356
16338
16323
16317
16319
16330
16347
16372
12
36
58
74
85
87
81
65
46
22
16382
16358
16338
16323
16314
16320
16329
16347
16369
10
37
57
76
85
87
80
66
49
23
16382
16356
16331
16323
16317
16318
16326
16348
16369
8
34
55
73
84
89
83
64
45
23
16379
16358
16341
16324
16318
16317
16327
16343
16366
7
36
55
71
81
87
82
65
51
24
16382
16361
16337
16320
16316
16317
16331
16344
16366
9
30
56
74
82
89
82
70
51
29
2
16363
16342
16323
16319
16317
16324
16341
16363
7
29
53
72
83
91
84
72
54
27
4
16362
16342
16328
16317
16317
16326
16339
16365
8
30
53
72
81
87
86
73
54
30
1
16362
16340
16325
16319
16318
16327
16343
16362
4
31
55
73
85
91
84
72
57
28
5
16367
16343
16325
16313
16318
16324
16340
16360
0
27
51
70
83
89
82
77
54
32
7
16367
16344
16327
16319
16317
16326
16340
16362
16383
29
51
70
84
89
86
76
55
33
6
16367
16345
16328
16315
16321
16324
16337
16360
0
22
51
70
83
86
84
72
56
35
4
16368
16346
16329
16318
16319
16324
16338
16357
0
26
45
70
79
88
86
75
56
35
10
16373
16348
16331
16318
16317
16322
16336
16361
16383
19
45
68
83
86
86
74
59
39
11
16368
16347
16333
16322
16315
16323
16334
16353
16382
24
45
66
81
90
90
75
61
35
18
16372
16348
16334
16319
16316
16321
16335
16352
16379
25
49
63
81
86
89
79
60
37
15
16371
16348
16329
16322
16314
16320
16333
16350
16377
18
44
65
78
87
88
80
61
40
17
16376
16349
16332
16319
16315
16323
16333
16353
16376
20
40
67
80
85
89
80
66
41
19
16374
16353
16331
16322
16315
16321
16331
16349
16376
16
41
60
75
87
87
85
63
45
17
16376
16354
16335
16324
16315
16323
16332
16350
16374
12
39
61
75
88
83
77
61
42
25
16378
16356
16334
16318
16313
16319
16329
16348
16370
15
41
59
76
87
91
83
67
45
21
16377
16355
16336
16325
16319
16322
16328
16349
16370
9
36
58
77
87
89
85
73
46
21
16379
16356
16340
16322
16316
16320
16329
16344
16371
9
34
59
74
86
88
77
67
48
24
16383
16358
16338
16326
16318
16318
16327
16344
16367
9
35
54
72
87
88
82
67
49
28
16382
16361
16340
16324
16317
16315
16328
16341
16363
5
27
52
72
86
83
85
69
50
29
3
16363
16340
16328
16318
16315
16325
16339
16364
6
30
52
72
83
87
79
72
52
34
4
16365
16345
16327
16316
16321
16323
16341
16362
3
27
51
70
83
86
82
71
55
30
4
16366
16347
16324
16314
16316
16327
16339
16362
1
25
51
72
84
86
82
76
50
33
5
16364
16347
16327
16318
16315
16326
16339
16361
1
23
49
68
82
82
85
73
55
34
8
16368
16346
16330
16320
16319
16324
16340
16357
16379
24
48
68
86
86
86
75
58
35
8
16365
16346
16329
16317
16314
16328
16335
16360
16382
21
49
67
84
87
87
77
58
39
10
16368
16350
16330
16321
16318
16323
16335
16356
16381
25
48
65
83
85
82
75
57
37
8
16371
16350
16329
16321
16317
16322
16337
16358
16379
20
43
67
83
88
85
75
60
40
12
16369
16350
16330
16320
16313
16317
16337
16351
16373
19
43
63
80
87
89
73
62
38
11
16371
16351
16333
16321
16317
16322
16334
16354
16375
21
44
76
