60
16361
16335
16322
16316
16373
16373
16373
22
51
77
85
90
78
56
30
16377
16349
16329
16318
16320
16333
16358
7
41
63
82
90
85
64
36
6
16358
16335
16319
16319
16326
16347
16374
22
53
77
89
90
74
54
20
16370
16346
16323
16317
16319
16338
16362
9
40
67
85
92
82
66
38
5
16357
16335
16318
16315
16325
16347
16378
26
59
79
86
86
73
52
17
16371
16344
16327
16315
16316
16336
16366
14
41
68
84
89
82
63
37
2
16359
16333
16318
16317
16325
16350
16381
23
55
75
90
89
70
47
18
16370
16343
16324
16314
16322
16339
16362
14
48
68
86
89
79
58
28
16381
16354
16331
16320
16319
16329
16348
16378
31
59
78
90
84
72
44
18
16368
16339
16322
16317
16323
16337
16370
15
47
71
84
92
82
56
30
16377
16350
16331
16314
16321
16332
16351
3
33
60
82
89
89
72
43
14
16363
16339
16319
16315
16320
16343
16372
17
49
73
88
89
76
54
29
16379
16350
16328
16313
16318
16330
16355
1
33
62
82
91
84
68
42
12
16362
16334
16322
16314
16324
16348
16371
18
46
75
88
91
75
54
25
16376
16349
16326
16318
16321
16336
16361
7
37
63
81
93
84
66
39
11
16366
16337
16321
16320
16331
16345
16371
22
55
73
91
87
74
54
21
16376
16348
16325
16318
16318
16335
16360
7
40
62
84
88
79
61
32
6
16358
16339
16318
16315
16325
16349
16377
25
54
74
89
86
73
52
20
16372
16342
16325
16317
16322
16339
16362
8
39
66
83
92
83
63
35
4
16359
16329
16322
16319
16328
16351
16380
25
54
74
91
88
75
49
17
16375
16344
16323
16318
16321
16342
16364
13
43
71
88
91
82
63
35
2
16356
16331
16319
16318
16331
16349
16381
26
55
82
90
87
67
45
15
16366
16341
16322
16320
16323
16339
16370
15
47
69
85
91
81
59
27
1
16349
16326
16317
16320
16332
16353
0
32
58
79
91
90
69
43
14
16366
16340
16319
16317
16322
16345
16370
16
45
68
91
93
82
59
30
16382
16350
16329
16314
16318
16331
16354
16383
34
60
83
93
88
69
41
14
16363
16337
16320
16314
16326
16344
16371
14
47
75
85
91
74
55
23
16379
16349
16330
16318
16318
16330
16359
2
34
65
83
91
85
65
43
10
16362
16336
16322
16314
16327
16343
16374
23
50
79
87
93
76
52
25
16374
16345
16329
16315
16316
16337
16361
9
38
67
82
89
83
65
42
6
16360
16332
16317
16315
16321
16346
16375
26
51
79
88
87
78
52
18
16375
16344
16324
16314
16322
16335
16362
9
45
66
83
90
87
65
37
3
16355
16334
16317
16314
16330
16347
16378
26
60
78
88
92
72
46
17
16371
16341
16325
16316
16319
16340
16363
13
44
70
87
90
82
60
31
16382
16351
16332
16319
16317
16329
16351
16383
31
61
81
89
86
72
47
17
16366
16339
16323
16317
16319
16337
16367
16
45
72
87
91
85
60
32
16382
16350
16330
16318
16317
16334
16355
2
34
61
84
91
85
66
47
13
16368
16338
16322
16313
16322
16345
16367
17
49
74
88
92
80
61
27
16383
16349
16329
16316
16316
16330
16356
16383
36
62
84
89
86
67
38
10
16362
16335
16319
16311
16324
16345
16373
19
50
75
89
92
78
53
19
16378
16346
16321
16316
16317
16331
16361
6
37
64
82
91
82
66
36
7
16361
16331
16317
16316
16322
16348
16377
22
55
75
88
90
74
50
19
16374
16345
16324
16315
16319
16336
16362
10
45
72
85
89
82
65
37
6
16358
16333
16318
16316
16328
16347
16381
26
54
81
91
90
74
55
15
16368
16342
16323
16314
16321
16340
16363
13
47
71
88
92
80
61
33
16383
16355
16327
16315
16317
16327
16350
16383
33
58
82
93
87
69
46
11
16364
16339
16323
16314
16324
16341
16367
16
48
76
89
91
78
55
27
16378
16354
16327
16317
16316
16333
16360
5
37
66
85
95
84
67
43
11
16363
16335
16322
16316
16326
16344
16372
24
52
74
88
85
78
53
20
16373
16347
16325
16314
16322
16335
16359
7
38
68
83
93
83
67
39
3
16359
16334
16317
16313
16327
16347
16379
24
52
77
88
90
78
53
21
16371
16344
16326
16314
16322
16336
16363
12
42
68
88
89
83
63
33
16383
16353
16333
16318
16312
16330
16351
16381
32
58
79
92
85
71
47
17
16366
16341
16321
16320
16320
16341
16366
12
44
73
88
90
81
59
31
16380
16351
16332
16318
16314
16331
16354
2
37
61
87
90
87
69
40
11
16364
16337
16317
16315
16321
16339
16371
21
48
74
88
87
75
57
28
16377
16348
16328
16316
16317
16335
16356
4
38
64
81
88
86
66
38
10
16358
16334
16321
16319
16326
16345
16377
23
53
78
88
90
75
52
25
16372
16342
16327
16317
16321
16335
16361
10
39
67
89
88
85
66
35
4
16358
16333
16317
16314
16325
16349
16375
27
55
79
88
89
76
49
20
16369
16345
16325
16316
16322
16336
16361
9
42
70
87
89
84
64
35
16383
16355
16329
16315
16317
16328
16352
16382
30
59
76
90
86
73
48
16
16367
16339
16321
16312
16320
16341
16365
15
46
72
86
87
81
58
31
16383
16355
16330
16316
16316
16329
16357
1
28
62
81
87
88
70
44
12
16365
16337
16323
16316
16324
16343
16370
17
49
73
87
88
79
55
26
16379
16348
16327
16313
16316
16330
16356
7
31
58
81
94
83
69
41
9
16360
16333
16314
