17
65
70
69
65
47
47
47
39
31
23
8
0
16373
16365
16355
16350
16344
16340
16333
16336
16335
16336
16344
16347
16359
16361
16369
16381
5
18
26
37
46
53
59
63
68
72
67
66
61
59
51
43
31
26
14
1
1
16368
16358
16351
16351
16341
16338
16336
16333
16337
16341
16344
16351
16360
16369
16376
3
14
25
36
39
51
56
61
68
68
71
68
66
60
52
46
39
31
21
8
0
16369
16364
16355
16347
16341
16341
16333
16331
16335
16343
16348
16349
16359
16364
16374
16383
8
20
28
39
50
55
61
65
66
67
71
66
61
55
50
39
32
25
13
16383
16377
16364
16359
16351
16345
16337
16335
16335
16338
16337
16342
16348
16352
16361
16370
16378
6
17
28
34
41
49
61
65
72
69
68
67
59
57
51
45
34
27
15
4
16381
16371
16361
16353
16346
16340
16338
16337
16337
16339
16339
16347
16352
16358
16367
16373
1
13
24
33
41
50
55
61
68
69
70
65
62
61
53
49
38
26
18
6
16380
16374
16362
16353
16348
16345
16336
16334
16334
16336
16337
16346
16354
16357
16364
16375
16382
10
19
30
39
46
57
61
65
70
70
68
62
64
55
49
40
30
21
12
3
16380
16368
16362
16349
16343
16340
16339
16335
16335
16339
16343
16346
16351
16359
16372
16382
8
13
26
35
46
52
58
65
67
66
68
69
63
63
50
44
37
24
16
6
16383
16373
16360
16355
16348
16341
16337
16336
16338
16337
16341
16345
16349
16360
16370
16379
1
14
22
30
40
44
56
64
67
68
69
66
61
61
56
51
40
29
20
13
4
16375
16368
16357
16352
16343
16341
16337
16335
16336
16337
16341
16345
16354
16363
16369
16383
5
22
27
36
45
55
58
65
66
68
68
71
63
59
53
44
31
26
15
6
16380
16370
16358
16355
16347
16341
16341
16338
16334
16335
16339
16345
16347
16360
16367
16375
2
11
21
36
43
49
55
62
62
70
73
69
65
58
55
45
40
31
21
10
4
16373
16363
16355
16346
16342
16340
16333
16335
16333
16337
16342
16349
16355
16366
16373
1
11
17
31
36
46
50
58
62
66
67
71
69
66
55
49
41
33
25
13
3
16377
16368
16359
16353
16346
16343
16340
16338
16338
16339
16341
16347
16348
16359
16368
16378
3
15
27
35
45
50
54
66
61
69
66
68
63
59
47
47
36
27
18
7
16382
16372
16364
16355
16353
16343
16338
16332
16333
16337
16341
16343
16349
16359
16366
16372
16383
13
23
29
45
49
53
62
65
69
68
68
62
57
56
49
42
34
22
11
2
16380
16369
16356
16352
16346
16340
16338
16339
16338
16338
16341
16348
16356
16361
16371
16379
12
16
25
34
44
47
60
63
67
66
66
67
60
60
53
43
38
26
15
6
16377
16371
16363
16355
16346
16342
16339
16338
16335
16338
16341
16348
16349
16358
16367
16374
3
15
25
30
41
49
58
62
70
66
69
70
64
59
53
45
36
27
20
6
1
16372
16366
16357
16349
16342
16340
16337
16332
16336
16340
16341
16349
16355
16364
16370
16382
8
20
27
36
47
51
59
65
66
67
66
63
60
57
51
42
33
22
13
4
16375
16367
16361
16351
16346
16335
16340
16335
16334
16336
16342
16349
16351
16359
16370
16381
8
17
23
37
45
53
59
66
69
70
72
65
64
58
52
41
36
23
17
6
16379
16370
16362
16354
16346
16343
16340
16337
16337
16335
16342
16346
16348
16357
16369
16375
2
11
20
31
39
49
56
62
60
70
69
66
65
61
56
47
36
30
19
8
0
16372
16368
16358
16347
16342
16339
16340
16338
16337
16338
16343
16349
16351
16369
16369
16383
10
18
28
39
47
53
61
62
68
70
71
66
62
57
52
46
37
23
10
7
16375
16368
16358
16351
16345
16343
16337
16334
16336
16337
16341
16347
16355
16362
16373
16378
7
17
25
37
41
51
60
62
67
73
65
66
63
59
53
45
37
26
18
8
16383
16369
16362
16355
16347
16345
16336
16336
16335
16335
16335
16346
16351
16358
16369
16379
4
12
25
32
43
50
55
59
68
67
70
69
65
62
56
47
37
27
21
11
16381
16376
16369
16359
16349
16342
16340
16338
16337
16336
16341
16343
16351
16357
16365
16372
16380
6
18
28
37
46
51
62
62
68
67
71
65
62
59
46
43
35
22
16
5
16378
16365
16361
16348
16350
16340
16340
16337
16335
16337
16342
16347
16355
16361
16368
16380
2
16
24
32
42
52
59
64
66
70
70
69
68
59
49
43
36
27
21
9
16382
16373
16363
16354
16350
16341
16339
16334
16337
16335
16340
16344
16348
16355
16366
16375
1
10
20
31
39
48
57
61
61
69
70
69
68
58
55
49
38
33
20
14
2
16378
16367
16359
16351
16346
16339
16339
16333
16335
16334
16341
16345
16353
16363
16370
16383
7
16
26
37
41
48
58
61
72
67
67
68
61
58
53
44
37
23
17
3
16378
16369
16360
16357
16350
16344
16337
16334
16332
16334
16337
16340
16352
16358
16366
16375
1
13
20
34
43
51
58
60
67
66
69
65
64
62
54
49
41
32
23
11
2
16373
16366
16358
16352
16345
16337
16338
16338
16337
16337
16343
16350
16356
16362
16369
16381
10
17
31
35
46
51
62
60
65
68
67
63
62
57
51
41
34
22
14
3
16380
16370
16364
16353
16345
16341
16336
16336
16338
16336
16341
16345
16351
16356
16373
16380
1
15
25
34
42
51
60
65
65
66
69
69
59
