84
7
8
13
15
4
4
4
3
8
13
18
14
10
7
5
9
14
13
21
13
5
6
7
10
15
16
15
8
4
5
8
11
15
12
9
4
6
8
14
13
18
13
10
4
8
11
13
14
14
12
6
6
7
11
13
17
11
7
3
8
10
11
18
14
9
6
6
5
13
14
13
9
5
8
6
9
15
15
11
11
6
4
7
13
16
10
13
6
5
6
13
14
17
13
8
3
6
7
11
15
14
11
6
6
7
9
14
13
10
8
7
5
10
13
16
16
10
6
6
10
10
16
14
13
11
4
7
10
13
16
14
9
2
4
9
13
15
13
7
9
4
6
12
11
13
12
8
4
4
9
13
14
15
8
5
5
9
15
19
16
6
8
7
7
9
15
14
13
9
5
8
11
12
16
16
10
8
2
5
7
11
17
13
9
5
7
8
13
17
14
12
4
6
2
11
13
15
9
6
6
7
13
17
13
13
6
4
4
6
13
15
19
8
7
6
10
10
17
12
9
9
6
6
11
12
14
13
8
4
6
10
13
15
13
10
8
6
9
13
18
14
14
7
3
6
11
13
14
14
7
4
5
7
12
16
13
10
4
5
6
8
14
18
13
6
6
6
11
14
18
14
8
6
3
9
9
12
12
11
10
6
4
12
13
13
12
8
5
7
7
12
15
17
13
10
6
7
6
14
17
14
8
4
6
6
8
15
13
13
6
4
6
9
11
16
15
6
9
8
11
12
15
9
9
8
5
8
13
13
18
14
9
4
3
8
11
17
11
10
8
2
8
9
14
12
9
11
5
8
10
15
13
11
11
6
5
8
12
13
16
9
4
5
8
11
14
14
13
8
5
5
9
13
18
15
8
6
5
7
13
16
14
10
9
3
7
10
17
14
11
5
5
4
5
11
17
14
13
7
6
8
10
12
17
13
10
4
5
7
13
16
14
8
7
4
8
9
21
13
10
10
2
7
7
14
14
14
8
6
5
9
11
17
12
9
5
6
6
11
16
13
11
6
1
6
7
12
15
13
7
7
2
8
10
13
13
7
5
5
3
11
16
17
10
3
5
2
9
13
13
10
6
9
0
7
12
13
9
11
8
4
4
7
13
17
11
9
9
5
9
10
14
13
10
5
8
6
8
15
15
12
11
4
3
8
12
20
15
9
6
6
7
8
15
17
8
9
9
5
10
14
12
13
9
8
4
6
9
17
14
11
11
8
10
11
17
17
14
8
6
4
7
10
15
13
11
6
4
7
12
15
16
10
7
6
6
9
14
16
13
10
3
2
9
13
11
15
11
9
5
5
13
13
20
14
8
6
16383
11
14
13
15
10
7
3
8
11
17
15
13
12
6
4
7
12
14
18
7
5
1
9
10
14
14
14
7
5
7
12
15
17
11
9
6
5
10
11
14
12
9
5
4
5
14
13
17
14
8
6
4
11
11
13
10
13
7
5
10
13
14
16
11
7
2
6
11
14
17
15
9
6
3
8
15
17
14
7
5
6
10
11
11
16
15
5
5
4
11
13
13
14
11
13
15
10
7
7
10
12
9
6
6
11
17
17
15
12
6
4
10
15
15
11
8
3
5
6
14
14
15
11
7
4
6
9
16
17
15
11
9
6
10
13
15
15
10
7
7
5
14
13
15
12
6
5
5
9
11
13
12
12
5
7
7
11
13
15
10
7
10
6
6
13
14
12
8
6
3
8
13
15
18
10
8
11
5
7
14
12
13
10
9
6
5
15
16
18
10
6
6
6
11
15
15
15
10
0
7
10
14
13
12
9
8
6
9
12
16
15
14
7
4
6
7
13
14
14
11
8
6
6
10
19
17
14
13
4
6
13
14
19
12
8
5
6
9
11
16
14
11
4
3
8
12
15
16
15
9
4
6
6
13
13
17
8
8
6
7
15
17
14
10
8
4
4
10
16
18
10
7
5
5
8
16
16
14
11
5
2
7
13
12
12
13
6
9
9
11
10
16
15
11
3
6
5
15
17
16
10
5
6
5
13
14
16
16
8
4
6
8
13
17
16
7
5
3
10
12
15
17
12
8
9
6
11
17
15
13
7
4
7
9
14
17
13
10
8
4
7
9
16
13
13
8
8
12
11
16
14
18
12
6
5
10
11
14
16
10
8
5
7
9
13
18
13
9
6
6
7
12
14
13
9
6
4
4
8
15
13
14
7
8
7
11
11
13
15
13
7
6
7
10
14
14
15
9
6
8
8
16
17
14
15
5
5
9
12
13
15
12
6
5
5
16
13
12
16
11
6
8
5
13
15
17
11
8
4
8
12
14
15
14
7
5
7
9
15
17
11
10
4
3
10
