48
8
15
24
27
11
11
11
1
16380
16374
16378
3
14
17
25
30
26
22
13
2
16377
16376
16378
16383
12
24
27
27
24
16
8
1
16380
16378
16378
7
11
23
28
28
22
12
6
16380
16379
16379
0
6
21
25
27
26
21
9
0
16379
16378
16379
2
12
18
26
27
27
15
9
16381
16377
16381
16380
5
13
22
26
26
23
14
8
16383
16376
16376
16383
6
18
27
31
27
20
11
4
16381
16376
16379
1
7
18
29
31
23
19
8
16381
16375
16380
16382
5
13
24
24
26
25
14
5
16380
16376
16377
16381
6
15
24
26
29
22
14
2
16381
16377
16377
1
7
18
25
27
29
23
11
0
16376
16378
16379
3
16
20
27
28
26
16
5
16382
16380
16376
16379
9
14
21
28
27
21
11
1
16380
16378
16375
16383
9
20
23
27
31
18
14
2
16380
16377
16379
4
14
18
26
30
25
18
9
16382
16379
16375
16380
6
13
24
28
27
24
16
3
16382
16374
16379
16380
7
13
23
28
25
22
11
16383
16379
16373
16377
2
10
20
27
29
27
18
10
0
16382
16377
16382
5
14
22
30
27
22
13
7
16381
16376
16379
1
10
17
23
27
23
22
14
2
16376
16377
16374
16382
13
20
29
28
25
21
8
2
16379
16376
16380
0
13
18
25
30
25
17
6
16382
16374
16378
16379
6
16
21
27
24
21
13
7
16382
16375
16377
3
9
18
29
25
29
19
9
4
16378
16380
16378
2
11
22
26
25
26
21
10
0
16375
16379
16379
3
15
21
26
29
23
15
6
16382
16379
16376
1
12
18
22
30
26
21
8
1
16378
16374
16379
3
9
17
24
25
26
19
8
1
16378
16379
16381
5
13
25
25
27
24
16
5
16382
16380
16379
0
5
17
23
28
28
21
10
5
16382
16376
16375
4
9
18
26
28
25
20
8
3
16379
16378
16379
5
11
20
29
26
26
21
4
1
16380
16379
16382
4
16
25
26
24
21
14
4
16377
16372
16378
16383
5
19
25
26
24
18
13
7
16380
16376
16382
5
13
22
27
26
25
14
7
16383
16380
16379
16382
7
11
25
27
29
25
17
5
16382
16379
16378
16383
8
15
26
29
28
20
11
0
16379
16377
16378
1
10
18
23
30
26
22
6
0
16379
16375
0
6
13
23
29
27
27
18
7
16383
16375
16374
16383
9
18
26
26
22
23
10
3
16379
16373
16378
1
9
16
24
27
26
21
7
16383
16377
16374
16379
5
12
21
26
29
22
15
8
16383
16376
16377
16379
2
15
23
29
27
22
14
5
16378
16378
16377
16383
6
19
24
27
25
21
11
2
16377
16376
16378
4
13
21
26
28
26
15
5
16383
16379
16374
16378
5
18
21
29
24
23
11
4
16381
16379
16377
16382
4
19
23
29
27
21
11
0
16379
16375
16379
1
9
20
26
25
22
18
7
16383
16380
16375
16383
2
13
21
28
27
21
14
7
16381
16376
16378
0
6
16
24
27
24
21
10
5
16382
16379
16375
0
9
18
27
27
28
20
9
2
16376
16379
16377
16383
11
24
28
28
26
14
5
16382
16380
16378
16382
6
17
21
26
27
22
13
2
16383
16375
16375
16380
9
16
23
25
28
20
10
2
16383
16380
16378
5
11
20
27
26
23
15
8
16382
16375
16378
16379
3
15
21
29
24
20
14
8
16381
16379
16377
16381
9
18
24
27
26
22
10
3
16377
16378
16381
16383
14
20
26
26
24
21
8
1
16377
16376
16382
3
11
24
29
28
24
17
6
16381
16382
16376
2
6
13
23
29
27
23
11
2
16378
16377
16380
16381
13
18
28
26
26
20
9
0
16382
16375
16379
3
10
23
30
26
22
15
7
16383
16378
16378
16379
4
18
26
26
29
21
16
4
16382
16379
16377
0
9
15
26
26
21
16
11
3
16379
16374
16382
16383
8
18
26
27
21
18
10
16383
16377
16375
16382
16383
11
21
26
29
23
19
4
16380
16377
16377
16380
6
18
23
30
27
20
13
1
16380
16378
16377
16383
7
16
29
27
24
15
9
16380
16378
16377
16381
1
13
21
29
27
23
17
9
16383
16376
16376
16380
6
13
26
29
25
23
13
0
16382
16378
16378
1
10
18
24
29
24
18
9
1
16379
16376
16382
4
10
16
26
23
23
18
11
16383
16378
16377
16381
4
13
23
28
25
24
18
5
16382
16377
16379
0
4
17
22
30
26
22
10
3
16379
16377
16378
4
9
22
29
30
25
21
10
1
16381
16375
16380
2
11
20
31
27
25
16
9
16380
16378
16378
16382
9
13
20
26
30
25
11
16383
16381
16378
16377
0
11
20
23
29
25
16
8
1
16377
16378
16380
3
7
23
25
26
26
18
8
16380
16380
16378
16382
9
15
25
25
27
24
15
8
16381
16375
16379
0
9
18
26
30
22
22
10
3
16379
16378
16379
3
11
18
28
29
25
18
12
16383
16379
16375
16381
5
14
22
26
25
22
16
6
16381
16379
16375
16381
9
18
22
33
26
20
12
3
16379
16376
16378
16383
8
17
24
28
25
16
8
2
16379
16375
16379
6
14
22
25
27
25
16
9
16383
16377
16375
16379
5
18
23
30
12
