63
16293
16308
16357
35
92
92
92
41
16363
16311
16292
16319
16368
48
95
107
81
26
16345
16305
16293
16324
16383
60
102
109
72
12
16337
16298
16298
16338
13
73
107
101
65
16383
16326
16299
16304
16349
27
81
106
97
51
16370
16317
16293
16312
16362
40
93
110
88
38
16363
16311
16292
16318
16374
51
97
108
78
25
16348
16305
16298
16328
6
67
101
100
70
10
16332
16298
16295
16339
14
78
108
102
59
16381
16322
16297
16305
16353
32
86
111
94
42
16364
16313
16294
16314
16366
46
90
111
90
33
16354
16306
16291
16319
16377
56
97
111
78
20
16341
16300
16297
16333
6
67
105
103
64
5
16330
16297
16301
16344
20
77
107
99
53
16374
16319
16293
16304
16352
36
89
108
95
43
16364
16314
16292
16316
16369
48
87
110
84
27
16349
16305
16297
16326
16382
60
100
106
78
20
16340
16303
16296
16335
8
69
104
103
61
4
16329
16296
16305
16346
24
84
115
97
49
16371
16316
16293
16307
16359
36
89
108
93
42
16360
16315
16295
16315
16371
49
99
107
81
26
16347
16303
16297
16327
0
63
103
110
76
16
16337
16297
16296
16335
12
74
109
103
60
4
16326
16294
16304
16351
27
79
108
95
48
16369
16319
16292
16313
16363
38
93
114
89
41
16360
16310
16290
16322
16372
53
98
107
82
23
16348
16304
16297
16329
0
66
102
108
72
11
16338
16302
16298
16339
14
76
108
104
65
1
16321
16295
16305
16351
28
80
106
94
48
16372
16317
16294
16313
16363
39
92
111
88
39
16359
16311
16294
16319
16372
54
97
107
81
23
16349
16303
16300
16330
3
63
106
104
71
10
16333
16301
16299
16339
19
76
106
101
61
1
16325
16294
16306
16349
28
81
109
96
49
16368
16318
16293
16314
16365
42
90
106
86
34
16354
16307
16295
16320
16376
54
97
109
81
21
16346
16303
16296
16329
6
66
106
105
68
6
16337
16296
16303
16343
19
76
110
100
59
16381
16324
16295
16306
16357
34
90
112
94
47
16365
16315
16295
16315
16367
41
89
110
83
34
16354
16308
16297
16322
16381
56
99
110
75
19
16346
16299
16294
16331
7
70
104
101
69
4
16332
16295
16306
16344
21
78
108
95
54
16377
16323
16294
16310
16356
38
89
113
93
43
16359
16307
16293
16314
16371
46
93
109
82
27
16349
16308
16298
16326
16383
60
101
105
73
15
16337
16297
16299
16335
11
73
106
102
66
1
16330
16299
16303
16345
24
83
107
97
50
16375
16317
16298
16313
16361
36
93
110
89
38
16358
16310
16290
16319
16374
51
96
109
84
25
16349
16305
16299
16328
0
61
100
104
70
14
16334
16299
16297
16339
18
71
106
102
63
16380
16327
16294
16306
16350
26
84
109
93
46
16369
16318
16297
16317
16369
41
95
114
88
33
16355
16308
16294
16322
16378
55
98
114
78
22
16345
16303
16297
16331
7
65
107
104
66
4
16334
16301
16306
16344
21
75
107
97
55
16377
16324
16293
16308
16355
35
89
111
95
43
16367
16312
16294
16315
16369
45
95
107
81
31
16349
16308
16297
16325
1
59
101
110
73
14
16335
16298
16299
16334
10
71
107
105
64
2
16329
16295
16301
16346
26
81
105
95
48
16370
16319
16293
16313
16358
38
92
110
88
37
16358
16309
16293
16316
16372
49
98
113
80
23
16344
16301
16302
16327
2
63
101
107
66
9
16334
16298
16298
16336
14
77
109
104
63
0
16323
16296
16306
16352
29
86
109
93
46
16366
16318
16293
16314
16364
43
95
108
83
33
16355
16308
16294
16323
16375
57
105
109
75
21
16342
16295
16296
16331
8
68
104
103
63
8
16336
16297
16305
16341
23
77
108
100
58
16377
16319
16293
16308
16350
32
92
110
93
46
16365
16316
16294
16316
16370
43
94
107
86
29
16352
16305
16298
16325
16382
58
100
107
76
17
16340
16302
16298
16332
8
69
107
105
66
2
16334
16299
16301
16347
21
78
104
96
55
16377
16317
16295
16308
16357
37
89
112
92
43
16364
16313
16293
16317
16369
44
93
107
82
27
16351
16305
16299
16324
16382
60
98
109
74
14
16339
16301
16297
16335
9
68
105
105
64
2
16331
16294
16303
16344
25
78
107
96
50
16375
16319
16294
16307
16359
34
91
113
88
41
16365
16314
16293
16313
16370
49
96
111
85
28
16350
16305
16296
16329
1
59
100
106
73
18
16338
16300
16300
16336
9
70
103
102
67
7
16329
16298
16306
16341
23
78
106
97
51
16375
16323
16293
16312
16360
30
92
111
92
43
16362
16313
16295
16316
16368
50
93
110
85
28
16352
16305
16296
16323
16379
57
97
104
75
15
16335
16300
16296
16335
12
70
103
102
63
4
16329
16297
16301
16340
22
78
105
98
54
16376
16319
16298
16312
16357
39
86
107
88
40
16367
16312
16292
16315
16372
49
98
110
86
29
16355
16303
16301
16326
1
61
99
105
72
14
16339
16303
16302
16338
10
73
105
100
61
16381
16329
16296
16302
16346
21
77
109
97
54
16373
16317
16295
16305
16359
35
90
107
91
43
16363
16310
16297
16317
16372
50
96
110
82
25
16347
16303
16299
16326
2
65
102
106
73
12
16337
16298
16299
16340
13
73
107
100
60
16380
16325
16296
16309
16352
29
83
107
99
47
16366
16313
16290
16311
16360
44
92
113
89
35
16359
16309
16294
16324
16377
53
95
104
84
21
16344
16303
16298
16333
5
63
105
107
69
14
16334
16300
16301
16342
17
103
