29
18
14
8
3
18
18
18
14
5
16383
8
19
13
10
1
4
14
16
13
5
2
9
14
18
14
7
1
8
18
22
8
3
7
12
18
14
6
4
4
18
16
12
3
2
14
16
12
6
1
4
12
18
11
9
3
8
14
19
11
3
3
14
20
19
8
1
7
14
19
13
5
1
9
17
13
13
2
5
11
16
14
10
3
9
19
18
14
6
2
10
16
15
9
2
3
11
20
16
3
2
7
16
21
10
5
5
14
13
18
9
2
6
15
24
14
5
0
9
17
20
11
3
3
11
15
18
9
1
6
17
16
11
10
2
12
17
21
11
5
1
12
20
16
6
16381
7
17
18
14
5
4
10
20
20
8
5
4
15
17
14
7
0
4
13
20
13
5
0
11
23
18
11
4
2
17
21
15
7
2
9
13
16
12
5
2
12
15
17
7
16383
2
14
20
17
7
16383
6
19
16
9
3
5
13
18
19
8
2
6
10
21
15
4
2
10
18
18
14
0
5
12
15
14
9
0
4
13
20
13
5
4
8
17
19
9
5
2
13
19
15
5
1
7
17
15
13
5
8
13
17
16
10
16383
4
13
19
14
4
3
7
16
17
15
4
2
13
15
11
2
3
6
12
21
16
5
5
5
18
17
12
4
2
14
18
13
10
2
7
15
19
13
7
1
14
17
14
8
4
6
11
19
17
7
2
6
14
18
15
3
2
10
18
20
9
4
4
14
15
16
5
5
4
15
22
13
5
5
12
18
15
8
2
3
15
22
18
6
3
7
15
20
8
1
3
10
18
13
9
6
5
14
17
16
3
16382
6
13
19
12
1
5
10
19
13
6
2
7
11
20
14
5
16382
8
14
18
8
2
3
14
15
15
4
1
8
16
14
13
5
6
9
19
17
9
4
1
11
19
13
6
0
8
12
14
12
5
4
11
18
17
9
2
1
13
20
10
5
16382
7
16
19
11
1
5
10
16
18
9
2
10
13
18
15
2
1
7
17
14
12
2
2
12
19
14
8
1
5
15
16
14
5
1
12
18
18
7
3
6
11
17
12
5
2
4
18
19
11
6
16382
14
17
16
6
1
5
14
17
12
4
4
7
14
20
9
4
3
13
19
16
4
1
3
12
21
14
2
16383
8
17
17
11
3
2
11
19
14
8
1
8
12
19
13
3
4
7
17
14
8
1
2
13
15
14
5
16381
3
14
19
10
2
16383
8
17
18
9
2
6
13
20
13
6
1
7
15
19
9
2
0
11
20
17
7
1
3
13
21
14
6
2
4
17
19
11
1
4
10
20
18
6
0
7
13
15
12
1
6
11
17
17
11
1
4
10
17
16
4
3
9
14
15
11
5
1
9
18
17
11
4
5
12
18
14
9
16382
7
16
18
14
7
3
11
16
16
7
3
3
10
14
17
5
4
4
18
15
8
1
2
13
18
18
9
2
7
11
21
14
1
3
7
18
18
10
2
2
10
16
14
5
0
5
17
19
10
2
1
8
11
18
10
5
1
9
17
16
4
0
4
16
17
13
4
5
10
17
18
8
4
10
11
19
15
7
16383
3
15
18
13
0
0
9
16
21
9
0
2
13
14
13
8
1
9
15
15
7
4
3
15
18
18
10
3
6
16
22
17
7
1
8
17
17
12
3
3
13
20
16
6
3
8
15
17
16
3
16381
10
18
17
9
16383
4
12
21
14
7
16382
5
10
19
12
3
2
11
19
18
11
2
7
14
18
16
3
1
8
18
18
11
4
4
10
15
14
10
0
5
11
15
14
5
1
7
16
18
10
4
4
13
15
17
7
3
3
11
20
15
6
16383
5
17
14
12
4
4
13
15
15
8
2
7
14
21
12
3
1
13
17
21
10
16383
2
11
18
17
6
4
5
14
15
10
4
4
11
18
16
6
2
6
12
19
14
3
4
7
15
15
7
4
2
12
17
18
9
2
6
13
18
8
7
2
9
17
16
9
2
1
12
22
18
7
1
5
15
17
13
2
3
9
14
14
12
3
6
10
13
17
5
4
6
12
18
13
6
2
13
19
19
5
0
3
11
20
14
5
3
9
15
18
11
5
5
13
19
20
6
2
4
14
17
9
6
16381
8
18
18
12
1
2
10
17
19
10
0
6
13
20
14
5
0
9
15
19
7
3
3
10
19
17
5
16383
6
16
20
13
4
5
11
17
17
8
16383
9
11
18
16
7
1
8
14
17
10
0
3
8
15
16
6
2
6
16
18
14
5
16383
7
15
18
8
1
3
13
20
17
8
16381
6
12
17
14
4
1
12
19
17
12
0
3
11
18
15
5
3
4
15
19
10
7
1
8
18
15
7
5
4
14
19
3
