25
16328
16330
16369
41
32
32
32
16361
16329
16335
16381
43
79
64
21
16352
16327
16341
3
53
75
64
16
16345
16322
16343
7
53
75
58
9
16344
16328
16349
17
62
78
49
16383
16336
16326
16355
23
63
72
43
16377
16338
16328
16363
32
72
75
38
16368
16333
16329
16369
36
72
78
31
16363
16330
16333
16371
44
78
69
26
16353
16327
16336
16381
50
79
67
19
16349
16323
16338
4
54
77
62
11
16348
16324
16347
13
58
77
55
3
16346
16329
16357
19
64
74
50
16382
16339
16328
16361
26
66
74
41
16375
16330
16327
16364
35
72
73
36
16366
16329
16329
16371
41
73
69
29
16358
16329
16336
16378
48
77
67
22
16355
16326
16341
2
51
79
61
16
16345
16325
16345
13
63
78
57
10
16341
16324
16348
16
67
79
54
16383
16340
16323
16358
22
68
73
50
16380
16330
16327
16360
30
69
73
38
16366
16332
16329
16367
38
73
70
35
16366
16329
16336
16373
43
75
71
24
16356
16330
16339
16382
47
77
62
18
16351
16329
16343
7
54
78
59
12
16345
16325
16347
14
60
81
55
6
16340
16325
16354
22
66
78
49
16379
16334
16325
16359
30
74
80
44
16370
16330
16326
16365
34
75
77
36
16368
16327
16331
16370
40
73
76
28
16362
16331
16337
16378
46
78
68
19
16353
16326
16337
1
54
79
65
13
16352
16325
16343
8
57
78
59
7
16342
16328
16352
13
62
75
53
1
16342
16328
16354
24
67
76
47
16375
16335
16327
16362
29
74
76
43
16370
16332
16331
16370
41
75
76
33
16363
16328
16331
16374
42
78
68
25
16354
16325
16335
16381
53
80
66
22
16347
16327
16341
7
57
78
60
12
16343
16326
16345
11
63
81
55
3
16341
16322
16353
17
65
76
50
16379
16337
16327
16356
25
69
74
42
16374
16332
16330
16362
34
69
71
36
16367
16334
16336
16373
41
72
70
29
16362
16330
16338
16383
46
77
66
22
16353
16324
16339
16383
57
78
69
16
16346
16328
16341
9
57
79
60
9
16343
16324
16346
15
64
81
54
2
16338
16325
16349
23
68
82
51
16380
16334
16328
16360
29
71
78
44
16370
16337
16332
16362
36
71
68
33
16368
16332
16334
16375
42
75
69
28
16356
16331
16335
16379
49
76
61
20
16354
16332
16341
6
55
78
62
12
16347
16326
16346
13
62
81
58
7
16341
16329
16357
19
67
81
51
16383
16335
16328
16355
26
69
79
44
16377
16331
16331
16363
37
77
75
35
16368
16330
16335
16369
39
77
74
30
16363
16326
16335
16376
45
79
69
24
16358
16327
16337
16382
50
76
60
23
16353
16329
16344
6
57
80
58
10
16347
16329
16349
15
66
77
52
9
16342
16331
16357
23
66
77
48
16379
16338
16329
16359
33
73
72
40
16370
16332
16333
16367
38
76
75
34
16362
16330
16334
16373
45
80
71
30
16355
16329
16338
16383
49
80
69
19
16349
16329
16341
4
55
85
67
11
16343
16323
16348
12
60
78
55
6
16342
16326
16355
20
65
77
51
16378
16339
16330
16359
28
67
71
45
16374
16336
16332
16369
35
72
75
34
16369
16334
16335
16373
41
75
69
31
16359
16330
16338
16380
48
78
64
20
16354
16330
16341
5
50
80
64
13
16345
16325
16347
9
59
73
58
6
16342
16327
16351
21
65
77
50
0
16338
16329
16357
28
69
76
43
16375
16331
16327
16364
33
75
76
38
16365
16330
16332
16370
42
76
72
31
16365
16329
16335
16377
45
78
68
24
16359
16330
16336
4
52
73
64
15
16349
16325
16342
6
59
77
57
10
16345
16325
16349
15
65
80
50
1
16341
16331
16357
23
66
74
45
16379
16333
16328
16359
30
72
79
37
16372
16332
16330
16369
36
72
72
34
16368
16328
16332
16375
42
76
71
31
16360
16324
16335
16383
52
81
67
19
16351
16321
16344
3
51
78
60
14
16345
16329
16348
11
60
79
54
4
16343
16328
16356
20
63
81
49
16381
16342
16331
16361
26
68
75
42
16375
16338
16330
16363
35
75
70
38
16367
16331
16333
16372
39
77
69
28
16359
16326
16335
16379
45
78
68
22
16351
16326
16339
3
52
82
67
15
16349
16326
16344
7
57
86
59
9
16344
16321
16346
15
67
81
53
1
16336
16325
16354
22
67
80
49
16381
16332
16330
16360
32
68
74
41
16371
16333
16334
16366
34
72
75
33
16368
16331
16333
16373
40
75
70
28
16361
16327
16337
16382
45
78
65
17
16352
16331
16339
3
55
76
62
13
16349
16323
16340
12
62
81
57
6
16338
16327
16347
19
64
80
51
16383
16337
16325
16357
25
67
78
41
16375
16336
16323
16364
33
77
74
37
16371
16330
16330
16368
36
73
74
34
16361
16329
16335
16378
47
78
67
24
16354
16329
16340
16383
49
78
63
18
16353
16329
16346
5
53
74
57
10
16347
16326
16348
15
57
79
53
3
16339
16327
16356
24
65
78
46
16373
16338
16328
16359
31
71
79
42
16370
16334
16330
16367
40
75
73
34
16365
16325
16333
16371
41
81
67
29
16356
16327
16333
16381
50
76
68
18
16357
16325
16343
4
50
80
61
10
16349
16327
16346
12
62
81
57
4
16343
16326
16352
19
65
74
46
16381
16337
16330
16358
23
68
75
38
16374
16335
16331
16366
31
72
75
37
16366
16335
16335
16374
41
74
71
26
16360
16328
16336
16377
51
76
66
19
16354
16329
16342
4
51
80
61
17
16350
