26
14
43
45
20
16367
16367
16367
14
41
47
28
16376
16360
16364
7
40
51
32
16382
16358
16362
0
32
50
39
4
16363
16360
16380
26
46
40
11
16362
16355
16378
26
47
42
18
16372
16359
16373
20
43
46
20
16373
16359
16370
16
40
48
24
16376
16360
16364
10
35
52
29
16379
16358
16359
5
33
49
37
3
16358
16359
16381
30
49
37
5
16363
16356
16377
26
46
43
15
16368
16354
16375
21
44
42
19
16372
16354
16366
13
42
46
22
16373
16359
16364
11
39
47
29
16379
16358
16362
3
36
49
31
2
16361
16360
3
31
49
41
6
16361
16357
16379
26
48
40
11
16366
16357
16375
24
43
41
18
16370
16357
16371
18
44
46
25
16372
16357
16366
17
43
50
27
16379
16357
16364
7
35
46
30
1
16361
16359
2
35
49
38
5
16362
16357
0
32
46
39
9
16363
16357
16381
26
49
42
13
16368
16358
16374
21
44
49
22
16373
16356
16367
11
42
50
26
16377
16360
16366
11
40
54
27
16382
16359
16361
5
34
49
33
3
16362
16357
1
29
47
38
6
16362
16356
16378
27
46
44
15
16366
16355
16374
22
45
42
19
16374
16355
16371
17
42
43
25
16374
16357
16362
11
43
45
30
16378
16357
16362
6
39
49
29
2
16359
16361
1
33
48
34
3
16362
16357
16379
29
49
39
11
16365
16358
16377
22
46
41
19
16371
16358
16370
18
46
48
20
16373
16356
16371
16
40
48
28
16379
16360
16362
9
35
46
29
16383
16361
16360
5
38
49
37
3
16363
16361
16383
30
47
39
9
16363
16355
16376
26
47
43
17
16367
16356
16370
23
45
45
17
16370
16356
16366
13
40
45
22
16379
16361
16365
10
40
44
30
16383
16357
16361
7
35
50
33
0
16359
16358
1
30
48
38
8
16364
16358
16379
27
46
37
14
16365
16357
16375
20
40
41
17
16375
16356
16368
15
41
45
25
16376
16353
16367
12
41
46
26
16380
16361
16363
10
38
49
32
16380
16358
16361
2
33
45
36
5
16363
16361
16379
30
50
36
8
16365
16360
16375
26
46
41
14
16367
16360
16373
18
42
44
22
16369
16354
16366
15
41
50
26
16378
16359
16362
12
39
48
30
16379
16361
16362
3
35
47
32
1
16360
16362
16379
29
44
37
7
16364
16359
16378
26
49
41
14
16368
16361
16376
23
46
39
17
16372
16358
16371
15
41
44
23
16375
16357
16365
8
39
45
25
16381
16361
16360
5
38
47
33
3
16359
16361
16383
36
48
36
4
16361
16360
16380
29
47
38
10
16363
16357
16377
20
46
43
16
16372
16358
16368
17
45
46
20
16373
16359
16367
13
43
48
25
16379
16356
16367
14
41
44
28
16380
16359
16359
0
35
50
34
0
16362
16359
0
30
47
40
8
16364
16354
16375
28
45
39
12
16367
16355
16378
21
46
41
21
16371
16358
16368
17
43
45
21
16373
16354
16365
11
39
45
28
16378
16358
16365
8
37
49
29
16383
16360
16358
16383
33
50
34
3
16363
16356
16380
26
45
40
9
16365
16359
16376
22
47
41
15
16370
16356
16374
21
45
42
19
16374
16358
16369
16
43
45
25
16377
16355
16363
10
41
50
27
16383
16362
16364
4
32
46
35
3
16360
16358
1
34
45
36
7
16363
16357
16378
24
46
39
13
16364
16356
16371
20
47
48
21
16372
16356
16371
20
43
47
25
16376
16356
16366
16
40
42
25
16378
16357
16362
3
40
44
32
16380
16363
16358
5
32
47
34
7
16359
16362
16379
26
47
38
11
16360
16355
16376
27
43
41
18
16369
16356
16370
20
43
42
19
16372
16356
16367
17
42
43
22
16374
16360
16367
11
38
49
26
16381
16359
16362
5
34
48
32
3
16357
16358
1
29
44
36
6
16365
16356
16381
26
50
43
13
16366
16359
16373
21
45
39
15
16369
16354
16367
18
39
43
19
16374
16353
16369
13
39
50
25
16379
16360
16363
6
34
44
33
1
16361
16362
3
31
49
35
2
16362
16358
16378
29
45
37
10
16366
16358
16377
25
48
39
13
16367
16358
16374
17
42
46
24
16371
16353
16370
13
41
46
21
16377
16360
16362
9
39
48
30
16375
16361
16359
3
34
50
35
5
16361
16359
1
33
50
36
9
16364
16358
16380
28
49
41
15
16366
16359
16374
21
46
45
18
16369
16357
16370
18
39
46
23
16373
16359
16366
11
41
44
24
16379
16359
16362
10
36
48
31
0
16361
16359
2
32
49
37
7
16364
16358
1
31
49
37
10
16363
16357
16374
22
43
39
17
16370
16358
16370
17
45
45
20
16377
16359
16366
16
42
46
23
16377
16359
16365
9
38
46
28
16379
16362
16361
3
35
47
35
4
16360
16357
16382
30
50
39
8
16365
16355
16378
28
46
40
11
16363
16361
16374
27
45
43
18
16371
16356
16374
18
41
45
21
16377
16358
16370
13
42
49
28
16377
16356
16363
4
39
47
31
4
16359
16357
16383
31
46
33
7
16361
16358
16383
26
44
41
9
16364
16360
16377
26
46
41
16
16369
16358
16370
20
44
44
20
16372
16357
16368
16
42
44
26
16372
16356
16365
7
38
44
29
16382
16360
16362
5
37
51
33
2
16358
16362
16382
31
49
33
10
16364
16356
16379
28
49
42
14
16366
16356
16376
22
48
42
18
16371
16357
16369
23
46
47
23
16375
16355
44
