11
16368
16363
16359
16363
3
3
3
13
21
30
35
39
43
39
35
30
21
15
5
16381
16375
16370
16363
16365
16368
16373
16379
4
13
22
32
35
40
40
40
40
29
22
16
3
16379
16373
16364
16367
16362
16365
16372
16379
6
17
22
35
35
42
36
37
39
32
21
13
4
16380
16370
16367
16364
16361
16369
16376
16382
8
17
23
31
35
41
37
42
34
27
20
9
16383
16377
16369
16363
16364
16365
16368
16371
0
3
17
27
38
38
38
39
37
35
25
15
6
16382
16373
16367
16367
16364
16364
16371
16372
0
7
19
28
35
38
41
41
38
34
26
18
11
1
16374
16371
16366
16366
16369
16366
16374
1
12
20
26
33
38
40
41
39
34
28
19
4
16382
16374
16372
16364
16368
16366
16368
16377
2
11
20
31
36
41
38
42
35
32
23
15
4
16383
16371
16368
16365
16363
16364
16371
16375
5
10
20
30
34
38
43
41
40
33
21
16
5
16379
16372
16366
16364
16364
16366
16368
16380
4
13
22
31
33
43
44
39
38
32
22
11
7
16382
16374
16367
16363
16363
16367
16374
16382
7
10
24
30
35
40
41
37
32
25
21
10
1
16380
16372
16366
16363
16361
16366
16369
16378
2
13
23
25
34
42
40
38
35
27
22
13
16383
16378
16370
16366
16367
16363
16367
16373
16381
4
15
25
32
35
40
45
38
34
27
17
11
16382
16382
16370
16370
16366
16366
16366
16373
16383
7
18
23
32
35
42
42
39
33
25
18
10
16381
16374
16371
16366
16360
16366
16371
16374
16381
6
14
25
33
39
42
40
37
32
27
20
11
0
16377
16369
16364
16363
16369
16365
16374
16383
10
18
28
34
35
40
42
39
34
28
18
7
2
16374
16368
16363
16366
16366
16368
16372
0
8
22
26
34
37
42
44
33
35
25
16
10
16381
16373
16370
16364
16364
16366
16372
16376
4
8
22
27
30
39
38
40
36
31
24
21
5
2
16374
16369
16366
16362
16363
16372
16375
16381
6
21
27
34
39
42
42
36
29
23
14
7
16382
16372
16365
16361
16363
16365
16370
16379
16383
10
18
30
37
41
40
41
34
29
23
14
8
1
16374
16365
16363
16363
16366
16372
16378
1
13
20
31
38
38
43
43
37
29
21
13
3
16378
16373
16367
16366
16365
16369
16374
16380
1
11
20
28
38
41
38
36
36
26
21
14
2
16378
16374
16362
16364
16362
16367
16372
16382
6
13
24
30
37
38
39
38
36
26
21
12
1
16378
16370
16368
16363
16363
16365
16373
16377
4
15
25
30
36
39
39
39
32
27
19
11
3
16378
16375
16366
16365
16366
16367
16376
1
5
16
21
34
38
40
39
36
29
24
17
8
16382
16374
16369
16364
16361
16366
16367
16373
16382
11
18
29
30
37
39
40
41
32
28
19
10
1
16377
16369
16363
16366
16366
16366
16376
16383
8
19
27
35
37
40
39
37
31
26
15
4
16381
16375
16365
16366
16366
16366
16371
16377
4
11
19
28
33
37
39
38
35
29
29
13
1
16381
16369
16367
16363
16361
16364
16369
16377
1
15
21
25
34
38
41
40
37
27
22
13
3
16380
16371
16366
16364
16365
16368
16370
16378
2
12
22
30
33
41
41
37
37
30
26
16
3
16377
16371
16366
16364
16364
16365
16375
16381
5
12
23
28
36
40
42
37
35
29
21
11
2
16377
16369
16366
16365
16366
16367
16374
16382
3
16
26
32
39
38
40
40
36
24
19
10
0
16378
16371
16365
16364
16365
16368
16373
0
8
15
23
31
34
41
42
39
34
27
18
6
0
16377
16370
16366
16366
16364
16371
16376
16383
11
17
25
33
37
42
41
38
32
27
14
9
2
16374
16367
16365
16363
16365
16370
16377
2
9
21
24
33
40
42
39
39
34
23
15
6
16383
16370
16367
16366
16365
16366
16370
16376
5
8
20
28
37
40
41
38
37
29
22
9
3
16378
16369
16366
16367
16360
16365
16373
16381
5
11
17
29
33
41
42
41
35
32
21
15
4
16381
16373
16371
16367
16364
16366
16370
16382
1
10
22
28
33
42
40
42
35
30
22
10
2
16380
16371
16367
16358
16366
16364
16377
16381
3
14
21
30
37
41
37
38
35
26
22
10
4
16378
16377
16367
16364
16366
16370
16371
16380
5
14
27
33
36
41
40
40
35
24
19
10
0
16377
16373
16367
16366
16365
16369
16377
16383
8
16
26
33
38
42
44
38
38
26
22
10
0
16378
16371
16367
16362
16367
16370
16376
4
12
18
24
34
39
41
40
36
33
26
18
8
16380
16376
16370
16366
16369
16370
16373
16379
1
13
17
30
37
36
41
40
34
33
23
17
6
0
16373
16370
16366
16364
16370
16372
16378
1
10
23
27
37
40
42
41
35
30
22
13
6
16378
16371
16365
16359
16364
16365
16371
16380
4
14
20
29
34
41
42
40
34
29
25
12
5
16381
16373
16366
16366
16365
16365
16372
16380
4
14
21
28
37
40
44
41
33
27
17
10
3
16377
16370
16366
16364
16363
16366
16370
16383
7
13
25
30
38
41
42
41
34
28
18
12
16383
16376
16371
16365
16366
16361
16367
16375
16382
9
18
28
33
36
38
40
41
35
25
19
6
16383
16372
16367
16364
16364
16363
16370
16378
0
8
17
28
29
38
40
40
39
31
23
13
2
16382
16369
