71
13
13
5
11
10
10
10
4
8
10
14
12
8
10
9
13
10
6
8
13
12
9
6
8
12
12
10
7
12
15
13
9
6
14
14
14
6
8
10
14
12
12
5
9
13
13
9
8
10
12
10
9
5
13
13
12
4
5
10
10
12
6
9
11
12
9
6
7
12
12
10
4
5
9
10
6
7
9
17
19
10
6
10
11
15
10
5
9
11
13
9
9
8
12
13
10
5
9
13
16
9
5
9
14
13
14
5
10
11
13
9
7
9
17
17
6
6
10
11
13
12
6
9
15
11
11
7
9
15
15
7
4
9
15
13
8
7
10
14
13
6
10
10
15
15
7
7
9
16
10
7
8
9
13
12
7
5
11
13
12
7
9
11
10
9
6
4
13
17
10
3
11
19
15
11
7
8
14
19
8
4
10
13
14
11
6
9
15
13
11
8
10
14
14
7
3
8
15
12
11
9
8
10
13
8
9
11
14
14
7
7
12
18
13
7
5
11
13
11
4
6
8
15
10
7
9
15
13
10
4
5
11
16
13
8
3
13
13
11
5
6
13
11
12
8
6
14
18
12
8
8
11
13
12
5
5
15
16
9
4
10
11
13
10
4
10
11
14
10
10
9
13
12
9
5
11
13
16
7
4
5
16
15
9
7
11
15
14
6
2
9
9
11
9
8
12
15
14
8
6
13
16
11
9
6
10
11
12
6
5
8
17
9
4
9
10
15
14
8
6
10
11
10
8
10
11
11
12
5
6
11
14
10
5
7
13
14
11
7
7
11
13
13
5
9
12
16
15
7
4
14
13
11
9
7
14
15
9
5
8
10
8
7
6
8
18
13
7
9
11
15
11
10
4
9
13
12
8
7
11
11
12
7
7
11
17
10
9
8
13
14
16
6
9
7
11
14
7
8
10
15
10
6
5
11
14
11
8
3
7
13
11
7
10
10
15
11
3
11
10
12
10
7
5
10
14
8
6
8
12
12
11
7
6
13
13
10
3
9
10
11
11
6
7
12
13
5
5
8
10
14
6
7
8
13
14
5
6
9
12
16
9
7
13
14
12
9
4
14
15
15
6
6
11
13
13
8
5
7
15
6
10
8
10
15
14
5
6
8
20
9
5
8
11
12
10
6
10
12
14
9
5
9
11
14
12
7
8
10
16
10
8
4
17
12
12
6
6
17
11
11
10
6
14
13
8
9
9
13
15
9
5
9
14
12
12
6
14
13
11
10
5
11
10
14
11
6
12
18
11
10
7
9
16
18
6
3
9
16
10
6
2
8
11
14
6
8
12
16
15
11
7
17
16
9
6
7
13
13
7
5
8
12
13
9
5
10
11
13
14
9
9
10
10
8
6
9
14
14
10
6
6
13
14
10
7
10
11
10
10
7
8
15
17
16
10
14
13
14
9
6
10
13
14
8
6
10
13
14
5
4
8
17
11
10
6
13
13
14
7
6
10
9
13
9
6
12
13
14
6
5
14
13
10
7
9
12
16
7
6
5
10
15
10
5
7
12
14
9
8
8
13
17
6
5
8
12
10
12
5
7
14
16
12
6
5
15
15
8
7
8
13
14
8
7
11
17
16
12
8
11
12
14
8
9
9
14
13
7
8
9
14
13
11
12
8
17
11
6
11
10
15
13
2
6
11
14
12
5
7
11
16
11
6
6
10
14
12
5
6
12
13
11
9
6
10
14
9
7
9
14
11
9
10
7
15
16
11
4
10
17
13
10
8
8
11
13
8
7
11
14
13
11
7
9
13
13
9
3
9
11
14
10
7
10
14
10
7
6
12
13
14
9
6
11
14
10
6
9
11
14
9
7
1
13
16
13
9
9
11
14
15
8
7
14
13
11
9
6
11
15
13
7
9
8
13
14
9
10
11
15
11
6
6
13
17
11
3
4
14
12
9
4
9
13
15
9
7
7
13
13
10
4
6
15
14
10
4
8
15
15
7
6
10
18
14
12
3
11
15
14
9
6
8
16
12
8
11
11
15
11
11
6
13
15
17
7
6
9
12
12
11
8
13
14
9
5
9
13
14
9
4
8
12
12
12
11
8
9
17
10
8
8
10
12
9
9
7
13
13
10
8
11
11
14
8
5
11
12
15
9
3
9
13
17
9
7
10
13
14
11
11
13
17
12
9
8
9
17
11
8
4
9
16
16
9
6
13
10
11
9
10
10
10
16
6
9
11
15
12
8
6
10
16
11
8
9
11
12
13
6
8
15
16
15
6
7
9
12
10
6
8
14
16
9
7
8
15
15
10
4
7
14
14
11
7
9
15
14
10
9
10
16
15
8
7
9
14
10
12
6
12
8
