92
16382
16370
16367
16365
16362
16362
16362
16365
16370
16370
16378
4
8
18
29
33
37
45
43
45
45
41
39
31
26
23
10
8
16383
16375
16370
16365
16362
16359
16359
16365
16367
16370
16379
1
11
20
24
27
34
41
43
47
47
43
42
32
32
22
16
8
1
16379
16373
16366
16364
16360
16359
16362
16367
16370
16379
2
6
13
23
26
37
38
45
47
47
42
44
38
34
25
18
10
5
16380
16372
16368
16363
16359
16360
16362
16363
16368
16368
1
3
14
19
23
30
42
44
50
45
46
46
39
33
26
22
15
5
16382
16374
16369
16365
16361
16361
16362
16362
16368
16372
16373
5
10
16
21
31
35
38
45
45
43
42
35
38
30
25
15
7
2
16379
16372
16365
16365
16364
16359
16359
16365
16370
16376
16383
6
14
19
27
38
38
46
48
47
43
44
37
31
28
20
10
3
16379
16370
16369
16365
16358
16360
16362
16367
16367
16373
16381
3
11
17
26
29
37
39
46
46
44
43
40
35
29
22
15
5
16383
16374
16370
16363
16360
16360
16359
16366
16368
16370
16379
16383
8
13
24
29
34
41
44
45
47
42
43
37
30
26
19
7
2
16378
16372
16365
16362
16364
16359
16361
16365
16369
16375
16379
6
15
20
27
33
37
43
43
43
45
38
35
32
29
17
10
4
1
16374
16364
16362
16363
16361
16362
16362
16366
16373
16379
0
10
17
21
27
36
40
46
47
49
42
37
32
26
22
15
9
0
16377
16370
16367
16364
16362
16360
16362
16368
16369
16376
16381
8
17
24
30
31
40
47
42
45
43
41
37
33
23
15
8
1
16380
16371
16365
16363
16361
16363
16363
16361
16366
16372
16381
3
11
19
27
28
35
41
46
49
44
42
39
32
27
18
16
5
16381
16377
16369
16375
16373
16367
16365
16362
16365
16372
16382
1
11
16
22
27
34
42
45
48
44
47
43
38
31
22
16
7
16381
16376
16370
16366
16364
16364
16363
16365
16367
16369
16376
16382
2
13
17
26
35
37
39
44
47
43
41
37
29
25
16
10
3
16381
16373
16368
16368
16362
16360
16362
16367
16368
16374
16378
0
11
13
23
33
36
42
42
46
44
42
39
34
30
24
14
9
2
16378
16369
16364
16360
16361
16361
16362
16365
16368
16377
1
4
13
23
28
34
38
40
47
45
43
41
37
34
25
13
12
1
16381
16372
16364
16362
16362
16362
16360
16367
16369
16370
16381
1
10
20
28
30
38
40
46
45
46
43
39
34
30
20
15
9
16383
16376
16372
16368
16361
16356
16362
16360
16367
16373
16377
16380
8
16
21
29
32
41
45
46
42
45
41
36
30
23
13
9
2
16379
16374
16366
16361
16357
16361
16364
16365
16370
16371
16380
3
14
22
26
31
41
42
47
50
44
43
42
34
27
20
14
1
16381
16375
16371
16363
16359
16359
16361
16363
16369
16372
16379
2
8
16
25
34
35
40
45
43
43
44
38
35
26
26
10
6
0
16379
16370
16365
16364
16360
16362
16361
16369
16371
16379
16381
7
14
23
30
36
39
44
43
46
42
41
35
30
22
15
9
4
16379
16376
16365
16363
16363
16361
16363
16365
16369
16372
16382
2
14
17
28
34
40
44
43
44
44
46
36
33
27
17
10
2
16378
16374
16366
16363
16360
16359
16360
16363
16362
16371
16376
0
9
17
26
33
37
38
45
46
46
41
38
34
30
19
12
2
16383
16377
16371
16368
16361
16360
16363
16363
16367
16373
16375
0
9
17
21
30
33
39
42
44
43
42
40
38
28
26
20
7
0
16379
16373
16368
16366
16360
16360
16360
16367
16374
16374
16382
3
11
18
25
34
42
43
45
46
43
42
38
30
27
18
7
3
16379
16377
16370
16362
16363
16360
16362
16362
16370
16369
16379
0
9
15
26
31
39
39
45
47
43
40
37
32
30
22
13
9
16383
16378
16371
16369
16363
16362
16361
16360
16367
16369
16375
16383
6
14
22
27
34
40
42
46
46
46
38
37
32
21
15
8
1
16379
16375
16371
16366
16359
16360
16364
16364
16368
16374
16382
5
15
17
28
36
37
42
43
42
43
42
43
35
26
22
17
5
16383
16374
16371
16365
16360
16359
16360
16363
16366
16370
16376
16383
9
16
23
30
34
38
43
47
43
39
39
38
29
23
16
7
0
16376
16373
16367
16366
16363
16359
16363
16364
16371
16373
16378
2
14
14
29
38
39
44
46
46
46
42
40
33
26
21
10
3
16379
16371
16367
16365
16361
16359
16359
16363
16368
16371
16381
3
8
16
23
29
33
42
42
47
46
41
41
33
33
21
14
10
16378
16374
16372
16369
16365
16360
16360
16360
16363
16367
16376
1
7
12
25
28
30
40
45
45
48
46
41
34
31
25
15
8
16382
16377
16370
16363
16364
16361
16361
16357
16365
16369
16372
16383
5
14
18
26
34
38
42
45
46
44
43
38
33
27
18
12
6
16378
16374
16367
16367
16361
16362
16358
16364
16366
16371
16378
2
11
18
23
30
36
43
41
47
42
43
41
34
31
24
18
8
2
16376
16371
16366
16364
16361
16362
16363
16365
16371
16376
16381
6
11
22
27
32
38
42
44
43
42
40
38
33
26
17
15
0
16378
16371
16368
16363
16360
16364
16361
16362
16367
16372
16381
1
11
18
24
30
38
40
46
46
46
42
37
33
29
21
10
4
16382
16362
