86
5
17
23
30
5
5
5
16379
16381
5
13
22
24
23
14
16383
16377
16381
1
10
22
28
21
17
1
16382
16379
1
11
20
24
22
14
5
16382
16383
2
13
24
25
26
17
7
16380
16382
1
7
20
27
25
15
2
16381
16377
2
10
20
24
28
18
6
16383
16377
16383
12
19
24
20
18
11
16382
16378
16382
9
18
21
27
19
10
4
16378
16381
7
15
25
24
19
6
2
16381
16383
7
15
25
26
21
11
16383
16379
16383
6
18
23
25
24
9
16383
16383
16379
5
15
20
25
24
12
2
16378
16381
5
15
24
25
21
13
1
16379
1
5
19
23
28
25
12
6
16381
16382
3
12
21
29
20
19
6
15
22
17
14
6
1
2
8
4
16380
16379
6
13
21
28
25
19
3
0
16381
0
13
23
26
21
19
6
0
16381
5
4
21
25
26
16
9
0
16378
16383
6
19
24
25
22
9
16383
16380
16383
11
18
30
29
21
7
1
16378
16382
6
16
22
26
20
10
16382
16377
16382
4
17
26
27
21
15
16383
16381
1
3
16
23
30
24
12
3
16378
16382
4
19
26
26
22
14
1
16380
16382
3
11
22
25
23
16
1
16382
16380
1
11
21
24
22
17
4
16381
16378
4
13
21
24
26
18
5
16379
1
5
9
21
27
24
17
6
1
16379
1
11
21
25
22
17
9
16381
16379
3
13
17
23
27
21
10
16383
16379
0
9
19
26
27
22
7
16383
16378
16382
7
17
25
26
18
9
1
16375
16383
5
14
24
26
21
11
2
16381
0
7
14
24
27
20
11
16381
16381
16381
2
15
23
22
19
10
3
16378
16383
5
15
24
30
20
12
3
16381
16382
4
15
22
27
21
15
3
16383
16382
4
13
24
24
23
17
4
16378
16378
16382
12
20
28
25
15
4
16380
16379
2
11
22
24
23
17
9
1
16382
1
10
22
25
27
21
10
16382
16378
16383
11
21
29
24
15
7
2
16379
2
8
19
27
26
20
8
16383
16378
0
7
16
26
26
19
11
16382
16379
16382
9
17
24
27
18
9
1
16383
16381
6
17
27
29
19
10
5
16380
16382
8
16
24
25
23
14
6
16380
16382
10
14
23
27
25
14
7
16378
16382
2
13
24
30
25
15
0
16381
16380
2
13
28
28
21
16
6
16378
16383
3
10
22
26
22
17
5
16382
16381
4
9
22
23
22
20
4
16383
16378
5
11
23
23
25
20
8
16378
16383
0
12
20
23
22
19
7
16383
1
4
9
22
26
25
20
5
16382
16380
16382
6
19
28
27
20
8
3
16379
16382
6
15
27
27
18
9
1
16377
16380
7
14
24
26
20
8
1
0
16383
5
14
23
25
22
13
5
16382
16380
16383
15
23
28
22
11
3
16382
16378
2
15
24
26
21
16
5
16378
16383
2
13
24
25
26
16
5
16379
16380
6
10
26
23
25
16
4
16379
16380
16381
11
23
25
24
19
9
16379
16375
16383
10
22
27
24
15
7
16383
16381
1
10
20
24
25
14
6
16383
16378
16381
6
15
27
26
18
11
16381
16376
16379
5
18
26
26
16
6
16383
16378
3
4
13
24
22
19
11
16382
16378
16382
4
17
26
23
22
14
2
16380
16381
4
15
29
26
19
9
2
16376
16377
6
16
25
27
22
19
2
16380
16379
5
15
22
27
20
12
1
16380
16383
0
12
24
27
22
15
4
16381
16380
1
13
24
24
22
13
5
16382
16380
16383
10
23
26
23
13
7
16383
16380
16381
12
20
26
26
16
6
16382
16379
16382
10
19
26
26
19
5
16382
16379
16382
8
20
30
25
15
6
1
16379
16381
8
20
26
26
18
9
16383
16379
16382
7
18
22
23
23
12
16381
0
16377
5
15
25
29
19
10
16383
16378
16381
7
16
28
29
23
11
2
16379
16383
4
16
23
26
19
12
4
16378
16378
3
11
21
28
23
12
0
16381
16378
1
13
23
26
25
13
7
16379
16375
6
13
22
30
25
15
5
16379
16380
3
12
16
26
26
17
5
16378
16381
16382
6
20
27
26
17
6
16381
16380
16381
8
23
22
22
15
4
16383
16379
0
9
20
26
23
20
9
16382
16380
0
9
17
21
25
21
11
1
16378
0
5
15
23
24
19
9
16383
16376
16379
4
19
27
25
21
11
1
16379
16380
8
14
24
24
20
13
2
16381
16380
6
16
21
25
17
9
0
16380
16382
0
14
24
29
22
17
1
16382
16378
4
17
25
25
23
17
3
16382
16380
3
13
24
27
25
17
6
16380
16380
2
10
20
25
20
12
6
16382
16378
0
11
18
24
25
17
3
16381
16378
16382
7
19
27
26
16
9
16383
16382
0
8
19
24
25
19
8
16383
16380
1
8
15
27
26
22
10
3
16378
1
9
14
24
25
20
11
0
16378
16382
5
20
25
26
24
9
1
16377
0
4
15
24
26
21
12
5
16378
16378
5
11
26
26
22
13
1
16381
16377
3
18
26
27
24
15
16382
16381
16378
3
10
20
26
19
16
2
16380
16382
4
12
22
27
24
3
