88
6
16383
16377
16375
17
17
17
22
28
28
21
15
5
16383
16380
16381
16381
9
18
26
32
27
21
9
5
16379
16375
16379
2
10
17
23
29
29
19
11
2
16378
16378
16377
6
17
20
29
27
25
18
5
16383
16377
16377
16381
4
14
23
25
28
24
13
7
16380
16377
16375
1
6
15
23
29
29
23
17
2
16379
16376
16375
16380
9
18
24
30
25
22
11
3
16383
16380
16380
16383
11
18
27
29
24
15
8
16383
16379
16377
16383
5
16
21
25
30
21
20
6
16381
16378
16377
16380
6
13
23
26
24
23
14
5
16379
16380
16378
16383
7
16
25
27
26
23
8
2
16380
16380
16377
3
15
19
24
26
27
18
8
0
16379
16379
16377
2
12
22
27
29
24
16
8
0
16375
16376
16380
3
11
20
27
29
22
15
9
16378
16376
16378
16383
6
21
26
28
33
23
13
8
16382
16377
16377
1
11
19
25
29
24
21
10
16383
16380
16377
16382
16381
11
21
23
32
25
17
11
16383
16379
16374
16382
3
16
24
27
27
26
17
6
0
16378
16379
16379
5
15
24
29
28
19
14
5
16380
16376
16378
16383
8
16
26
27
29
18
10
1
16378
16375
16380
3
10
20
27
25
25
19
9
0
16378
16378
16379
3
16
21
27
26
24
12
8
16383
16375
16378
3
5
15
20
26
30
20
15
4
16382
16379
16374
16379
7
16
22
27
25
25
16
2
16379
16377
16378
16381
10
19
26
26
26
21
13
1
16379
16377
16380
2
12
19
26
28
25
18
11
16383
16377
16378
16380
3
15
22
28
27
23
14
8
16383
16380
16375
16380
9
17
21
28
26
22
15
2
16378
16375
16379
16383
8
17
23
23
25
21
13
1
16379
16374
16378
16383
8
23
26
29
25
20
11
2
16375
16372
16379
1
13
20
27
30
25
18
10
16382
16375
16378
16378
3
13
21
25
27
22
20
9
16381
16373
16376
16379
10
15
25
24
30
21
12
2
16379
16380
16380
16381
9
20
25
27
29
18
11
1
16379
16378
16382
4
7
19
25
28
28
22
11
0
16377
16375
16379
6
12
21
26
31
22
16
12
0
16378
16380
16381
5
12
20
27
30
23
12
5
16381
16374
16379
1
6
17
22
29
28
22
15
4
16383
16379
16377
16381
9
20
25
24
26
20
14
4
16381
16376
16378
0
10
21
26
27
27
20
11
16383
16377
16376
16381
4
15
22
26
27
24
15
6
16382
16377
16375
16380
5
16
24
29
28
21
13
6
16381
16378
16378
16383
5
20
25
30
27
23
14
4
16379
16374
16381
1
8
22
27
27
25
20
11
2
16379
16378
16381
3
11
23
25
29
25
20
9
3
16378
16378
16382
2
13
21
29
29
26
15
8
16382
16377
16378
16383
7
15
21
26
29
23
12
5
16375
16379
16379
16383
5
18
26
30
30
20
12
3
16378
16374
16379
4
10
21
21
25
27
20
12
3
16375
16379
16382
0
12
19
28
29
23
17
7
2
16375
16374
16380
6
14
23
30
26
25
18
6
16382
16377
16375
3
8
18
26
28
25
21
17
6
16381
16375
16376
16380
7
16
26
30
28
22
14
4
16380
16375
16381
16383
11
20
26
32
25
17
9
16382
16375
16376
16381
6
13
20
26
29
24
19
9
16381
16379
16377
16381
6
14
24
28
28
21
13
5
16379
16381
16380
0
6
16
25
31
28
18
15
1
16379
16377
16379
4
8
20
29
24
27
18
13
1
16381
16381
16380
16382
13
19
29
30
25
15
8
1
16378
16378
0
4
13
18
27
30
26
17
4
16382
16377
16376
0
10
14
26
25
33
21
14
3
16379
16375
16375
16381
11
20
28
27
26
22
10
2
16382
16377
16381
1
11
18
27
30
26
22
14
0
16378
16378
16382
1
13
23
26
25
22
16
8
16382
16377
16376
1
4
15
24
30
28
21
15
4
16381
16377
16379
3
7
18
27
27
28
22
8
3
16381
16375
16376
4
12
19
24
24
26
18
11
0
16377
16376
16379
3
11
20
30
27
22
13
7
16380
16376
16376
16382
5
13
19
29
29
25
16
7
0
16378
16378
16379
5
18
22
26
25
23
13
2
2
16378
16378
1
9
21
27
28
26
19
11
3
16383
16377
16377
3
11
19
28
32
27
21
9
16382
16379
16377
0
4
13
24
29
28
25
17
4
16382
16378
16374
16379
4
14
19
30
27
24
15
2
16379
16376
16377
3
9
15
25
28
27
24
13
3
16381
16377
16379
1
9
19
23
31
23
21
10
1
16381
16375
16376
1
10
21
27
30
23
19
7
16380
16380
16374
16381
4
12
21
28
26
25
16
7
16378
16374
16378
1
7
15
22
26
29
21
15
3
16382
16380
16381
0
5
15
22
32
28
20
10
2
16381
16378
16380
1
12
15
23
26
27
18
11
1
16378
16378
16378
3
14
22
25
30
26
15
7
16383
16379
16379
16383
6
13
23
29
25
25
14
7
16381
16377
16378
2
9
13
24
30
28
20
11
4
16380
16379
16378
3
12
17
24
30
31
20
12
0
16379
16378
16382
5
10
18
24
29
26
21
10
2
16380
16377
16380
3
15
23
26
26
