49
3
16383
16374
16375
11
11
11
20
30
29
29
29
19
9
16383
16378
16371
16375
1
6
11
22
29
32
27
25
15
7
16381
16373
16373
16377
16383
10
17
30
30
31
29
20
10
4
16380
16374
16373
16379
2
13
19
27
32
31
28
21
9
1
16379
16376
16374
16381
6
14
21
26
33
28
24
18
6
16379
16374
16376
16375
16381
6
18
26
32
30
27
20
12
1
16381
16377
16370
16377
0
9
22
28
31
30
24
19
15
3
16380
16374
16372
16378
5
15
24
31
28
27
26
14
6
16381
16378
16376
16377
16383
6
11
26
28
31
27
21
11
2
16381
16377
16371
16378
1
10
19
22
31
29
25
15
9
16383
16378
16377
16376
16376
2
13
20
27
30
30
24
17
7
16382
16375
16375
16374
16381
8
16
24
29
35
32
18
13
5
16378
16374
16374
16376
0
10
18
24
29
32
26
23
10
4
16377
16373
16375
16381
3
10
21
25
33
31
25
20
9
16383
16375
16372
16376
16380
8
13
22
32
29
31
24
14
8
16382
16375
16372
16375
16380
10
17
25
27
29
27
18
14
1
16376
16375
16377
16377
3
11
21
25
34
29
24
21
11
16382
16378
16374
16373
16382
5
15
25
29
29
27
21
14
8
16383
16378
16373
16376
16382
7
18
26
30
26
27
19
13
1
16377
16375
16375
16377
0
8
18
27
27
30
25
21
7
4
16378
16375
16372
16383
2
9
20
29
35
31
24
17
6
16381
16375
16374
16378
16382
5
13
24
29
31
33
21
10
3
16381
16375
16376
16377
3
9
17
25
29
30
26
21
7
2
16378
16377
16378
16379
3
11
21
28
32
32
30
20
5
16383
16373
16373
16374
16379
5
15
20
31
29
33
20
17
1
16381
16375
16374
16376
16383
8
17
28
29
32
26
22
11
3
16377
16374
16372
16375
2
15
20
25
31
27
22
17
8
2
16376
16374
16377
16382
5
14
26
28
29
27
22
17
6
16381
16372
16374
16373
16382
5
19
24
29
29
27
19
13
4
16379
16375
16374
16380
6
12
18
25
34
29
27
18
8
1
16377
16372
16375
16380
2
11
24
27
33
30
24
16
6
16383
16375
16375
16379
16381
8
15
26
30
31
31
20
16
5
16383
16378
16373
16381
1
10
18
25
32
30
26
17
8
16382
16378
16375
16374
1
1
14
21
29
32
37
26
16
10
16383
16377
16370
16374
16380
7
12
22
31
34
27
23
13
1
16380
16374
16374
16374
16382
8
18
25
31
34
29
20
11
5
16379
16377
16373
16379
0
11
19
29
30
30
27
19
8
16383
16374
16375
16374
16381
7
14
21
32
32
33
23
19
7
16381
16375
16373
16375
1
8
16
24
29
29
30
24
13
3
16379
16375
16374
16379
3
10
18
26
30
33
27
19
10
2
16378
16375
16376
16381
16383
13
26
28
30
29
25
15
8
16382
16374
16373
16373
16380
5
14
25
29
30
27
24
13
6
16381
16378
16377
16374
1
9
19
24
31
35
29
21
12
1
16377
16375
16374
16378
3
10
21
30
33
29
26
19
7
16381
16382
16374
16375
16383
2
14
21
31
31
31
24
16
10
16381
16375
16376
16370
16382
5
19
27
27
31
27
23
11
3
16382
16375
16373
16377
1
8
20
25
30
28
26
23
11
2
16375
16372
16369
16381
3
13
19
28
32
31
25
18
8
16382
16377
16374
16377
16381
6
13
25
27
32
27
26
12
7
16381
16375
16375
16380
1
10
18
30
28
31
28
23
9
6
16380
16375
16374
16380
1
13
21
28
31
29
27
18
12
2
16377
16375
16374
16381
5
11
24
27
31
27
23
12
7
16382
16373
16372
16376
16382
7
18
23
29
30
24
19
11
16383
16381
16376
16373
16377
2
11
21
26
32
31
26
21
9
16382
16376
16378
16374
16379
6
10
21
29
30
32
22
13
3
16383
16374
16376
16376
0
9
16
27
29
34
27
22
11
3
16378
16377
16376
16378
16381
12
18
26
30
29
26
17
11
16382
16376
16373
16374
16376
0
12
18
28
31
32
25
15
5
16380
16377
16371
16377
1
4
17
24
31
29
31
20
14
4
16375
16377
16377
16375
0
11
20
26
30
29
29
19
10
5
16381
16372
16374
16379
5
10
21
26
29
30
24
16
10
16381
16375
16373
16375
16381
4
11
23
31
29
30
23
18
5
16381
16376
16371
16378
1
12
19
19
27
29
26
24
14
3
16381
16374
16373
16377
5
9
24
28
30
29
25
21
7
0
16379
16373
16377
1
5
12
23
34
31
29
22
18
6
16380
16378
16372
16378
16382
8
14
24
33
29
23
21
11
4
16378
16375
16380
16381
1
9
24
27
31
32
23
18
9
16382
16374
16377
16372
16381
3
13
22
30
29
31
21
15
4
16378
16377
16370
16377
16383
6
16
24
32
33
26
23
17
5
16379
16375
16374
16378
0
9
22
29
28
30
25
20
11
16382
16373
16374
16371
16378
1
13
21
30
27
29
23
15
7
1
16373
16373
16378
2
8
18
26
31
33
27
25
11
3
16377
16373
16371
16377
1
13
21
25
33
29
29
20
9
2
16375
16374
16375
16377
3
9
21
26
29
29
25
20
8
16382
16375
16372
16376
16381
11
18
23
28
