18
16325
16321
16322
16327
16363
16363
16363
16378
10
29
48
61
70
77
83
81
75
65
49
34
17
16383
16367
16351
16339
16328
16324
16321
16325
16332
16346
16360
16377
9
27
47
58
71
79
82
81
76
67
53
37
22
2
16368
16355
16341
16329
16327
16323
16325
16331
16342
16356
16375
7
26
42
58
70
76
82
83
75
70
56
40
23
6
16375
16355
16345
16330
16328
16321
16326
16327
16341
16355
16370
8
22
38
55
67
77
83
81
79
69
58
42
30
9
16372
16358
16343
16331
16327
16328
16323
16327
16340
16353
16368
2
23
37
55
64
72
81
81
80
72
57
47
28
11
16375
16361
16343
16334
16330
16319
16324
16331
16333
16349
16366
16382
15
33
55
64
75
79
81
74
75
63
53
32
15
16380
16364
16349
16336
16331
16324
16325
16326
16337
16346
16360
16382
15
31
45
63
73
81
82
81
71
65
50
31
16
16382
16367
16349
16340
16329
16321
16326
16329
16337
16349
16361
16375
13
27
44
63
71
77
82
82
75
63
54
37
22
0
16370
16350
16336
16333
16322
16321
16322
16334
16345
16357
16375
10
27
43
58
72
75
81
81
77
69
54
37
25
6
16369
16353
16343
16328
16327
16325
16327
16333
16344
16359
16374
9
26
42
55
70
81
81
79
77
65
54
39
23
7
16372
16358
16342
16331
16324
16319
16328
16332
16339
16358
16372
8
23
40
57
65
77
81
81
76
71
56
41
27
8
16374
16361
16342
16331
16324
16320
16322
16331
16339
16353
16368
1
22
39
52
66
74
82
82
78
69
63
44
27
10
16375
16359
16344
16335
16329
16327
16321
16329
16338
16354
16367
16381
19
35
49
62
74
80
81
79
73
62
49
31
14
16377
16364
16349
16334
16323
16321
16325
16330
16338
16348
16366
0
14
33
47
63
72
79
79
78
73
62
47
30
13
16383
16362
16347
16335
16328
16327
16326
16329
16337
16345
16361
16380
17
34
49
60
70
78
79
76
70
62
50
33
16
16382
16367
16350
16338
16329
16323
16324
16327
16335
16346
16360
16376
13
25
42
60
72
77
81
74
74
65
55
36
19
2
16365
16351
16340
16330
16326
16326
16323
16333
16345
16359
16378
6
28
44
55
64
77
82
78
78
64
55
37
20
4
16367
16353
16341
16331
16322
16320
16326
16334
16341
16356
16372
7
23
42
54
70
75
80
80
76
71
56
39
26
4
16373
16358
16343
16331
16326
16323
16322
16330
16339
16351
16374
7
19
40
52
64
75
82
84
77
72
57
42
27
11
16376
16360
16343
16332
16323
16323
16324
16332
16336
16352
16366
16381
16
36
50
65
74
79
80
76
73
60
43
28
12
16381
16363
16347
16332
16327
16323
16325
16329
16339
16351
16365
16383
15
33
46
64
73
77
80
78
71
60
47
34
13
16379
16367
16350
16335
16325
16326
16327
16325
16338
16346
16364
16379
12
30
46
62
74
78
81
81
73
63
53
38
13
16382
16365
16349
16340
16330
16321
16325
16324
16334
16343
16360
16377
14
29
45
60
71
76
82
81
77
63
51
41
20
3
16368
16353
16336
16330
16321
16322
16328
16334
16345
16360
16374
7
28
44
59
69
77
80
79
74
69
58
42
25
5
16370
16356
16342
16331
16328
16325
16322
16329
16343
16355
16371
5
19
38
51
66
76
81
84
75
66
57
39
22
8
16372
16358
16341
16332
16324
16322
16324
16330
16343
16353
16368
1
18
38
52
67
78
80
81
75
69
59
43
29
10
16377
16359
16343
16333
16325
16323
16323
16329
16337
16353
16369
2
15
34
54
64
75
79
79
81
71
62
48
33
13
16377
16361
16348
16336
16328
16323
16322
16328
16337
16347
16363
16381
14
33
53
64
74
79
82
77
70
64
47
32
17
16379
16364
16349
16334
16328
16325
16325
16324
16337
16349
16361
16378
11
27
47
61
72
79
84
78
74
60
51
35
17
16383
16367
16349
16337
16327
16322
16324
16328
16335
16344
16359
16377
11
29
43
64
71
81
82
79
71
62
52
37
19
2
16369
16353
16337
16329
16322
16323
16325
16329
16345
16358
16377
6
26
43
62
69
80
78
84
77
68
54
37
24
6
16368
16352
16340
16329
16326
16322
16325
16331
16344
16360
16376
6
26
42
55
71
79
82
80
77
66
57
40
25
5
16374
16359
16342
16332
16324
16324
16325
16332
16341
16356
16373
5
22
39
57
71
72
81
81
77
67
56
41
25
11
16376
16358
16343
16328
16326
16325
16327
16334
16343
16351
16369
4
20
42
51
63
77
81
81
78
69
58
46
27
10
16377
16359
16346
16332
16321
16323
16325
16330
16341
16349
16370
0
21
37
52
66
75
82
79
78
73
57
47
29
12
16382
16360
16344
16333
16326
16322
16325
16328
16340
16351
16365
16379
18
35
51
61
73
78
84
77
74
61
51
32
12
16380
16363
16348
16338
16331
16327
16319
16328
16331
16349
16363
16380
11
31
51
61
71
82
80
81
74
65
49
34
18
16380
16364
16345
16337
16329
16325
16325
16328
16335
16350
16362
16378
13
29
42
58
72
77
84
79
73
65
51
36
17
3
16366
16351
16341
16331
16323
16321
16326
16333
16344
16362
16376
10
26
42
61
72
77
82
81
73
63
51
41
23
0
16368
16354
16339
16328
16327
16322
16325
16332
16341
16356
16371
9
26
40
58
67
76
81
82
78
66
54
40
22
7
16372
16355
16340
16330
16324
16321
16327
16331
16342
16355
16372
5
20
39
56
67
78
79
81
76
53
