5
5
11
15
20
4
4
4
3
4
6
15
19
17
13
6
1
1
9
14
20
19
15
5
16382
16383
7
14
19
17
12
8
2
4
4
13
19
25
16
5
3
1
4
12
18
22
17
9
2
1
2
12
15
20
19
10
1
3
4
12
18
22
15
7
5
2
0
12
17
22
18
10
5
16382
16383
11
17
18
16
13
9
3
2
10
15
21
19
15
5
2
0
7
13
16
17
15
4
1
2
5
12
21
16
18
8
3
3
4
15
18
25
16
10
2
16382
2
12
17
20
14
11
2
16379
3
9
19
21
17
12
1
1
4
9
17
20
17
14
6
0
1
8
15
19
17
15
5
16382
16382
5
16
20
21
15
8
2
4
7
9
20
22
12
9
0
16383
6
11
21
19
13
7
16383
0
6
12
18
18
18
13
4
16383
4
13
19
18
20
10
2
1
1
10
16
19
13
11
3
2
5
7
17
19
19
11
7
0
4
9
17
22
20
17
6
2
0
5
17
21
18
14
6
16383
16382
8
17
18
20
16
3
16383
16383
6
14
20
19
13
8
1
2
4
11
18
21
17
9
2
16383
6
11
14
20
17
9
1
1
3
11
16
23
19
14
6
0
6
9
18
19
21
9
4
3
0
7
15
22
17
13
8
3
5
9
15
19
22
14
6
3
0
8
12
22
21
13
9
16381
3
5
12
20
24
16
10
4
3
2
12
17
21
13
9
2
2
5
13
17
19
14
10
7
0
3
6
14
19
16
10
6
1
2
14
16
20
18
10
5
1
4
4
16
22
17
13
10
16383
0
4
15
19
18
17
6
2
2
8
14
23
21
15
5
1
2
7
15
18
19
15
8
4
16383
7
12
20
19
19
7
5
4
6
9
17
21
18
9
4
2
6
8
17
19
18
14
5
16383
5
8
15
23
18
10
4
16383
2
10
18
21
22
11
3
16383
2
5
15
21
18
13
8
16383
16383
6
15
21
23
15
9
3
16383
7
13
18
19
15
7
2
2
8
10
20
17
16
9
3
2
7
13
19
20
17
14
8
0
3
11
16
17
18
12
6
0
5
5
21
20
23
11
2
16383
16382
7
17
19
18
14
5
2
4
8
17
22
21
15
5
4
1
9
13
21
16
17
6
2
2
7
17
19
15
16
9
5
2
2
14
19
19
19
8
0
1
1
9
21
23
17
13
6
16379
6
10
13
20
17
11
7
1
2
11
15
21
21
13
7
16382
1
10
14
24
19
17
4
0
0
5
13
21
21
14
8
2
2
8
13
21
18
15
6
4
1
7
14
23
19
15
11
4
0
3
13
18
21
15
14
5
0
2
9
18
22
17
13
1
0
3
9
13
21
21
15
7
3
1
8
17
21
21
10
7
4
1
7
15
23
18
14
7
1
0
8
17
19
23
11
6
2
1
4
13
18
19
17
8
2
1
4
10
20
22
15
9
5
1
1
12
21
19
18
11
3
16383
3
11
14
15
17
10
2
0
2
11
19
20
18
17
6
3
1
10
15
22
19
15
7
0
4
8
17
20
22
14
7
1
1
6
17
21
17
13
9
4
5
8
14
17
21
11
9
16383
4
5
12
16
19
17
5
1
16383
3
8
16
23
18
10
2
16383
3
9
20
21
18
13
6
16379
2
9
20
22
19
10
6
16382
16383
7
15
21
21
14
6
4
4
5
17
19
17
11
5
0
3
6
16
19
21
16
9
0
2
6
10
18
18
13
8
1
1
9
14
16
21
15
9
1
4
4
10
20
21
18
10
2
1
5
10
20
23
20
11
1
16383
1
6
19
19
18
15
7
1
3
6
15
20
18
14
5
3
4
8
13
16
18
15
6
2
3
6
10
17
19
14
10
2
3
6
12
17
21
15
5
5
16381
4
12
18
21
18
5
2
0
5
14
18
19
18
13
2
1
5
8
18
20
14
11
2
2
1
9
17
19
21
9
1
16382
2
9
16
20
20
14
4
1
3
9
12
18
19
13
7
1
3
9
15
19
18
13
9
0
16383
8
12
19
21
16
9
4
0
1
14
19
20
16
10
2
4
2
11
17
20
17
9
3
2
6
12
15
23
17
12
2
16383
3
5
14
20
19
11
7
16381
6
9
20
19
17
17
7
5
3
8
14
21
14
15
9
1
2
7
11
18
20
15
8
1
3
6
12
17
16
17
10
5
16381
4
7
21
20
17
13
0
0
1
10
17
19
16
9
2
16383
2
10
19
23
19
15
6
16382
2
10
15
19
15
13
8
16383
16383
9
16
15
16
14
9
4
1
6
15
20
18
17
11
6
2
4
13
17
18
14
5
2
16382
5
11
17
22
16
10
5
16383
1
14
15
21
15
8
16382
1
4
13
17
18
19
11
1
