61
16362
16335
16314
16318
21
21
21
57
86
93
83
58
21
16365
16330
16316
16316
16334
16364
20
59
85
93
82
53
14
16363
16333
16314
16316
16336
16367
24
61
81
93
82
57
14
16360
16331
16313
16315
16337
16370
27
61
87
90
80
51
13
16358
16326
16314
16318
16335
16370
26
61
87
95
79
51
14
16358
16328
16314
16318
16335
16379
28
64
86
96
79
51
9
16356
16325
16313
16319
16340
16377
33
63
81
89
76
46
9
16356
16328
16311
16318
16343
16380
31
64
84
89
75
49
10
16353
16326
16312
16318
16341
16378
31
65
84
91
71
48
7
16354
16326
16313
16322
16345
16378
33
72
90
90
78
44
6
16354
16324
16311
16321
16347
16378
36
67
89
89
75
41
6
16353
16323
16318
16322
16345
16377
36
70
89
91
70
39
3
16350
16323
16313
16321
16344
16383
40
71
87
90
73
37
4
16347
16319
16312
16320
16350
1
40
71
88
91
75
39
2
16349
16323
16313
16323
16348
3
38
70
90
88
70
38
2
16347
16322
16314
16322
16352
5
45
75
90
89
71
37
16381
16345
16323
16319
16327
16350
3
42
75
91
86
70
35
16381
16344
16320
16312
16327
16353
7
42
77
91
88
65
36
16376
16344
16318
16310
16326
16353
8
46
74
91
83
63
36
16377
16340
16319
16313
16327
16354
11
51
81
90
86
64
28
16375
16346
16319
16314
16330
16355
10
47
77
91
88
62
27
16377
16339
16319
16314
16326
16359
11
50
79
91
85
62
27
16373
16341
16319
16315
16333
16363
11
51
78
92
81
61
27
16368
16337
16320
16312
16330
16362
19
55
78
89
85
61
23
16371
16335
16319
16317
16331
16365
16
53
79
94
88
58
22
16368
16336
16319
16314
16333
16362
20
58
81
91
85
62
20
16367
16336
16317
16314
16331
16365
20
55
83
90
82
58
19
16365
16332
16315
16316
16334
16365
17
52
80
89
78
56
22
16368
16330
16316
16313
16336
16367
22
57
83
92
83
58
19
16363
16333
16311
16316
16334
16366
24
55
86
94
81
53
18
16365
16333
16315
16318
16338
16367
26
62
83
87
82
55
16
16363
16333
16311
16316
16335
16371
24
59
83
92
79
52
16
16362
16330
16316
16317
16337
16369
25
59
85
94
81
52
15
16360
16330
16314
16317
16336
16369
26
60
86
94
78
55
14
16360
16332
16312
16315
16338
16374
28
61
83
92
76
55
14
16359
16328
16314
16319
16339
16374
32
66
87
91
77
48
11
16357
16330
16316
16317
16341
16373
32
65
87
90
78
46
9
16357
16328
16315
16321
16341
16375
33
63
83
91
74
48
9
16354
16325
16315
16316
16342
16375
34
65
89
91
73
48
8
16354
16327
16315
16323
16347
16377
33
68
85
92
75
49
8
16356
16325
16312
16321
16343
16379
35
69
90
88
73
45
6
16351
16326
16313
16320
16346
16379
36
68
89
92
74
41
16383
16354
16323
16317
16320
16346
16379
35
67
90
90
73
36
2
16348
16324
16313
16324
16345
16381
38
68
90
90
75
36
16383
16347
16322
16315
16323
16348
16382
40
72
90
88
71
42
0
16346
16320
16314
16323
16353
3
43
72
90
86
67
38
16383
16348
16322
16311
16324
16351
8
41
71
91
88
69
36
0
16346
16323
16315
16324
16354
2
44
74
90
88
70
34
16380
16340
16320
16315
16327
16351
5
41
75
92
85
68
34
16380
16345
16317
16313
16326
16353
7
44
76
89
88
71
35
16377
16345
16318
16312
16328
16354
9
50
73
87
84
62
32
16377
16344
16319
16317
16327
16356
8
48
76
93
88
65
29
16374
16342
16316
16312
16326
16356
13
48
77
92
85
62
29
16374
16340
16320
16313
16331
16358
11
51
76
91
88
63
26
16367
16337
16316
16319
16333
16357
13
52
81
90
82
59
28
16369
16335
16315
16317
16334
16362
16
56
80
91
83
62
26
16370
16336
16318
16315
16332
16360
20
58
80
94
82
63
20
16368
16338
16315
16313
16333
16363
14
55
82
91
80
56
17
16364
16335
16315
16317
16335
16363
19
56
83
96
81
54
20
16364
16333
16315
16314
16331
16366
18
54
83
91
84
56
18
16361
16330
16312
16319
16337
16367
24
61
83
89
82
57
14
16366
16330
16316
16319
16335
16367
24
61
84
93
80
55
14
16362
16330
16318
16314
16337
16373
24
61
86
92
81
52
13
16358
16330
16311
16321
16336
16371
30
64
83
90
77
50
13
16358
16326
16315
16318
16340
16375
28
64
86
93
82
49
10
16358
16326
16313
16321
16339
16375
29
68
87
90
77
50
12
16356
16328
16314
16319
16341
16375
33
63
87
89
80
47
10
16359
16327
16314
16319
16342
16379
32
70
87
90
74
46
8
16357
16327
16316
16315
16342
16375
36
63
86
93
75
42
0
16353
16325
16314
16323
16342
16379
31
71
89
90
76
43
8
16352
16323
16312
16322
16349
16378
33
66
89
93
72
43
3
16349
16323
16312
16321
16344
16383
36
69
88
92
74
44
4
16348
16322
16313
16322
16346
16383
39
70
91
88
73
40
2
16348
16322
16313
16324
16349
1
43
73
92
90
72
39
16382
16347
16324
16314
16319
16349
2
42
75
90
90
71
34
16381
16344
16318
16311
16324
16348
3
42
69
89
87
67
36
16381
16345
16321
16313
16323
16351
4
41
75
93
89
71
35
16379
16343
16321
16311
16324
16353
6
49
76
93
89
66
35
16377
16341
16318
16311
16325
16355
8
50
78
90
87
16377
