13
16374
16378
2
3
21
21
21
26
34
34
34
41
44
45
46
44
41
43
41
39
39
37
27
26
17
10
9
4
0
16381
16373
16368
16364
16363
16362
16361
16361
16363
16361
16362
16365
16369
16368
16373
16378
16382
6
7
14
21
27
34
32
33
37
42
45
41
47
44
46
40
40
33
32
32
26
19
15
11
6
3
16380
16373
16370
16369
16367
16363
16359
16357
16360
16360
16362
16360
16367
16372
16370
16375
16382
16382
4
11
18
25
26
31
34
39
38
40
47
47
42
46
43
40
38
36
28
26
21
17
12
6
1
16381
16375
16370
16369
16363
16367
16364
16360
16362
16355
16359
16365
16364
16369
16373
16377
16381
16383
8
12
14
18
25
31
32
41
41
41
44
47
43
45
45
43
38
36
36
28
25
20
17
11
4
3
16377
16374
16371
16368
16363
16363
16363
16358
16361
16362
16363
16367
16369
16370
16375
16379
0
2
9
16
18
21
29
34
35
39
42
45
42
44
42
46
43
43
36
33
29
22
20
17
14
8
2
16382
16373
16371
16366
16365
16364
16362
16362
16361
16358
16361
16362
16366
16371
16368
16375
16380
2
4
11
14
21
23
29
34
37
41
43
47
42
43
45
44
41
43
40
32
28
21
18
15
9
4
16383
16378
16370
16371
16364
16364
16362
16360
16358
16360
16358
16361
16366
16367
16369
16375
16378
16382
4
6
15
17
24
29
33
35
39
38
44
45
45
46
40
44
38
37
36
29
25
25
13
10
9
1
16380
16379
16371
16370
16365
16363
16361
16362
16358
16360
16360
16366
16367
16367
16371
16376
16379
1
6
10
16
25
23
30
38
40
42
42
43
44
43
46
47
42
41
35
30
26
26
17
14
10
4
16382
16380
16373
16369
16369
16363
16359
16360
16361
16361
16362
16362
16366
16369
16367
16372
16377
1
5
7
14
20
22
24
32
35
40
43
43
43
45
43
46
41
39
36
33
30
26
22
15
14
10
16383
16380
16375
16373
16370
16370
16366
16365
16362
16361
16358
16362
16364
16363
16367
16371
16375
16381
0
7
10
18
21
25
31
35
38
45
41
45
44
45
46
46
42
39
35
33
30
25
19
11
12
2
1
16377
16373
16369
16369
16362
16362
16361
16358
16359
16358
16360
16363
16368
16365
16373
16376
16382
6
10
14
17
21
28
30
38
39
43
43
47
45
43
45
42
41
37
34
31
25
21
19
13
6
1
16381
16376
16373
16370
16363
16363
16362
16359
16361
16361
16363
16366
16363
16364
16369
16375
16381
2
7
8
14
20
27
33
30
36
42
43
42
43
45
43
44
41
39
36
34
29
24
17
19
11
4
2
16379
16374
16369
16363
16366
16360
16362
16362
16359
16359
16365
16366
16366
16372
16374
16380
3
4
11
13
18
25
27
34
38
41
42
41
43
44
47
44
42
38
34
34
30
26
21
15
13
6
1
16378
16376
16374
16369
16363
16360
16359
16359
16359
16362
16362
16363
16365
16367
16369
16377
16381
2
7
12
16
20
25
31
32
36
40
44
44
44
49
45
44
41
35
33
28
26
21
18
8
7
2
16377
16376
16374
16370
16367
16364
16361
16358
16360
16361
16363
16363
16365
16370
16372
16376
16379
16382
3
10
11
19
25
31
32
35
42
41
42
44
46
47
42
43
37
38
32
29
26
18
12
10
3
16382
16377
16375
16371
16366
16365
16359
16358
16362
16363
16360
16362
16364
16365
16369
16375
16379
16380
5
6
14
17
23
31
36
36
39
41
41
44
47
46
42
43
39
36
33
29
27
21
17
10
4
16379
16380
16377
16369
16365
16367
16362
16359
16361
16361
16359
16357
16362
16367
16373
16371
16382
16381
2
9
12
16
24
27
31
33
40
40
43
46
42
47
41
38
42
38
33
34
25
21
17
12
5
2
1
16378
16375
16369
16366
16361
16361
16360
16360
16361
16359
16365
16366
16370
16370
16372
16381
16383
8
9
13
20
22
31
30
38
40
41
42
43
44
46
46
43
41
34
35
29
25
20
15
10
3
16383
16379
16378
16371
16369
16365
16364
16361
16359
16362
16362
16363
16363
16368
16372
16374
16380
16383
5
9
15
18
19
27
32
32
41
43
46
50
45
45
44
43
39
38
31
31
25
22
13
9
6
5
16379
16375
16375
16369
16366
16362
16362
16358
16358
16357
16363
16362
16367
16367
16373
16374
16383
1
6
10
20
23
28
33
36
37
41
42
45
46
46
45
41
44
39
35
32
25
18
18
14
7
5
16381
16378
16375
16370
16365
16367
16364
16362
16362
16359
16361
16362
16367
16364
16373
16375
16377
16381
4
11
12
21
23
27
31
35
40
42
45
43
45
47
43
43
40
38
31
31
26
21
19
8
5
16383
16378
16375
16369
16367
16362
16362
16363
16363
16358
16359
16363
16361
16365
16372
16371
16378
16381
2
8
11
15
22
30
29
34
35
43
42
42
46
47
46
46
41
36
36
33
27
22
15
14
7
3
16382
16376
16372
16370
16364
16364
16363
16360
16362
16361
16363
16361
16364
16366
16372
16376
16379
16380
6
9
17
21
26
29
31
33
39
43
43
48
45
43
43
44
40
36
35
30
26
19
16
7
6
16383
16380
16375
16371
16369
16361
16358
16361
16358
16361
16360
16359
16366
16367
16373
16370
16375
1
1
6
12
20
21
27
27
33
37
40
43
45
42
48
44
41
42
40
36
30
28
18
