44
12
18
19
14
5
5
5
11
17
15
12
10
2
6
11
14
11
13
11
6
7
9
15
16
14
9
6
6
6
12
13
17
12
9
9
8
10
11
15
14
14
7
6
10
10
17
16
13
7
10
3
11
13
16
15
9
6
6
10
13
19
12
11
9
1
9
13
13
17
11
10
7
7
8
12
17
15
9
3
2
8
14
15
13
10
10
5
6
10
16
13
17
10
5
3
6
13
17
14
10
6
7
9
13
16
14
14
10
8
4
8
12
14
11
7
8
5
6
9
15
15
11
9
10
4
9
11
19
16
9
6
5
7
11
17
13
13
10
10
7
11
11
15
12
12
7
5
10
16
15
16
16
10
5
7
14
17
16
14
8
2
8
7
16
14
11
10
5
6
5
13
17
14
15
9
6
11
9
18
19
13
13
6
8
10
15
16
19
9
10
6
5
12
17
18
11
9
8
7
12
16
18
12
11
10
12
9
12
14
14
12
9
5
5
10
14
15
13
12
5
1
7
13
15
11
14
5
7
5
10
13
14
13
7
6
8
6
18
15
15
13
10
5
8
13
14
15
11
8
3
7
12
17
18
15
9
4
5
6
12
12
13
11
5
6
5
13
19
16
12
8
6
3
6
13
15
14
14
4
7
9
9
15
15
10
11
5
4
11
15
15
15
9
5
7
9
12
18
15
11
4
7
9
13
18
16
12
6
8
8
9
9
17
17
10
5
6
7
12
15
18
13
6
7
9
11
14
13
12
11
8
5
8
14
17
18
11
6
1
8
11
16
17
9
8
6
7
10
14
16
14
12
6
5
9
13
14
14
14
9
7
9
10
13
13
15
9
7
7
10
15
14
13
10
7
6
7
10
15
17
15
6
6
5
11
13
17
15
9
9
7
8
12
14
14
11
11
8
8
10
14
21
16
10
5
4
7
11
14
14
12
10
5
8
10
14
14
15
9
5
4
10
11
21
14
12
7
5
8
12
13
18
14
8
6
4
10
13
17
13
11
3
4
5
12
17
14
13
7
1
8
12
14
16
14
9
9
6
11
11
20
18
12
5
4
6
9
17
14
11
9
3
5
12
14
16
16
9
6
6
7
12
15
16
13
6
1
6
13
14
15
15
7
8
5
8
14
18
14
12
8
3
7
13
12
18
14
8
5
9
10
17
18
14
6
4
8
6
13
15
11
10
8
7
11
12
14
14
11
7
7
9
6
15
14
15
9
10
6
9
12
15
13
9
11
8
9
10
13
16
16
9
7
10
10
11
18
17
14
8
6
7
14
14
14
12
10
6
8
10
14
15
17
10
5
7
10
11
13
17
12
7
6
7
10
11
16
15
10
8
7
9
14
20
17
14
11
7
10
11
13
17
15
10
7
8
13
13
15
17
12
9
7
8
14
15
18
11
7
7
4
11
13
16
15
10
8
5
9
12
14
15
12
9
8
5
8
13
18
15
9
8
5
6
15
15
15
14
10
9
9
11
13
16
14
12
6
3
11
14
17
16
9
7
4
10
11
20
15
14
7
7
6
12
18
16
15
11
6
7
11
12
19
17
13
11
4
6
9
17
16
11
8
7
7
9
13
13
13
9
7
8
9
11
12
14
11
6
6
9
16
14
17
14
5
9
4
12
12
16
16
8
6
3
7
12
12
18
12
5
5
7
10
13
13
14
10
4
6
9
14
14
16
11
6
6
5
14
19
14
11
10
6
4
8
13
17
16
11
8
3
5
8
16
11
14
8
8
5
9
13
18
12
8
7
7
7
15
12
19
17
9
3
9
10
15
12
13
10
4
5
8
14
15
13
15
8
8
6
12
17
13
12
8
6
8
8
15
16
15
6
3
3
9
11
15
13
11
6
4
7
9
16
17
14
10
6
5
6
10
13
16
11
8
5
8
14
15
14
13
9
5
6
7
14
17
14
10
8
7
8
13
18
17
14
7
2
7
11
17
15
16
9
5
4
10
15
12
16
16
9
9
5
11
17
15
15
11
4
7
11
16
12
15
15
8
4
8
11
17
17
13
6
2
10
12
14
17
12
10
6
1
10
12
15
15
10
7
6
9
13
15
18
11
9
2
8
12
12
19
14
9
8
8
8
15
18
16
9
5
7
8
11
13
15
13
8
4
6
9
19
17
16
12
4
5
5
12
17
16
14
10
7
7
6
14
17
15
11
8
7
10
14
17
15
11
7
5
6
10
14
17
16
10
3
6
10
11
11
17
10
7
7
9
12
11
17
13
8
4
2
9
15
15
15
14
9
7
8
12
14
16
13
7
5
7
10
18
13
10
9
9
8
8
13
14
14
13
9
5
4
11
17
