65
16325
16335
16376
46
25
25
25
16357
16329
16337
5
52
80
65
17
16347
16323
16342
7
59
75
56
8
16345
16326
16348
15
62
76
52
2
16341
16324
16355
24
66
72
48
16376
16338
16331
16364
30
70
78
39
16369
16330
16333
16367
38
74
70
27
16363
16332
16333
16372
47
74
66
23
16355
16329
16341
16383
51
75
63
16
16350
16324
16340
7
59
77
56
10
16343
16321
16348
16
63
75
50
2
16337
16327
16354
23
69
78
44
16378
16333
16330
16362
27
69
78
40
16370
16332
16330
16367
38
73
69
31
16361
16332
16338
16372
43
71
68
24
16356
16328
16339
16382
50
73
63
16
16351
16326
16342
8
56
80
59
8
16345
16328
16350
12
63
78
56
3
16340
16326
16354
24
69
73
50
16377
16334
16326
16360
36
69
78
40
16372
16330
16329
16368
40
72
73
33
16366
16329
16336
16374
45
74
69
27
16357
16327
16337
16382
50
75
63
19
16351
16328
16341
4
54
79
61
13
16343
16329
16348
13
63
76
51
1
16344
16330
16354
21
63
78
45
16380
16334
16330
16361
31
69
71
40
16371
16331
16326
16369
35
71
72
36
16366
16328
16333
16373
47
76
70
26
16358
16326
16337
3
49
77
66
19
16351
16327
16337
1
56
79
62
9
16349
16326
16349
14
61
80
57
5
16343
16328
16352
21
65
78
45
16380
16336
16327
16363
28
67
73
40
16372
16334
16331
16368
36
73
69
34
16365
16332
16335
16372
40
75
68
26
16361
16330
16337
16379
46
75
64
18
16352
16327
16340
4
56
79
58
10
16344
16328
16348
14
55
78
56
2
16341
16326
16351
21
65
77
49
16378
16335
16329
16359
28
71
73
40
16374
16329
16330
16367
34
75
71
35
16367
16330
16333
16374
40
75
69
24
16360
16327
16336
16376
49
74
64
22
16354
16328
16339
2
51
75
59
11
16350
16326
16350
8
57
77
55
2
16343
16327
16354
22
64
77
46
16381
16338
16325
16361
27
63
73
42
16370
16330
16329
16367
34
76
74
35
16369
16330
16330
16374
41
77
72
25
16355
16324
16335
16382
50
78
62
20
16353
16325
16340
5
55
80
62
15
16347
16326
16341
11
61
76
56
8
16345
16327
16351
21
63
77
50
1
16342
16328
16355
25
67
76
43
16375
16337
16333
16366
33
73
70
37
16367
16333
16340
16371
39
74
68
29
16361
16333
16338
16383
49
73
67
19
16357
16328
16341
3
53
75
61
14
16350
16323
16348
9
61
80
59
5
16344
16326
16352
19
66
78
51
16383
16338
16323
16355
25
70
79
45
16376
16333
16328
16361
33
73
75
40
16371
16329
16332
16372
38
73
72
31
16364
16330
16334
16375
42
74
62
27
16357
16331
16340
0
48
75
65
15
16351
16328
16344
9
56
77
57
8
16347
16328
16352
15
60
78
51
5
16341
16325
16354
23
65
76
47
16380
16338
16326
16360
30
70
75
39
16367
16331
16331
16366
41
73
74
34
16363
16327
16337
16374
44
77
71
27
16357
16327
16336
16380
52
76
64
18
16351
16324
16341
3
54
81
60
14
16346
16329
16349
13
60
75
55
5
16342
16329
16350
20
61
76
46
16379
16338
16328
16364
31
68
74
43
16373
16335
16332
16369
37
74
71
36
16366
16332
16333
16374
42
80
73
25
16361
16326
16337
16381
50
78
65
20
16347
16327
16340
7
56
77
61
14
16346
16326
16346
13
61
81
58
4
16340
16328
16351
19
65
77
51
16380
16339
16328
16358
25
69
74
44
16372
16334
16333
16363
32
69
69
37
16365
16331
16334
16370
38
72
65
30
16361
16331
16341
1
48
73
61
19
16353
16325
16343
4
51
78
59
11
16346
16327
16349
11
61
78
56
5
16340
16327
16349
20
65
77
49
16381
16335
16329
16357
29
68
72
45
16373
16331
16329
16363
35
69
75
37
16370
16332
16332
16374
39
74
72
30
16359
16329
16335
16379
46
74
70
18
16356
16327
16338
3
52
77
61
14
16348
16329
16346
9
56
77
57
6
16342
16326
16352
17
63
75
47
16381
16342
16327
16360
23
65
75
40
16373
16333
16332
16363
31
71
73
38
16365
16332
16330
16369
35
72
74
31
16364
16326
16331
16379
46
78
68
26
16359
16325
16340
16383
48
77
67
18
16347
16321
16343
7
57
75
58
8
16346
16327
16346
14
58
77
56
1
16339
16329
16355
22
65
76
48
16378
16338
16328
16360
33
69
72
39
16373
16335
16331
16371
36
74
70
32
16364
16331
16334
16371
42
75
69
26
16357
16327
16337
16383
51
78
68
17
16348
16325
16344
6
56
81
60
15
16345
16325
16348
8
59
80
53
4
16338
16326
16351
19
66
78
53
16381
16334
16325
16355
28
70
76
47
16375
16334
16325
16363
33
74
76
39
16367
16331
16333
16372
39
73
70
27
16363
16333
16337
16376
42
73
65
18
16354
16325
16341
5
54
74
61
14
16348
16329
16347
11
57
73
56
6
16343
16326
16349
18
66
79
51
16380
16337
16328
16360
28
66
73
42
16377
16334
16326
16360
29
72
75
36
16365
16331
16326
16373
38
74
74
34
16360
16330
16330
16376
44
74
69
23
16359
16326
16340
16382
51
75
63
17
16347
16329
16343
6
59
76
57
9
16347
16328
16347
15
61
76
51
1
16342
16325
16355
22
64
74
42
16378
16335
16332
16365
30
68
74
38
16371
16334
16329
16371
38
76
66
31
16363
16327
16331
16376
45
78
67
27
16357
16379
