30
5
8
13
16
6
6
6
11
13
12
6
4
8
11
21
11
6
6
13
14
13
5
6
13
17
16
8
3
10
18
11
10
6
6
13
16
8
5
4
11
14
11
7
4
11
18
11
7
5
8
12
17
9
4
9
14
16
11
5
6
10
19
14
3
5
7
11
11
11
5
10
12
15
12
6
7
15
15
12
5
7
12
14
17
6
0
7
15
15
9
5
7
16
17
6
8
5
13
16
13
6
6
10
16
14
6
7
11
18
14
13
4
4
14
14
9
4
6
12
15
12
6
3
6
15
13
11
5
4
17
16
8
5
6
15
18
11
4
3
11
16
12
7
4
8
13
16
7
6
6
13
16
10
4
4
13
19
13
5
4
10
16
15
5
5
9
9
17
10
4
9
16
14
11
5
5
13
17
15
4
5
9
13
14
10
6
10
12
17
10
6
10
14
17
10
9
6
12
16
12
9
8
8
15
13
9
2
9
14
17
9
5
9
13
13
12
7
3
8
17
15
9
3
6
18
13
9
4
8
13
12
11
5
10
13
17
10
5
6
8
18
17
8
6
9
16
15
10
4
8
11
19
13
1
9
7
17
13
8
6
5
14
16
7
7
10
14
16
7
0
10
11
16
12
5
7
11
13
14
8
9
8
16
15
11
6
7
12
15
11
8
4
13
15
10
5
6
9
13
15
7
5
7
13
18
8
5
8
11
18
11
7
6
15
18
12
6
4
10
15
17
9
5
11
11
16
13
4
7
10
19
11
4
6
12
19
11
7
6
6
16
15
11
1
6
14
14
11
7
9
10
15
15
5
4
10
15
16
6
5
9
11
16
11
6
8
13
16
14
4
8
10
17
12
9
4
6
16
17
10
5
8
13
15
8
5
5
17
19
12
6
5
11
17
14
6
4
7
20
17
8
4
9
15
15
15
4
9
13
16
11
7
6
9
16
13
8
5
10
14
17
11
5
6
15
17
10
6
4
10
14
14
6
5
11
15
17
9
6
8
14
14
14
5
4
13
18
12
5
4
10
16
14
6
2
8
19
17
12
1
5
12
15
10
4
1
9
17
10
9
4
12
17
16
9
5
10
12
18
8
3
5
12
16
9
6
4
10
18
17
8
2
11
14
17
8
3
6
13
15
11
6
5
13
16
11
7
5
10
17
14
10
8
14
14
12
11
6
7
13
16
9
4
7
11
20
14
8
5
7
11
14
8
5
9
16
15
11
6
9
14
18
11
5
9
9
15
13
8
2
9
16
18
9
7
12
15
15
10
4
8
11
15
14
8
8
13
16
15
7
3
9
15
14
8
2
5
13
20
8
5
5
12
15
12
6
3
11
11
14
8
5
12
14
16
7
7
3
14
17
9
3
6
12
16
16
8
5
9
13
14
11
3
8
14
17
9
3
4
12
16
14
8
7
10
16
14
13
10
9
13
15
6
5
5
12
18
11
7
5
14
17
16
6
6
11
17
13
12
6
9
17
17
10
0
6
12
18
8
6
4
14
18
15
7
4
12
15
14
7
6
10
19
14
9
4
5
11
17
14
11
2
12
16
16
7
3
10
16
18
7
5
10
14
18
11
6
10
10
17
13
6
4
10
15
13
10
10
9
17
17
10
7
10
15
20
11
7
5
13
16
13
6
5
12
15
19
10
5
10
15
15
11
5
8
17
18
13
5
9
11
14
12
10
2
8
14
15
11
8
7
13
14
10
2
5
17
18
10
8
6
10
13
17
7
6
7
14
13
9
6
7
12
19
11
6
5
11
16
15
9
5
10
17
17
12
6
9
15
15
10
1
9
12
15
12
4
2
10
16
14
8
6
9
16
16
5
8
8
9
11
11
1
5
13
15
11
6
5
10
14
13
6
4
13
17
18
14
5
9
17
17
11
5
6
12
18
15
8
6
9
14
16
10
6
11
13
19
10
2
9
9
14
11
3
9
11
18
16
5
4
9
15
14
9
8
8
15
17
13
4
7
13
14
14
9
5
11
14
13
9
5
8
15
19
7
5
5
11
14
10
6
8
10
17
10
8
3
7
16
13
6
6
9
13
14
10
6
9
13
16
10
4
3
13
15
13
7
3
7
16
16
9
4
8
13
16
6
4
8
13
11
11
7
5
13
17
14
6
4
7
13
17
11
6
4
12
14
12
6
10
13
13
11
4
6
11
15
15
12
6
11
13
16
10
4
9
13
16
10
8
5
12
15
14
8
2
8
14
15
8
3
9
10
18
13
5
8
15
16
14
5
9
13
16
12
6
2
6
18
13
12
5
7
13
13
13
3
5
9
15
11
8
10
10
16
15
9
3
4
12
16
7
