67
24
3
16373
16376
29
29
29
15
16377
16370
16382
19
30
26
10
16374
16376
8
27
30
19
2
16371
16379
14
29
27
8
16378
16375
3
26
30
21
2
16371
16380
11
31
29
11
16380
16371
3
21
33
22
5
16373
16378
10
31
30
17
16379
16373
16380
24
27
26
9
16375
16377
9
25
32
20
16383
16373
16383
16
35
27
11
16380
16376
4
26
35
22
4
16369
16381
10
30
31
13
16378
16371
3
23
31
25
5
16372
16375
10
29
33
18
16382
16371
0
20
33
25
8
16374
16374
6
23
30
20
16383
16374
16383
20
32
28
12
16379
16375
7
26
34
22
2
16375
16378
16
26
27
14
16381
16375
4
22
31
22
4
16373
16377
13
31
30
19
16381
16374
16382
20
33
27
5
16377
16374
7
25
33
20
2
16370
16376
15
30
27
11
16377
16373
5
25
30
24
16381
16371
16382
15
29
31
11
16378
16376
1
28
34
26
8
16371
16376
7
25
28
17
16377
16370
16383
17
30
28
9
16373
16376
11
22
31
18
1
16373
16381
17
34
27
14
16375
16373
4
25
33
21
16381
16374
16380
14
29
31
14
16377
16374
2
22
33
29
4
16375
16374
8
26
32
15
16381
16373
16383
21
35
26
8
16378
16376
10
31
35
22
0
16372
16379
17
27
29
12
16378
16374
6
26
30
23
3
16374
16379
11
29
30
13
16375
16372
3
24
31
21
7
16374
16375
11
30
29
20
16382
16374
2
17
31
26
9
16378
16376
6
27
29
17
16383
16374
16379
17
30
30
10
16375
16375
7
24
33
22
6
16371
16376
16
29
31
11
16378
16372
0
24
34
26
5
16369
16374
7
28
33
17
16380
16372
16380
18
31
27
7
16373
16374
10
23
29
16
3
16375
16383
14
30
25
9
16374
16374
5
24
29
22
3
16371
16379
13
28
30
12
16381
16371
0
23
30
22
5
16376
16378
12
33
33
14
16381
16372
16380
20
31
27
8
16378
16377
6
27
34
22
16383
16371
16379
18
29
32
7
16374
16375
5
23
33
21
2
16372
16377
16
30
31
15
16378
16373
16383
20
31
24
8
16373
16374
7
27
30
16
16380
16374
16382
17
36
26
11
16376
16375
4
24
32
19
0
16373
16381
14
30
27
8
16377
16373
1
21
30
24
5
16372
16382
11
27
31
14
16377
16374
4
19
33
23
5
16373
16377
12
27
30
20
16382
16369
16383
17
32
26
10
16374
16374
8
25
33
19
1
16370
16381
15
30
29
17
16373
16376
3
23
33
22
3
16373
16382
14
31
34
19
16379
16374
1
20
37
24
5
16377
16380
9
25
31
16
16382
16372
16383
20
32
26
12
16375
16379
6
25
32
20
0
16374
16381
14
29
33
12
0
16371
3
25
28
22
1
16370
16375
16
29
31
14
16380
16369
3
22
36
25
5
16375
16378
6
30
33
18
0
16373
16383
15
34
26
8
16374
16376
8
26
33
24
1
16370
16376
16
32
33
14
16376
16373
4
24
34
26
5
16372
16379
13
30
29
13
16379
16375
16380
19
31
23
8
16374
16376
7
28
33
16
16381
16372
16383
13
31
27
10
16377
16377
9
28
31
25
2
16374
16378
18
27
29
10
16377
16372
5
24
31
23
5
16373
16372
11
30
29
17
16380
16371
0
21
33
23
7
16375
16373
8
27
34
16
16383
16371
16382
15
33
26
11
16376
16376
6
23
30
22
16383
16374
16379
11
34
30
13
16381
16373
5
24
33
26
6
16370
16376
7
30
30
15
16379
16371
0
15
30
26
8
16374
16375
8
26
27
19
16382
16374
16381
18
31
26
5
16375
16373
1
26
34
20
16383
16376
16380
17
31
34
18
16378
16373
3
23
34
23
4
16371
16375
12
30
33
18
16383
16370
16383
18
34
22
9
16372
16377
7
27
33
18
0
16374
16383
14
32
29
10
16377
16376
5
26
30
21
2
16372
16380
17
28
29
13
16377
16372
4
21
33
23
4
16375
16378
12
27
31
15
0
16371
16382
21
31
23
6
16373
16376
10
26
31
21
16382
16373
16378
18
32
30
8
16375
16373
4
26
33
20
3
16369
16378
13
29
28
12
16377
16371
16381
21
28
25
4
16374
16375
12
27
30
16
16383
16371
16381
20
33
25
9
16374
16375
6
26
33
18
1
16369
16380
17
31
27
11
16376
16373
3
23
35
21
0
16375
16377
13
30
32
12
16379
16372
1
18
33
23
5
16375
16374
13
27
32
16
16380
16371
1
18
34
23
8
16372
16374
7
30
33
21
16380
16370
16379
12
33
27
12
16376
16375
3
24
33
19
16383
16372
16376
11
28
29
14
16380
16369
16383
20
30
26
9
16372
16377
8
29
33
15
16379
16372
16381
18
32
27
6
16376
16372
7
22
31
19
16383
16370
16381
14
31
29
9
16375
16374
6
22
36
25
1
16371
16376
11
31
31
13
16379
16371
0
21
30
25
6
16373
16374
11
29
35
16
16380
16377
16382
21
32
28
5
16373
16374
9
26
32
18
1
16374
16376
17
32
30
10
16377
16373
4
25
33
21
2
16372
16376
11
29
31
17
16378
16372
0
19
31
25
8
16374
16376
10
30
27
18
1
16372
0
16
28
28
8
16375
16375
7
23
33
17
16382
16370
16
