91
41
46
40
36
14
14
14
4
16378
16374
16366
16363
16365
16368
16370
16381
3
13
24
29
36
36
42
43
36
29
22
11
4
16379
16373
16367
16362
16363
16367
16373
16381
4
13
23
32
36
42
42
38
34
30
22
13
3
16379
16370
16366
16367
16364
16367
16374
16380
5
13
24
33
41
42
42
37
35
27
20
13
2
16377
16370
16365
16368
16366
16366
16373
16380
4
14
24
31
37
42
40
39
35
26
21
13
2
16377
16373
16370
16367
16366
16366
16376
1
7
15
23
33
35
41
42
39
30
29
24
11
3
16380
16371
16365
16365
16369
16367
16379
0
7
14
23
33
40
42
41
38
32
27
17
11
16383
16376
16368
16365
16362
16366
16368
16372
16381
8
13
24
33
40
42
42
39
33
25
15
7
16383
16376
16370
16363
16365
16365
16368
16375
16383
7
17
27
34
40
41
37
37
34
28
19
13
16382
16377
16368
16363
16364
16365
16368
16375
16382
10
18
27
31
39
43
41
40
32
26
15
8
16383
16378
16369
16366
16364
16364
16369
16379
16382
9
16
26
34
36
40
42
36
34
27
18
8
16380
16376
16370
16362
16364
16365
16366
16378
2
10
18
29
34
37
38
43
37
31
26
14
5
16380
16373
16370
16365
16365
16369
16370
16374
1
8
21
27
36
38
41
40
36
32
26
16
4
16380
16374
16366
16366
16362
16368
16371
16376
1
10
18
27
35
42
43
40
38
32
22
13
6
16380
16372
16366
16366
16367
16365
16372
16379
3
11
22
30
35
39
43
39
35
28
22
14
3
16378
16373
16366
16365
16363
16366
16373
16378
3
11
21
31
38
34
40
41
37
29
23
15
3
16381
16374
16369
16364
16366
16366
16375
16379
4
11
25
30
37
38
44
38
36
30
22
11
4
16375
16373
16367
16365
16362
16365
16372
16382
4
15
23
32
36
39
44
39
36
28
20
11
3
16377
16374
16366
16364
16366
16370
16374
16381
4
11
21
32
34
42
38
42
36
26
20
10
16382
16378
16372
16363
16366
16366
16371
16374
16379
7
12
23
32
36
40
40
38
34
29
22
9
2
16377
16371
16370
16365
16365
16367
16376
16382
8
17
26
29
37
45
40
40
35
27
18
7
0
16374
16372
16367
16365
16367
16369
16373
0
11
16
28
35
35
41
43
38
30
27
16
12
16382
16380
16369
16369
16361
16365
16369
16374
16383
9
17
25
31
37
41
40
36
33
24
21
8
16383
16379
16372
16368
16363
16366
16371
16374
1
9
19
25
31
36
40
41
38
33
24
14
7
16383
16379
16372
16364
16364
16364
16368
16375
2
9
19
30
35
38
39
43
37
34
25
14
8
16382
16374
16367
16362
16369
16365
16369
16374
1
11
17
26
34
38
41
42
39
32
24
15
6
16377
16372
16369
16369
16367
16366
16372
16376
16383
13
22
28
34
46
43
39
36
32
23
19
7
16382
16375
16366
16367
16364
16365
16370
16375
16382
11
18
29
33
39
44
41
38
31
24
15
5
16381
16374
16369
16365
16366
16369
16371
16377
2
9
16
28
38
39
39
42
33
31
28
16
6
16378
16373
16366
16369
16364
16363
16371
16378
16383
13
24
31
36
40
39
41
37
30
24
13
6
16381
16374
16366
16363
16366
16368
16369
16377
5
10
20
28
36
37
40
41
37
30
26
17
6
16382
16374
16366
16364
16364
16367
16376
16377
0
11
17
27
36
39
39
41
37
31
26
11
5
16381
16373
16366
16367
16365
16365
16372
16378
0
12
19
26
38
40
36
31
28
26
18
2
16380
16375
16370
16367
16363
16362
16366
16374
16380
4
15
19
30
40
44
43
39
34
29
24
18
4
16381
16372
16365
16361
16363
16368
16372
16377
6
10
20
30
37
41
43
37
34
26
20
13
1
16381
16373
16368
16363
16363
16367
16375
16378
3
13
25
30
40
41
44
40
34
30
24
11
5
16378
16371
16367
16366
16366
16370
16374
0
6
15
23
30
40
37
42
39
38
29
22
11
4
16377
16374
16368
16367
16366
16371
16371
16382
6
17
23
31
40
42
43
41
37
27
22
8
4
16376
16371
16366
16363
16366
16367
16374
16382
5
18
23
30
37
43
40
38
37
26
17
10
0
16375
16370
16364
16364
16369
16371
16375
1
6
18
27
33
39
38
40
39
33
26
18
8
2
16374
16370
16368
16366
16366
16367
16373
16382
10
13
25
34
36
42
38
36
36
25
19
11
16381
16375
16366
16362
16365
16364
16368
16373
16382
9
15
30
31
36
42
40
40
35
27
17
6
16381
16374
16370
16367
16364
16367
16371
16374
0
9
16
25
35
41
41
38
38
34
30
19
9
16380
16376
16366
16364
16365
16367
16367
16378
0
10
18
25
35
40
44
43
34
35
25
19
10
16380
16376
16367
16364
16364
16367
16374
16375
2
11
21
30
34
40
40
39
37
28
27
14
4
16383
16373
16370
16366
16366
16368
16374
16378
3
11
22
30
34
42
41
39
37
33
21
16
4
0
16371
16366
16365
16367
16371
16371
16381
0
13
19
27
35
40
42
37
36
29
25
12
4
16377
16372
16370
16365
16363
16364
16372
16379
1
10
20
34
36
38
37
39
38
30
21
14
6
16380
16372
16367
16362
16365
16369
16374
16379
7
13
22
29
36
39
42
41
35
30
21
13
4
16378
16373
16367
16366
16364
16373
16372
16382
2
24
