51
31
40
40
41
28
28
28
20
10
4
16378
16371
16365
16363
16366
16366
16370
16378
4
11
20
30
36
40
41
38
35
32
21
10
1
16375
16370
16365
16364
16363
16367
16372
16381
1
15
23
31
38
40
42
41
37
31
24
13
16383
16381
16371
16366
16365
16366
16369
16374
16380
4
14
21
30
37
38
42
41
33
29
22
15
2
16379
16370
16368
16363
16366
16367
16375
16379
3
15
25
30
36
41
42
41
35
30
21
13
3
16377
16370
16366
16367
16363
16367
16371
16377
5
13
26
33
35
41
44
39
34
28
22
10
3
16377
16370
16364
16364
16366
16370
16374
16383
5
17
22
33
37
41
41
38
34
25
18
11
0
16380
16368
16364
16364
16367
16369
16372
16378
9
13
22
29
35
39
45
42
33
28
21
11
4
16377
16368
16365
16362
16363
16368
16374
16378
7
12
25
29
39
42
41
40
37
29
16
13
1
16374
16372
16366
16367
16367
16367
16375
16383
6
17
24
30
33
40
42
40
34
29
19
14
4
16378
16370
16365
16363
16363
16363
16373
16381
6
14
23
30
37
40
41
41
34
26
18
7
4
16379
16373
16364
16364
16363
16366
16374
0
7
17
22
30
35
39
41
38
35
29
18
10
5
16379
16371
16365
16364
16365
16368
16370
16382
8
14
20
31
40
37
41
40
33
28
23
8
4
16376
16373
16367
16362
16361
16368
16373
16383
5
18
23
31
33
42
42
41
30
25
20
9
0
16378
16369
16365
16360
16364
16364
16374
16380
6
19
21
34
38
43
39
37
35
25
23
8
4
16379
16372
16366
16366
16365
16366
16377
16382
5
17
23
34
37
38
38
37
34
29
17
10
4
16377
16369
16367
16363
16369
16365
16375
16383
8
17
24
36
39
38
40
35
34
27
18
10
2
16377
16369
16366
16365
16366
16370
16375
0
6
14
25
32
37
38
40
38
37
28
18
7
2
16377
16371
16367
16363
16365
16365
16374
16379
5
15
26
34
38
38
42
39
33
27
21
12
16382
16376
16370
16363
16364
16365
16370
16371
16381
6
12
22
31
37
40
43
38
32
26
21
11
3
16378
16370
16367
16365
16365
16370
16376
16377
8
14
23
29
39
41
41
37
32
27
21
12
2
16377
16368
16369
16365
16368
16369
16375
16382
7
11
21
32
37
38
40
37
32
28
18
10
16383
16371
16369
16364
16361
16365
16368
16374
2
5
17
25
30
36
42
42
41
37
25
23
8
1
16375
16367
16363
16363
16364
16367
16373
16382
8
10
25
31
36
43
39
40
35
25
20
10
1
16376
16368
16364
16364
16361
16370
16374
16383
5
15
24
32
37
39
41
42
31
25
18
7
0
16376
16370
16364
16362
16366
16365
16374
16381
7
16
21
29
38
42
43
39
33
25
18
9
1
16371
16368
16363
16361
16363
16367
16373
16382
9
18
20
30
36
40
43
39
30
27
18
8
16378
16374
16371
16364
16362
16365
16370
16377
16383
10
18
27
33
39
42
41
42
30
25
19
7
16380
16376
16371
16365
16369
16363
16366
16376
16380
9
18
22
30
38
39
42
37
30
26
17
5
16382
16373
16369
16366
16359
16367
16369
16378
16383
12
18
29
36
37
38
40
36
32
23
15
5
16380
16374
16368
16365
16363
16365
16369
16375
0
7
21
25
34
40
42
39
34
29
22
16
2
16382
16373
16364
16365
16366
16363
16373
16373
1
13
21
24
31
37
40
41
36
33
19
15
6
16378
16373
16369
16364
16365
16363
16368
16376
4
10
17
31
30
41
40
41
35
29
26
12
4
16380
16373
16367
16368
16362
16364
16369
16378
16382
11
18
26
31
38
39
41
36
33
22
14
5
16381
16375
16369
16364
16360
16366
16372
16379
16383
10
22
26
34
37
41
41
34
28
26
17
8
16381
16372
16366
16364
16362
16365
16372
16375
16383
9
20
27
36
41
40
41
35
31
23
15
7
16381
16376
16366
16364
16363
16363
16372
16377
16381
10
19
31
33
39
40
39
38
30
25
18
4
16383
16374
16367
16363
16364
16362
16369
16380
0
9
18
26
34
38
42
42
37
30
20
18
7
16378
16371
16369
16361
16365
16365
16374
16378
16383
10
18
26
35
39
43
40
35
30
22
13
6
16381
16374
16364
16363
16363
16363
16369
16375
3
10
18
27
36
37
43
41
38
32
24
10
6
16382
16372
16368
16364
16361
16365
16374
16380
16383
11
22
31
33
39
39
42
32
31
21
14
4
16383
16376
16365
16361
16363
16368
16374
16381
2
11
19
26
35
38
41
41
40
29
25
10
2
16382
16374
16369
16364
16364
16366
16369
16376
4
7
20
24
34
37
38
38
36
32
22
17
7
16381
16375
16367
16363
16363
16366
16366
16380
1
10
22
24
34
38
41
40
36
31
24
12
7
16382
16373
16367
16368
16368
16365
16369
16377
4
10
22
30
35
40
42
40
39
32
21
11
5
16377
16370
16369
16365
16361
16365
16372
16377
16383
10
23
26
35
35
41
40
36
30
20
12
5
16377
16370
16367
16365
16365
16366
16369
16376
16382
12
19
31
36
41
42
36
39
26
23
13
0
16379
16371
16365
16361
16364
16366
16368
16377
1
10
17
29
35
35
40
37
36
30
24
12
2
16380
16369
16365
16363
16366
16365
16374
16379
0
12
20
29
36
37
40
43
39
30
23
10
5
16379
16368
16365
16366
16362
16378
