58
77
83
79
77
40
40
40
28
9
16371
16359
16341
16332
16326
16317
16322
16331
16340
16351
16368
5
18
36
52
64
75
81
81
82
69
59
42
30
10
16381
16359
16345
16334
16326
16323
16326
16329
16339
16354
16368
16381
20
37
53
63
76
81
83
76
69
62
43
30
11
16377
16362
16347
16337
16327
16324
16326
16329
16337
16349
16362
16383
16
35
49
62
74
81
81
81
73
61
47
32
13
16377
16361
16349
16334
16326
16325
16323
16325
16336
16347
16365
16380
18
33
49
66
74
80
80
78
72
65
47
29
14
16380
16365
16347
16335
16325
16322
16322
16328
16336
16346
16361
16381
16
31
51
62
74
81
85
82
77
63
49
35
18
1
16369
16347
16337
16325
16325
16321
16325
16335
53
46
38
32
18
12
16382
16371
79
81
82
74
64
49
34
21
16383
16369
16350
16338
16331
16327
16323
16329
16336
16345
16364
16376
10
26
45
61
70
80
80
78
74
65
53
35
23
3
16368
16354
16339
16329
16325
16324
16329
16333
16346
16359
16375
7
26
40
59
70
77
81
81
75
67
53
39
22
3
16370
16356
16340
16333
16325
16322
16323
16330
16341
16358
16371
6
27
41
59
70
78
78
81
76
65
53
40
22
7
16373
16355
16343
16330
16320
16322
16323
16334
16341
16358
16372
6
20
38
53
71
73
78
80
79
70
60
48
27
7
16375
16358
16346
16329
16328
16321
16324
16331
16339
16356
16366
4
24
40
52
62
79
82
81
80
67
59
44
25
12
16379
16361
16349
16333
16328
16321
16322
16333
16338
16350
16365
16383
21
34
51
65
71
80
82
80
70
61
50
30
13
16382
16362
16349
16335
16330
16323
16323
16325
16339
16348
16365
16377
14
30
46
62
73
76
84
80
75
59
46
34
16
16380
16368
16350
16338
16325
16325
16321
16328
16336
16350
16360
16380
12
27
42
61
70
77
84
82
73
65
47
35
17
16382
16367
16353
16340
16327
16324
16321
16327
16334
16344
16355
16377
9
27
43
57
69
78
85
77
77
66
54
41
20
1
16368
16355
16337
16332
16326
16324
16327
16329
16339
16356
16369
4
27
43
58
69
77
77
82
77
65
57
42
23
10
16375
16356
16342
16332
16325
16322
16321
16331
16337
16356
16367
2
21
41
54
65
79
78
82
80
68
57
41
29
8
16375
16354
16346
16333
16327
16322
16323
16332
16338
16350
16365
1
19
37
52
64
72
75
82
79
68
60
43
27
13
16381
16359
16345
16334
16330
16319
16322
16327
16335
16353
16367
1
17
37
51
63
76
77
82
78
70
59
45
32
17
16379
16362
16344
16337
16328
16324
16324
16329
16334
16350
16364
16382
17
35
50
57
75
78
80
81
75
63
47
31
15
16378
16361
16347
16337
16323
16324
16325
16327
16334
16349
16362
16379
11
32
46
62
72
81
80
79
73
61
49
33
16
0
16364
16352
16338
16330
16326
16325
16325
16337
16350
16363
16377
13
27
45
60
69
77
80
76
73
62
51
34
21
3
16367
16350
16340
16327
16323
16322
16325
16330
16346
16359
16379
10
28
43
61
66
77
84
84
75
67
51
36
20
2
16370
16353
16343
16330
16323
16325
16327
16335
16342
16357
16372
8
27
40
56
70
77
81
79
78
66
59
41
21
4
16370
16355
16342
16329
16326
16321
16324
16327
16342
16357
16370
6
19
39
54
68
76
81
83
79
69
57
42
26
10
16373
16359
16345
16336
16325
16324
16326
16331
16345
16353
16374
3
20
41
53
63
76
81
81
82
68
57
46
26
5
16374
16358
16347
16332
16327
16323
16326
16328
16339
16352
16371
2
20
35
53
65
75
81
83
78
73
60
45
29
12
16375
16362
16346
16334
16326
16327
16325
16328
16339
16350
16363
16383
16
34
50
63
74
80
78
79
72
63
48
34
14
16377
16367
16352
16338
16328
16325
16321
16325
16338
16351
16363
16381
18
34
45
61
74
82
80
82
72
62
54
35
17
16380
16363
16350
16338
16330
16328
16323
16327
16334
16347
16362
16380
17
29
44
57
70
76
83
78
71
65
53
37
17
2
16371
16354
16341
16328
16326
16319
16324
16336
16346
16361
16377
8
25
43
61
71
76
82
80
73
63
53
43
21
7
16374
16353
16340
16328
16325
16321
16327
16333
16345
16355
16373
5
23
39
56
65
75
80
81
74
67
55
39
28
8
16376
16359
16341
16336
16326
16323
16325
16330
16341
16357
16369
1
21
35
53
65
75
81
80
79
72
61
44
25
14
16379
16361
16347
16333
16326
16326
16325
16324
16336
16353
16369
16381
17
35
49
59
74
83
81
81
73
62
46
32
18
16377
16363
16346
16342
16328
16322
16325
16325
16337
16346
16364
16379
11
31
47
58
70
81
81
81
72
65
49
34
19
16380
16366
16351
16337
16329
16319
16323
16321
16331
16345
16361
16372
10
26
45
56
69
77
77
80
74
65
51
38
23
16382
16369
16353
16339
16329
16328
16323
16326
16333
16344
16359
16375
7
24
42
61
72
78
83
79
75
66
57
41
22
2
16372
16358
16345
16334
16326
16324
16327
16331
16341
16353
16373
5
22
39
56
67
74
83
79
74
65
56
40
24
7
16372
16354
16344
16331
16325
16320
16325
16329
16340
16352
16369
4
19
40
52
68
77
79
79
79
71
62
45
26
11
16373
16360
16350
16335
16326
16321
16323
16331
16339
16353
16371
3
20
35
50
67
75
81
82
79
71
59
44
29
12
16381
16360
16347
16334
16326
16322
16323
16330
16364
