31
14
5
6
9
11
11
11
8
9
16
14
8
6
10
13
14
8
6
8
15
9
4
7
11
14
15
5
7
11
12
10
7
9
10
14
13
9
7
13
17
11
5
9
11
14
11
5
11
11
12
10
8
9
14
14
9
8
9
15
16
11
5
7
14
13
12
8
7
13
10
10
5
8
11
15
11
6
9
12
13
9
9
9
13
13
10
7
9
13
12
7
6
11
16
14
8
9
13
14
13
6
8
8
15
13
10
8
12
14
11
7
5
6
14
12
7
6
13
15
10
8
10
10
14
11
6
3
6
16
10
8
6
12
15
11
5
9
11
13
14
12
6
11
15
9
8
8
12
14
10
5
6
14
14
10
6
8
14
9
13
6
7
12
14
10
10
10
8
12
8
6
11
12
14
10
6
6
13
11
12
7
9
14
12
10
6
10
14
13
11
5
9
11
14
10
9
10
10
13
6
5
9
12
16
7
6
7
15
10
10
5
13
12
12
4
8
18
17
11
5
7
11
12
11
6
6
9
15
10
7
7
13
14
8
6
7
10
13
11
6
5
13
12
9
7
9
11
16
9
8
10
14
15
12
5
7
14
13
7
9
7
14
13
12
6
9
14
17
8
6
7
15
14
11
6
13
17
10
7
8
8
11
14
10
7
9
10
13
6
8
9
14
12
9
6
9
15
10
8
8
10
13
11
7
4
13
9
11
5
8
9
16
11
9
6
11
11
6
5
7
10
13
9
5
7
10
16
8
5
7
11
12
10
4
8
11
12
11
6
5
9
14
11
6
8
10
14
11
5
9
16
15
5
3
10
9
15
5
3
13
15
13
8
3
13
14
14
10
8
10
15
14
11
6
12
13
11
8
5
10
12
13
8
6
9
14
10
8
6
11
17
11
10
7
10
17
14
8
8
9
17
13
9
9
13
11
11
8
8
11
16
14
6
10
9
18
13
8
6
12
11
9
6
5
13
14
8
5
7
15
13
11
9
8
12
13
5
8
11
14
12
8
6
9
11
13
6
5
8
11
9
9
7
13
15
14
7
6
9
19
13
9
1
10
13
11
7
6
13
13
11
5
6
9
13
11
8
6
10
13
10
5
6
10
13
9
3
7
11
14
12
7
11
8
13
11
8
7
11
15
10
4
10
9
14
10
8
10
12
14
8
5
5
11
11
12
5
10
11
13
8
5
8
15
12
9
4
9
9
10
11
6
9
14
14
7
7
7
16
15
8
5
10
16
13
7
4
9
14
14
10
7
9
11
12
10
3
9
11
12
10
8
12
13
9
8
6
9
15
10
6
5
16
14
10
6
8
10
13
13
7
6
11
16
12
6
6
17
16
8
8
6
11
13
11
7
10
14
17
11
5
5
14
14
9
8
6
14
16
9
6
10
14
12
8
4
10
15
13
12
7
8
11
13
12
10
8
14
9
7
7
9
11
12
9
4
10
13
13
8
5
9
16
10
7
8
11
15
9
10
7
9
16
16
6
3
13
10
9
6
5
9
13
9
8
9
11
13
13
7
8
11
12
8
5
8
12
12
10
7
8
11
15
9
5
8
12
16
10
7
8
9
15
11
7
10
14
13
8
6
9
15
13
9
6
10
14
14
9
7
8
14
14
9
6
9
13
14
5
7
7
14
10
9
10
9
14
11
6
4
9
14
10
9
8
9
14
11
8
9
10
12
9
7
6
10
17
12
7
5
10
15
11
8
8
15
14
13
5
8
14
13
9
6
11
10
10
12
8
6
13
14
10
5
9
13
10
10
4
10
14
17
12
9
7
11
13
8
6
7
14
13
11
5
8
12
17
10
5
7
15
11
7
5
6
13
15
9
6
6
14
12
11
4
9
14
10
8
6
8
10
10
3
4
13
17
18
14
5
9
17
11
7
7
11
15
11
6
5
13
14
12
5
6
11
14
11
7
7
13
11
8
10
11
12
13
9
4
9
14
12
10
6
10
13
10
8
6
12
13
14
7
4
5
15
13
10
7
10
16
14
12
8
9
14
12
9
5
9
14
12
6
9
10
14
13
8
12
11
15
12
10
12
13
14
10
10
6
7
16
15
11
5
10
12
12
9
10
16
16
11
6
8
11
14
7
7
5
12
14
10
6
6
12
13
12
6
9
11
14
10
4
7
11
15
14
9
7
10
10
10
6
10
10
14
7
6
10
12
13
16
4
10
12
13
10
9
8
16
14
10
8
8
15
16
10
7
11
11
11
8
5
8
10
11
9
4
11
14
14
7
8
8
15
12
11
3
13
14
10
9
6
10
18
15
8
6
8
17
13
7
9
15
14
13
7
7
11
15
10
8
2
11
