89
16374
16376
16383
10
29
29
29
33
31
21
12
2
16380
16375
16371
16380
16383
9
19
30
33
32
28
19
11
0
16375
16374
16374
16381
5
12
24
29
30
35
29
18
10
0
16376
16376
16377
16382
7
17
21
32
34
26
21
10
5
16382
16377
16372
16377
16380
4
17
24
30
30
27
24
14
7
16380
16373
16377
16376
16383
9
20
25
31
30
30
22
11
1
16378
16376
16373
16380
4
13
21
26
29
30
28
19
11
16383
16381
16375
16378
16382
5
17
23
30
29
30
27
16
8
3
16377
16372
16377
16382
9
18
25
28
34
27
27
17
4
16381
16376
16373
16375
16383
11
23
27
32
27
30
20
13
4
16378
16374
16373
16378
3
11
18
28
30
32
28
22
6
2
16376
16373
16378
16379
2
14
24
30
31
30
25
18
9
0
16376
16374
16378
16382
6
20
24
31
33
27
26
10
4
16381
16375
16375
16378
16383
9
18
27
30
30
32
19
13
6
16381
16373
16374
16378
4
8
18
29
33
33
29
17
11
0
16376
16374
16376
16381
5
11
21
28
33
28
28
14
6
16380
16377
16371
16376
16383
7
14
24
34
31
32
26
14
7
16382
16374
16374
16380
16383
8
15
25
29
31
29
20
12
2
16383
16376
16374
16378
2
9
22
28
34
33
31
21
12
3
16378
16372
16377
16378
6
11
22
26
32
29
25
18
8
16382
16378
16371
16376
0
7
16
24
27
33
28
29
16
3
16382
16375
16377
16376
16383
9
17
24
30
30
28
20
10
4
16379
16375
16373
16377
5
12
22
27
34
31
25
20
10
1
16379
16373
16374
16380
5
15
24
29
30
30
26
15
7
0
16373
16372
16374
16381
1
17
22
28
30
28
23
13
6
0
16377
16374
16380
16380
10
16
26
30
34
27
19
12
4
16381
16374
16373
16378
16383
13
17
26
32
31
26
20
10
16382
16378
16374
16375
16378
1
14
20
27
30
31
30
16
11
1
16377
16374
16374
16378
8
13
21
27
30
31
24
12
4
16380
16379
16378
16379
16383
8
15
26
29
32
30
23
12
4
16377
16372
16374
16379
2
11
20
26
32
33
27
18
10
0
16377
16374
16374
16379
3
10
20
30
29
30
25
17
8
16383
16376
16372
16377
16382
6
13
20
30
35
30
24
17
7
16379
16373
16371
16373
16378
4
17
23
30
34
32
24
12
4
16379
16376
16373
16377
16383
11
17
23
31
32
30
22
9
5
16377
16372
16374
16379
2
12
21
29
33
31
27
17
9
4
16382
16372
16371
16380
4
17
20
28
32
31
25
15
10
1
16375
16377
16376
16381
7
16
22
32
27
29
23
16
5
16383
16374
16373
16375
1
6
20
26
29
32
27
17
12
6
16378
16375
16369
16379
16383
10
19
30
29
26
27
21
10
4
16381
16374
16374
16380
1
13
17
24
34
31
24
18
5
16383
16377
16375
16373
16382
2
17
21
29
29
31
25
15
7
0
16375
16373
16374
16383
8
16
25
31
35
30
23
13
6
16379
16378
16374
16379
0
6
21
24
29
31
29
22
11
3
16378
16373
16373
16375
2
12
21
31
30
30
25
18
10
1
16376
16377
16374
16380
3
12
21
28
30
30
27
14
5
16383
16375
16376
16375
16381
6
16
23
30
33
27
22
16
7
16378
16376
16373
16376
2
10
18
23
30
30
29
20
10
4
16380
16371
16370
16381
2
13
21
26
31
30
27
18
9
16383
16382
16376
16376
16380
3
10
20
27
32
28
26
14
6
16382
16381
16377
16373
16382
4
15
23
30
29
28
23
14
3
16378
16373
16373
16377
0
8
14
26
32
30
27
24
9
4
16378
16374
16375
16377
16382
9
19
25
30
30
26
22
10
3
16379
16375
16374
16380
16383
10
22
28
35
30
23
15
9
0
16377
16371
16377
16381
3
12
26
30
31
27
29
16
1
16381
16376
16374
16373
16382
6
17
26
32
31
30
20
11
2
16378
16376
16374
16376
16382
7
18
27
29
31
28
21
7
1
16378
16371
16374
16378
1
10
21
25
33
29
23
16
9
16383
16373
16375
16377
16381
4
12
20
25
31
30
25
19
6
16381
16375
16373
16374
16379
3
14
22
29
32
31
24
15
5
16379
16374
16373
16378
1
8
18
27
31
33
31
19
13
4
16381
16375
16374
16374
16382
9
19
30
29
32
25
22
8
1
16379
16372
16373
16378
4
13
19
30
31
30
25
20
8
16382
16374
16372
16374
16376
3
12
22
30
33
30
24
13
6
16379
16371
16376
16373
16382
7
19
25
30
32
27
20
11
1
16382
16373
16372
16380
1
10
17
26
29
29
28
17
12
16383
16379
16373
16376
16377
8
11
21
27
29
29
26
16
10
16382
16381
16374
16377
16382
5
12
24
30
28
28
22
14
8
16381
16375
16373
16378
16382
9
15
25
31
32
28
22
13
4
16377
16377
16375
16377
3
7
18
23
29
32
30
21
13
2
16380
16373
16376
16379
2
13
18
31
31
30
25
24
9
16380
16375
16376
16379
16378
6
14
19
27
31
32
27
19
10
16383
16376
16375
16377
16383
4
18
21
29
34
27
24
14
3
16382
16377
16375
16376
0
6
20
26
29
29
29
24
14
4
16378
16377
16377
16377
5
25
