8
25
28
27
20
16379
16379
16379
16375
16376
16383
12
18
27
30
26
17
8
1
16377
16377
0
1
16
22
27
32
25
15
6
16383
16378
16376
16383
8
17
23
27
24
21
9
6
16383
16378
16380
0
7
15
27
29
30
22
9
16380
16377
16377
16377
3
12
21
29
30
25
14
7
16382
16378
16377
16382
6
13
28
27
27
23
14
4
16381
16378
16383
16382
9
19
28
27
26
19
10
2
16377
16376
16381
2
11
18
26
24
24
19
5
16382
16378
16377
16379
4
17
24
28
28
23
14
3
16382
16376
16380
16383
11
17
26
26
28
18
13
3
16380
16376
16379
4
11
21
28
30
27
18
11
0
16378
16374
16378
5
11
21
28
34
25
16
2
16382
16378
16376
1
5
19
23
28
28
20
10
4
16378
16374
16379
1
11
23
25
24
23
22
8
3
16381
16377
16380
2
13
27
29
27
23
18
3
16379
16379
16377
16382
4
15
25
29
26
22
13
4
16381
16374
16377
3
7
19
26
28
27
17
12
1
16376
16376
16379
2
11
19
27
27
24
18
7
16381
16378
16377
0
7
17
25
31
26
23
13
3
16382
16379
16377
16383
6
15
25
30
26
19
11
3
16377
16379
16378
0
13
23
27
29
27
16
9
16381
16373
16378
16381
9
14
23
25
26
19
17
5
16383
16378
16379
0
4
17
25
29
25
21
12
16382
16379
16378
16380
2
14
21
28
30
28
14
6
0
16377
16375
16378
5
13
23
27
24
20
13
5
16378
16376
16378
16383
6
18
25
26
29
23
15
2
16382
16378
16378
4
10
18
26
30
24
17
8
5
16378
16378
16380
1
15
24
25
29
24
16
4
16382
16377
16381
1
8
16
26
28
28
19
16
4
16378
16375
16378
2
11
20
26
28
24
20
14
1
16377
16377
16381
2
11
22
27
28
27
16
10
16383
16377
16378
16381
9
16
25
27
29
23
16
4
16382
16377
16377
5
10
21
23
30
26
18
12
1
16379
16377
16378
2
13
21
26
29
26
16
6
16383
16376
16378
16382
6
14
23
26
30
22
14
6
16382
16378
16378
1
7
17
23
26
26
18
11
5
16381
16379
16379
3
12
19
27
29
27
19
10
16383
16377
16375
16377
4
14
23
26
31
23
15
4
2
16375
16376
16383
6
17
25
33
27
18
13
1
16381
16381
16378
16383
11
21
26
29
26
19
10
16383
16379
16376
16381
7
13
25
29
29
24
17
9
16380
16379
16377
16382
6
18
25
29
27
22
11
5
16378
16379
16381
2
11
16
25
27
25
18
15
1
16379
16381
16378
5
14
19
26
28
21
18
6
1
16374
16375
16376
6
13
20
29
30
24
17
2
16383
16378
16378
16381
7
18
26
29
25
20
12
0
16379
16378
16380
6
8
24
28
29
23
22
9
16379
16377
16378
16383
6
17
23
28
30
28
14
6
1
16377
16380
0
6
21
28
27
26
22
14
5
16381
16381
16381
1
11
19
25
29
25
19
7
16382
16377
16376
16380
8
15
24
29
29
23
17
4
16382
16379
16378
16380
13
18
25
27
27
18
10
0
16381
16378
16379
16383
10
18
26
28
30
17
10
1
16376
16376
16383
3
12
24
29
29
25
18
7
16383
16378
16376
16382
6
14
25
27
27
21
13
16383
16378
16378
16378
3
12
19
24
26
26
24
12
5
16379
16378
16380
1
10
23
26
28
25
15
8
2
16377
16376
2
5
15
26
28
30
25
13
4
16382
16378
16378
16382
11
15
22
25
24
19
12
3
16379
16381
16379
2
8
19
26
27
25
20
4
16383
16378
16377
16383
6
13
22
29
26
26
13
6
16379
16374
16378
1
13
19
22
29
26
19
12
4
16379
16377
16373
2
11
18
29
29
21
19
13
0
16379
16378
16381
4
14
20
27
27
22
18
4
16380
16376
16379
16381
7
19
23
27
29
19
13
5
16378
16378
16381
1
10
20
27
26
26
16
7
1
16375
16378
16381
16383
14
20
25
26
26
18
5
1
16378
16375
16382
6
16
23
28
27
19
13
3
16383
16377
16379
1
11
17
25
25
28
20
10
1
16374
16377
16383
2
11
20
25
25
25
15
7
16383
16378
16375
16380
6
14
25
28
28
25
17
3
16382
16377
16377
0
11
18
24
26
30
21
12
4
16379
16377
16381
5
14
21
27
30
23
16
6
4
16380
16381
16382
4
9
25
33
28
22
16
6
16383
16381
16379
0
9
15
22
27
28
21
12
3
16379
16377
16375
1
9
19
25
31
23
17
7
16382
16377
16375
16382
4
13
21
27
29
27
17
5
16381
16375
16377
16383
5
16
21
27
26
23
15
2
16380
16376
16381
2
8
18
25
26
27
22
8
1
16378
16374
16381
4
10
20
27
29
26
14
6
16381
16377
16376
16378
6
17
19
25
27
21
17
5
16383
16376
16377
2
8
17
24
27
25
20
10
2
16380
16377
16377
3
9
19
29
29
26
17
7
16381
16375
16377
16380
4
13
24
29
23
20
14
6
16380
16382
16377
16381
9
18
27
25
27
19
10
1
16379
16373
16382
7
11
16
28
30
24
17
10
16379
16377
16375
16380
3
13
25
29
28
21
10
16382
