9
16374
16376
16381
8
28
28
28
31
28
21
14
1
16374
16373
16375
16381
0
11
19
27
30
29
29
18
10
2
16378
16375
16372
16378
4
15
19
26
28
29
25
17
4
1
16370
16374
16377
16381
6
17
25
29
29
26
20
11
16383
16382
16378
16374
16377
16382
7
14
26
29
29
27
19
9
2
16377
16374
16375
16379
1
9
21
29
34
28
26
20
9
16381
16376
16374
16379
16381
8
14
23
26
30
30
21
14
2
16383
16374
16374
16375
3
9
18
24
30
32
26
17
10
0
16379
16370
16379
16382
1
13
23
27
33
29
25
19
10
16379
16378
16372
16375
16382
6
18
27
33
32
29
20
16
7
16381
16373
16371
16378
16383
10
18
25
33
31
28
20
11
16382
16380
16377
16375
16376
2
14
21
27
32
30
26
18
6
0
16376
16374
16375
16382
6
20
23
31
31
28
21
14
5
16378
16376
16373
16376
3
5
18
30
32
30
24
19
11
1
16378
16376
16377
16377
4
11
18
28
32
27
26
14
6
16381
16375
16371
16377
0
7
18
27
36
32
27
21
13
3
16378
16379
16377
16380
4
8
19
26
31
29
29
20
8
3
16375
16376
16373
16382
2
11
24
30
31
36
24
18
5
16381
16375
16371
16379
16383
8
14
25
31
29
30
25
11
3
16382
16376
16374
16377
16383
9
17
24
30
29
27
21
13
16383
16379
16372
16375
16379
2
12
18
26
29
30
23
16
2
2
16375
16372
16373
16383
7
16
24
29
30
29
24
14
4
16381
16374
16371
16374
16382
8
19
28
27
28
26
20
10
4
16379
16375
16375
16380
1
12
21
27
33
30
24
18
9
3
16378
16375
16374
16380
4
14
23
30
35
26
24
10
7
16382
16378
16374
16375
16383
10
18
26
31
31
25
20
9
1
16377
16378
16373
16379
1
13
20
27
31
28
25
15
6
2
16374
16375
16373
16382
4
15
24
28
30
30
23
12
4
16378
16378
16374
16379
16383
11
17
27
27
31
29
20
9
3
16381
16373
16376
16380
7
12
20
30
29
29
25
17
9
16383
16375
16370
16378
16381
5
12
22
28
34
27
22
15
6
2
16377
16372
16375
0
6
17
26
32
31
27
20
15
1
16381
16374
16375
16378
3
14
23
31
31
29
28
18
8
1
16377
16373
16373
16379
6
13
23
31
30
27
25
11
5
16378
16373
16371
16378
16381
6
21
24
27
32
27
21
7
16383
16378
16375
16374
16379
3
10
21
26
30
31
26
15
8
16381
16380
16371
16376
16380
3
18
22
30
27
30
22
12
1
16381
16372
16375
16379
1
9
20
27
28
30
29
20
10
5
16377
16373
16375
16379
16382
11
21
29
36
30
24
16
8
16383
16376
16373
16374
16382
9
12
22
26
31
29
21
16
5
16381
16374
16373
16376
16380
9
18
27
27
30
28
22
9
1
16381
16372
16373
16378
3
11
22
31
33
30
26
19
9
16381
16376
16376
16375
16380
6
14
22
26
31
28
25
14
2
16381
16375
16374
16377
16382
5
16
24
30
27
27
23
7
1
16377
16376
16375
16377
2
11
23
33
33
29
25
16
8
16382
16379
16372
16377
16380
6
17
23
30
31
28
21
15
5
16379
16374
16374
16378
16379
7
18
29
33
31
29
19
10
2
16380
16373
16375
16379
0
10
17
22
31
33
22
18
7
16383
16375
16374
16374
16379
3
12
21
30
32
31
22
15
8
16379
16379
16374
16376
16382
7
15
26
31
33
31
18
12
5
16377
16374
16375
16378
0
8
18
29
30
28
27
18
8
16383
16377
16375
16375
16382
9
15
21
27
32
27
21
14
5
16383
16377
16372
16376
1
6
14
26
30
31
28
20
13
3
16378
16373
16373
16379
16381
10
21
29
34
30
27
20
9
16381
16375
16375
16373
16383
3
12
24
27
30
29
25
14
7
16381
16374
16373
16374
0
5
22
23
28
30
27
22
14
0
16377
16375
16369
16374
16381
8
16
27
32
33
24
21
8
0
16379
16374
16374
16380
2
13
23
32
32
32
24
12
2
16379
16372
16373
16374
16381
3
16
23
30
31
27
21
8
2
16378
16376
16374
16379
16382
12
19
23
31
31
29
17
7
1
16377
16372
16377
16376
5
11
23
28
30
30
22
14
4
16383
16375
16375
16374
16380
5
21
21
26
30
28
23
12
1
16377
16374
16375
16378
2
10
20
24
28
30
26
17
12
2
16376
16371
16377
16380
4
14
19
29
30
29
25
16
7
16381
16374
16376
16374
16379
8
14
24
29
31
23
19
13
4
16380
16374
16372
16374
16382
11
19
30
30
32
24
20
7
2
16380
16374
16375
16376
3
13
22
26
30
30
23
18
5
16381
16376
16376
16377
16381
8
13
22
29
31
26
19
14
6
16378
16374
16373
16377
16383
8
21
26
29
33
27
22
6
16380
16376
16374
16374
16378
5
10
22
27
29
30
22
17
4
16379
16377
16376
16377
16381
7
14
23
28
34
25
24
14
3
16379
16375
16375
16373
16383
9
17
28
30
32
27
22
10
0
16374
16375
16373
16379
1
13
21
29
28
31
26
17
7
16382
16381
16372
16371
1
8
15
21
30
30
29
21
15
5
16380
16376
16373
16378
16380
10
21
25
29
32
27
17
16377
