90
0
4
17
25
34
34
34
34
27
18
11
16379
16372
16371
16370
16373
16378
1
9
19
25
33
37
33
31
22
11
3
16382
16372
16373
16368
16377
16378
4
14
20
31
33
34
32
29
20
9
16382
16377
16370
16371
16372
16374
16381
9
19
26
30
37
35
33
25
16
6
16381
16373
16370
16367
16372
16378
3
13
21
29
37
37
36
31
22
11
2
16379
16375
16369
16368
16374
16378
2
15
25
34
36
36
34
28
22
11
0
16373
16375
16372
16369
16375
16381
12
17
30
34
39
34
30
21
14
8
16380
16374
16370
16368
16375
16378
3
13
20
30
35
38
32
33
21
10
4
16379
16379
16370
16372
16373
16380
4
16
24
30
38
36
34
28
18
13
1
16373
16371
16365
16372
16377
1
9
19
27
31
35
34
28
25
17
7
16382
16372
16372
16367
16374
16379
6
13
23
26
34
38
34
32
21
13
5
16377
16374
16370
16369
16373
16378
7
13
27
33
41
39
31
29
22
7
16383
16379
16372
16368
16367
16378
16383
10
19
29
33
37
38
33
27
17
7
16379
16372
16369
16370
16374
16378
0
13
22
28
36
39
36
30
21
11
6
16380
16373
16368
16373
16373
16380
8
14
23
33
37
35
32
26
17
10
1
16377
16370
16368
16366
16375
16383
9
18
24
34
35
37
32
27
15
6
0
16377
16369
16370
16371
16378
5
13
21
31
36
40
33
30
23
17
1
16379
16374
16374
16368
16371
16379
5
17
25
31
39
33
34
27
18
5
16383
16378
16370
16369
16372
16378
2
8
21
27
34
38
34
30
25
16
6
16383
16373
16365
16371
16375
16382
3
11
21
27
37
39
35
29
18
14
3
16381
16373
16370
16376
16369
16381
6
16
25
35
36
37
33
26
17
9
1
16377
16369
16371
16369
16378
1
10
19
28
33
38
34
33
24
12
6
16376
16372
16370
16366
16374
16381
2
10
21
31
37
37
34
29
19
11
1
16378
16371
16367
16368
16374
16380
7
15
27
31
34
35
33
27
21
7
16383
16374
16372
16367
16370
16374
4
10
18
30
30
35
32
28
22
14
3
16378
16374
16367
16371
16374
16377
3
14
21
30
35
38
31
28
19
11
16380
16379
16373
16367
16370
16374
16380
9
15
27
34
35
39
31
21
16
8
16382
16374
16370
16368
16372
16377
5
15
18
28
33
37
33
28
19
11
0
16378
16377
16365
16370
16374
16379
7
13
20
30
37
38
32
27
18
5
16383
16373
16371
16370
16371
16378
16383
11
23
25
34
35
35
31
26
16
7
16381
16376
16369
16372
16373
16380
3
10
21
30
34
37
34
28
25
12
4
16377
16373
16370
16371
16375
16383
6
15
22
33
37
36
36
26
17
9
2
16378
16371
16369
16376
16377
1
9
21
28
35
35
33
30
23
15
8
16378
16371
16369
16370
16370
16377
9
17
19
29
31
34
31
28
18
12
16382
16375
16371
16371
16372
16374
1
6
16
24
33
36
38
33
25
17
7
16381
16374
16372
16370
16371
16375
3
10
19
28
37
35
37
30
25
14
4
16382
16376
16367
16370
16374
16380
7
14
24
33
37
35
31
30
18
10
4
16374
16371
16367
16371
16374
16383
7
17
26
34
38
37
32
26
15
5
16382
16375
16372
16368
16373
16376
0
12
19
28
32
39
34
27
23
17
6
16378
16375
16369
16370
16372
16378
7
18
24
31
33
35
32
27
20
11
2
16374
16370
16370
16371
16373
2
11
20
24
29
36
31
28
26
18
2
16380
16375
16372
16370
16373
16379
1
13
22
34
29
40
33
30
20
10
3
16381
16373
16370
16370
16373
16382
8
19
26
29
36
35
31
24
15
10
1
16375
16371
16369
16375
16378
2
11
16
25
31
37
37
33
21
13
4
16377
16373
16371
16372
16375
16381
3
14
24
30
32
39
35
27
18
10
1
16380
16371
16368
16370
16377
16380
8
18
25
32
33
37
32
25
18
6
16381
16373
16368
16369
16368
16378
3
10
20
26
33
35
36
29
25
13
16383
16377
16372
16372
16372
16372
16377
5
14
22
32
36
36
34
29
16
10
2
16377
16372
16371
16371
16375
16383
7
18
25
33
36
33
31
24
16
7
0
16374
16366
16366
16373
16378
1
14
20
30
35
37
32
28
20
10
1
16378
16371
16371
16369
16369
16383
5
15
26
33
36
36
34
28
17
9
16383
16374
16373
16367
16370
16374
1
8
22
27
34
36
34
29
24
12
4
16382
16376
16370
16369
16374
16380
3
13
22
30
38
35
35
28
17
6
16382
16375
16372
16369
16370
16374
0
2
18
24
33
34
31
31
24
16
3
16380
16375
16369
16370
16371
16378
1
11
20
31
32
35
35
28
21
18
1
16379
16372
16371
16369
16371
16380
6
11
27
27
34
38
34
28
18
8
1
16376
16367
16370
16371
16375
16383
7
17
27
30
34
32
31
20
10
4
16383
16374
16367
16370
16373
16378
4
10
18
29
35
34
33
26
18
13
3
16376
16374
16367
16369
16372
16383
12
13
28
28
36
35
35
26
19
8
1
16374
16371
16368
16371
16378
0
10
15
27
35
34
41
27
26
14
3
16381
16373
16367
16366
16372
16379
9
14
24
30
36
37
35
30
24
13
1
0
16369
16367
16367
16376
16382
7
12
24
33
34
34
27
