68
25
13
16382
16378
24
24
24
16
1
16382
10
18
22
14
2
16380
4
19
22
15
1
16379
6
16
21
19
3
16383
6
18
22
17
6
16379
5
14
23
19
7
16381
0
17
25
21
10
16380
16381
16
21
19
7
16379
0
12
23
21
9
16381
0
13
22
20
9
16382
16382
13
22
21
11
16382
16382
12
22
23
13
0
16381
9
21
19
10
0
16380
5
22
22
13
1
16383
5
21
26
14
2
16383
7
17
22
16
1
16380
8
19
22
15
1
16379
4
20
25
15
2
16379
8
15
26
17
5
16381
4
17
27
17
5
16378
6
13
22
21
8
0
3
17
23
18
9
16383
1
16
21
21
11
16383
0
11
23
18
10
16382
2
10
23
21
8
16381
16382
10
21
19
10
2
16380
10
21
23
12
16381
16383
10
20
24
14
0
16382
6
21
21
11
2
1
6
20
24
16
16382
16380
5
23
22
14
2
16382
4
20
24
18
2
16383
2
17
22
19
2
16381
3
15
25
15
2
16383
6
17
23
16
6
16382
1
13
23
21
7
16380
16381
10
21
24
8
16382
1
14
25
24
8
16383
1
14
21
23
7
0
16382
10
23
22
11
16382
16380
9
21
21
9
16383
16383
8
21
22
10
16382
16382
7
19
25
14
3
16382
6
22
25
14
1
16383
5
18
26
14
1
16382
6
19
27
19
7
16382
4
19
21
19
6
16382
2
21
24
18
6
16382
5
12
21
19
6
16382
3
15
23
21
6
16381
16383
13
22
19
6
1
16383
14
22
20
10
16383
16381
9
23
18
9
16382
16382
7
21
21
10
16381
1
7
18
24
16
0
1
7
19
23
11
3
0
7
23
20
11
3
1
5
17
21
14
2
16383
3
23
22
18
5
16380
4
21
20
18
5
1
4
14
24
19
0
16381
2
15
20
18
6
16381
2
13
21
19
8
16379
4
13
22
18
6
16380
1
12
23
18
8
0
0
10
22
21
9
16381
16383
10
18
21
14
16381
16378
8
22
22
12
2
16382
10
21
22
14
16382
1
8
21
23
14
16383
16382
8
22
22
10
2
16383
9
23
24
13
0
16376
4
20
24
16
4
16381
5
21
25
19
4
16377
1
14
25
14
4
16381
1
18
22
16
8
16379
4
13
20
17
5
16383
0
17
19
15
4
16380
0
14
22
20
9
16379
16381
15
21
19
7
16383
3
11
20
20
6
16381
1
12
23
23
9
0
1
10
19
22
11
16382
16383
8
22
21
11
16382
16381
7
19
21
10
1
16381
4
21
25
14
16383
16383
3
18
25
17
0
1
4
18
24
15
3
0
4
17
21
15
5
16380
1
14
24
15
2
16382
4
16
24
18
3
16380
2
14
25
20
6
16380
2
15
22
21
5
16379
1
11
20
21
7
16382
3
14
24
22
9
16383
16382
14
21
22
8
16383
1
11
23
22
10
16381
16383
10
22
22
9
2
16380
10
24
19
10
0
16377
8
19
23
13
16382
16381
6
20
24
11
3
16381
7
15
25
12
0
16382
6
16
24
13
16383
16381
6
19
24
13
7
16382
4
17
28
18
5
16379
6
14
25
17
5
16383
3
14
24
19
6
16380
1
15
24
17
7
16382
2
15
25
22
3
16381
16383
13
23
22
3
16382
16383
14
24
21
9
0
16380
14
23
22
10
16382
16380
9
20
21
9
0
16382
9
21
23
11
0
16381
6
19
27
14
1
16381
8
22
26
13
1
0
6
19
22
18
2
16381
5
20
26
18
5
16379
6
17
26
18
5
16381
5
19
23
14
4
16383
7
16
26
14
9
16383
16383
15
22
19
9
2
2
15
21
19
6
16382
1
16
23
21
5
16381
16381
12
25
24
10
16383
16382
13
22
21
8
16381
0
10
22
21
10
16383
0
8
16
24
13
1
2
9
17
21
12
2
16382
8
22
22
14
1
16383
8
17
20
11
2
16382
8
21
21
16
4
16379
6
18
22
20
4
16379
3
17
24
13
3
16382
16383
18
27
15
10
16382
4
17
23
17
2
16379
3
15
22
18
2
0
3
14
23
20
9
16379
1
10
22
17
6
16380
16382
13
23
19
6
16383
1
13
24
23
13
16382
0
9
24
23
9
1
16382
10
21
22
15
1
16381
11
20
27
10
16383
16381
6
19
24
16
16382
16381
1
18
21
14
2
1
3
18
22
17
2
16383
2
17
23
13
6
16381
8
18
22
18
2
16380
16383
16
21
17
7
16381
1
15
24
22
7
16380
2
15
27
20
8
16382
1
12
24
22
8
16376
16383
13
21
18
11
16383
16382
11
23
22
10
1
16382
11
21
20
9
1
2
10
22
21
13
16382
16381
9
21
25
16
1
1
6
18
23
12
16381
16382
7
21
23
16
16383
16380
8
20
24
15
5
16378
9
14
22
17
2
16383
7
15
26
15
7
16379
6
19
27
17
4
16383
4
18
24
16
10
16381
1
17
22
22
8
16382
1
12
23
19
8
16381
1
13
20
22
9
10
