53
18
23
29
36
41
41
41
41
47
43
44
45
40
35
35
34
30
23
18
17
8
5
16383
16379
16374
16371
16370
16367
16363
16361
16358
16359
16360
16358
16360
16363
16372
16371
16375
16379
1
9
10
14
20
24
28
37
38
39
39
42
46
47
46
44
40
42
41
33
32
27
19
15
10
7
6
16380
16376
16375
16365
16366
16362
16359
16360
16359
16357
16360
16363
16363
16366
16369
16379
16382
0
6
10
14
16
25
30
33
35
39
42
44
45
44
47
46
43
42
36
34
30
23
23
15
14
7
4
16381
16377
16375
16366
16367
16365
16363
16358
16361
16360
16362
16363
16364
16369
16371
16373
16375
16383
3
9
14
18
24
27
31
37
38
44
46
45
43
45
43
43
38
39
34
31
26
21
22
9
8
4
16381
16376
16373
16371
16367
16365
16359
16361
16357
16359
16360
16362
16363
16365
16368
16375
16379
0
4
9
11
19
21
24
32
39
38
40
39
45
44
42
45
41
40
38
31
32
28
22
18
13
10
16382
16381
16375
16375
16369
16370
16360
16361
16361
16356
16361
16362
16362
16365
16367
16368
16376
16379
16380
5
7
12
15
22
26
28
36
33
42
41
46
48
48
45
44
41
38
37
30
26
24
19
13
7
6
3
16379
16378
16371
16369
16366
16362
16359
16362
16359
16362
16362
16365
16365
16371
16372
16377
16380
3
5
11
18
21
25
33
34
34
41
44
46
45
43
43
42
40
39
36
37
28
26
19
13
9
4
1
16378
16375
16370
16367
16362
16361
16360
16360
16362
16360
16362
16362
16364
16369
16371
16373
16379
16381
16382
9
15
17
28
32
36
34
41
40
43
45
44
44
43
43
37
37
34
31
25
24
15
11
7
5
1
16379
16373
16368
16366
16364
16358
16361
16359
16361
16363
16362
16362
16366
16370
16373
16382
16382
4
7
13
19
24
27
28
39
35
38
39
45
46
46
44
44
43
37
36
30
27
21
19
11
9
8
16383
16378
16375
16368
16369
16365
16361
16358
16361
16360
16362
16361
16366
16366
16371
16370
16374
16382
2
9
12
16
21
26
27
36
37
39
37
42
42
42
42
46
42
37
35
30
29
23
16
13
11
3
0
16378
16375
16368
16367
16363
16365
16358
16358
16357
16362
16362
16359
16363
16369
16372
16376
16382
3
6
10
20
22
25
29
33
39
40
41
45
44
43
44
40
41
39
36
36
26
24
23
17
8
6
2
16379
16376
16372
16372
16366
16360
16360
16359
16361
16360
16361
16363
16366
16367
16371
16377
16382
16383
1
7
15
18
24
28
32
36
39
45
46
44
45
46
46
42
40
37
35
31
29
20
20
11
5
4
16382
16375
16373
16369
16369
16361
16361
16361
16357
16360
16357
16363
16367
16366
16375
16380
16379
0
9
6
14
23
25
29
33
36
38
42
44
45
43
47
40
43
38
37
32
29
25
20
16
12
6
5
16381
16378
16372
16367
16365
16361
16360
16361
16359
16359
16362
16361
16363
16366
16372
16372
16377
16383
2
9
13
18
24
31
32
34
35
40
45
48
46
42
43
41
40
38
34
29
25
19
15
14
7
4
16381
16378
16372
16371
16364
16364
16361
16357
16358
16360
16358
16363
16364
16372
16369
16375
16382
16383
3
12
14
20
24
32
31
36
36
40
46
46
46
46
41
42
40
36
33
32
25
22
14
11
10
5
16380
16377
16375
16370
16369
16362
16362
16358
16360
16361
16364
16362
16366
16369
16370
16373
16379
0
2
8
9
22
20
29
35
36
39
39
49
45
47
47
47
39
39
37
38
32
28
24
14
12
9
5
16381
16374
16372
16368
16367
16362
16362
16363
16355
16358
16357
16358
16365
16367
16368
16378
16379
16382
2
8
14
20
22
25
30
37
39
42
42
44
43
46
46
44
43
37
31
32
26
26
23
13
6
1
16383
16380
16374
16367
16368
16365
16360
16361
16360
16360
16361
16364
16363
16368
16368
16373
16375
16383
0
8
8
18
19
25
34
36
38
39
44
42
46
47
47
44
41
38
37
29
29
23
17
14
9
1
16382
16381
16377
16372
16368
16361
16363
16362
16364
16356
16358
16362
16362
16362
16366
16371
16375
16380
0
8
13
17
19
28
31
35
37
40
43
46
45
46
46
43
40
40
38
32
30
25
19
13
12
4
2
16376
16376
16370
16368
16364
16363
16361
16364
16362
16359
16360
16361
16367
16369
16372
16375
16376
2
3
11
17
20
22
27
30
39
39
43
44
46
43
45
45
44
38
39
36
31
27
19
16
13
9
2
16381
16375
16369
16367
16367
16367
16361
16360
16361
16360
16359
16363
16364
16364
16371
16372
16378
1
2
11
18
21
21
28
31
36
38
43
43
46
43
43
45
43
42
37
30
31
28
23
17
11
3
1
16380
16381
16374
16372
16366
16364
16361
16363
16359
16360
16361
16365
16366
16368
16371
16373
16379
2
7
9
13
17
23
29
32
33
37
45
44
45
47
44
42
43
38
38
31
30
26
25
16
13
6
4
16381
16378
16374
16370
16367
16363
16358
16360
16359
16360
16361
16361
16369
16366
16369
16375
16374
16382
1
9
12
17
19
31
33
34
37
43
42
43
43
46
46
42
42
37
33
31
27
20
19
17
7
16383
1
16379
16375
16368
16369
16363
16365
16358
16361
16357
16362
16359
16362
16364
16372
16374
16377
16381
1
8
9
16
22
27
31
32
38
42
43
