98
18
36
51
68
85
85
85
82
71
61
50
30
16
16380
16363
16347
16337
16331
16321
16324
16330
16338
16344
16365
0
16
34
47
62
72
78
86
80
74
62
52
33
16
0
16362
16351
16335
16329
16322
16324
16327
16336
16348
16362
16381
14
34
51
62
71
79
83
78
76
67
51
33
18
16383
16368
16351
16338
16329
16324
16323
16324
16335
16347
16358
16381
13
32
45
58
75
81
79
78
77
63
51
36
18
3
16367
16350
16338
16327
16324
16324
16327
16335
16344
16363
16374
11
30
47
58
70
78
82
83
76
67
50
40
19
2
16368
16350
16341
16331
16325
16322
16329
16332
16344
16358
16376
6
30
43
56
71
78
85
80
79
64
54
38
19
3
16373
16356
16339
16330
16325
16324
16326
16335
16346
16359
16376
8
27
42
59
70
81
81
78
78
70
55
43
24
4
16370
16353
16340
16331
16325
16323
16324
16331
16345
16358
16375
7
25
43
55
71
78
83
83
80
69
57
40
21
6
16373
16354
16342
16333
16319
16322
16326
16332
16343
16355
16373
4
20
41
56
70
78
79
78
77
64
58
40
27
6
16372
16356
16344
16331
16325
16324
16325
16332
16342
16355
16373
3
19
37
52
63
76
84
82
77
70
56
45
22
6
16374
16359
16343
16333
16326
16324
16324
16331
16338
16353
16367
16382
20
37
53
64
71
81
82
76
70
59
43
30
8
16379
16357
16343
16335
16322
16323
16326
16328
16336
16349
16365
16383
21
36
54
66
77
80
83
79
73
59
45
26
16
16378
16367
16348
16333
16328
16324
16324
16327
16336
16348
16363
16382
16
31
52
61
73
78
82
81
75
64
50
31
18
0
16362
16351
16335
16328
16325
16327
16325
16339
16347
16363
16382
11
28
48
61
72
78
83
79
73
65
53
33
18
16380
16366
16350
16339
16330
16324
16324
16326
16336
16347
16363
16375
14
29
44
59
71
80
81
78
75
63
52
37
14
16383
16365
16353
16343
16329
16325
16320
16325
16333
16345
16361
16379
11
25
47
58
72
76
78
83
77
65
53
37
17
2
16369
16353
16338
16331
16329
16323
16328
16335
16345
16359
16378
9
28
43
56
67
78
83
82
73
67
50
37
22
6
16370
16357
16345
16334
16322
16322
16324
16331
16343
16359
16375
2
25
40
57
73
77
84
82
75
67
53
37
20
0
16373
16353
16340
16331
16327
16323
16325
16328
16344
16358
16375
6
25
43
56
67
78
79
84
78
70
51
38
23
4
16373
16355
16344
16333
16326
16323
16324
16331
16341
16353
16373
6
22
38
55
68
77
83
80
77
68
58
39
25
3
16371
16356
16343
16335
16326
16325
16330
16332
16341
16358
16374
7
22
41
57
68
74
77
83
78
70
55
40
24
3
16373
16358
16343
16335
16323
16323
16324
16333
16340
16355
16373
5
21
37
49
67
74
80
81
80
67
59
44
28
9
16376
16361
16343
16330
16329
16323
16325
16327
16339
16345
16368
0
19
38
51
64
74
80
83
78
71
59
45
30
9
16377
16361
16342
16334
16325
16323
16323
16330
16338
16351
16368
16381
18
36
48
63
75
80
77
74
67
61
49
31
13
16379
16362
16347
16335
16329
16322
16324
16330
16336
16353
16365
0
15
32
53
63
73
83
84
78
70
62
47
31
16
16383
16366
16352
16338
16328
16325
16321
16330
16333
16354
16362
16380
12
35
46
64
71
84
81
81
74
62
52
35
19
16380
16367
16351
16338
16325
16325
16324
16325
16334
16345
16361
16381
9
30
49
56
66
75
81
78
75
67
51
34
20
1
16369
16353
16344
16332
16324
16323
16329
16337
16345
16358
16378
13
27
43
58
72
80
80
80
73
66
54
38
19
2
16370
16354
16340
16330
16325
16324
16325
16334
16341
16360
16374
10
26
41
56
69
75
79
82
75
67
58
40
24
4
16373
16356
16342
16335
16323
16319
16323
16333
16344
16356
16374
6
24
42
59
68
79
82
84
78
70
56
40
25
10
16373
16356
16343
16333
16327
16321
16326
16329
16344
16354
16370
5
23
42
55
67
77
79
86
80
71
57
43
25
5
16375
16358
16341
16331
16325
16326
16326
16331
16336
16353
16365
1
23
36
57
64
73
81
80
78
69
62
44
28
9
16378
16362
16344
16335
16329
16323
16326
16327
16342
16351
16367
1
20
36
50
63
72
78
81
79
73
62
45
31
11
16376
16362
16350
16337
16330
16321
16325
16331
16338
16346
16364
1
17
34
50
65
76
82
80
77
75
63
53
30
12
16379
16361
16347
16336
16330
16322
16323
16329
16337
16351
16369
16381
16
33
47
62
70
79
81
81
75
62
55
36
18
16383
16367
16354
16338
16331
16322
16325
16325
16334
16346
16360
16379
14
32
45
61
76
81
82
79
77
62
50
36
21
1
16363
16353
16340
16329
16326
16321
16328
16335
16348
16359
16378
13
27
44
59
72
76
81
82
75
62
50
35
17
5
16374
16354
16339
16330
16322
16323
16324
16334
16345
16361
16376
5
28
45
55
71
78
83
80
74
66
56
40
25
1
16369
16354
16340
16329
16323
16325
16326
16333
16341
16354
16374
4
24
41
53
67
78
81
79
78
70
54
38
24
4
16373
16357
16344
16329
16327
16322
16327
16331
16339
16356
16373
9
23
42
56
71
75
81
83
79
71
59
43
29
9
16373
16358
16349
16335
16326
16320
16325
16330
16338
16350
16367
1
22
36
50
65
77
82
83
76
70
56
44
26
7
16375
16358
16342
16333
16325
16327
