64
99
40
16349
16297
28
28
28
93
115
86
15
16331
16293
16302
16361
46
97
111
67
16374
16316
16293
16317
2
70
107
95
45
16356
16301
16296
16337
23
86
114
87
24
16337
16295
16301
16359
44
100
113
73
2
16319
16292
16312
16375
65
107
104
53
16362
16307
16291
16330
17
80
112
89
27
16343
16301
16300
16350
39
94
109
74
5
16325
16290
16313
16371
62
109
107
57
16369
16310
16290
16326
7
77
110
96
38
16349
16297
16296
16343
29
94
112
82
17
16331
16291
16306
16363
50
102
107
60
16379
16312
16292
16321
2
68
112
95
43
16355
16306
16295
16337
25
85
114
89
22
16336
16291
16305
16356
46
102
113
71
1
16319
16291
16314
16378
62
109
102
48
16363
16307
16297
16328
16
80
109
92
32
16340
16299
16298
16347
35
96
113
76
8
16324
16289
16305
16369
61
108
109
60
16371
16309
16292
16325
8
77
108
97
34
16347
16301
16300
16341
27
90
110
82
17
16331
16290
16306
16365
52
106
109
63
16375
16315
16290
16314
16383
72
110
103
46
16358
16298
16294
16334
25
88
112
86
25
16338
16293
16305
16353
44
98
109
72
4
16319
16292
16316
16374
65
105
99
55
16366
16307
16293
16327
15
84
114
93
30
16345
16295
16298
16345
37
97
113
80
9
16324
16292
16311
16371
55
103
109
63
16372
16312
16292
16326
7
72
109
93
38
16347
16302
16301
16346
34
90
109
79
17
16330
16295
16306
16358
51
103
111
65
16382
16314
16291
16318
1
70
112
100
47
16358
16303
16291
16334
20
81
110
86
25
16334
16296
16304
16354
45
95
113
69
16383
16320
16294
16317
16377
66
106
105
51
16362
16306
16291
16332
14
83
115
94
34
16342
16295
16298
16348
37
96
111
80
6
16326
16293
16308
16369
58
103
109
57
16370
16312
16293
16327
10
75
111
93
38
16349
16298
16295
16348
30
90
112
80
18
16330
16294
16307
16364
52
105
106
63
16378
16312
16294
16319
2
72
114
97
40
16354
16302
16298
16336
25
89
108
88
18
16332
16293
16305
16362
47
102
109
66
16381
16315
16291
16314
16381
71
110
101
49
16361
16304
16291
16333
22
83
108
90
26
16343
16293
16298
16352
42
99
111
76
5
16322
16291
16313
16374
60
106
103
53
16366
16306
16289
16327
10
80
113
97
34
16345
16297
16299
16348
37
98
113
79
9
16328
16293
16305
16367
55
103
108
59
16376
16310
16291
16326
8
74
111
95
36
16350
16302
16299
16346
27
87
111
86
14
16330
16293
16306
16364
47
102
106
64
16378
16314
16292
16316
0
72
113
105
46
16359
16301
16294
16336
20
86
113
88
24
16338
16295
16302
16358
41
101
109
66
16382
16319
16290
16317
16378
63
108
103
54
16362
16303
16291
16330
16
81
116
93
29
16339
16294
16298
16348
38
100
113
78
8
16326
16293
16312
16374
56
104
105
57
16366
16309
16292
16323
11
74
110
97
38
16346
16299
16296
16343
33
91
113
79
14
16332
16294
16307
16364
55
106
110
66
16375
16316
16289
16322
1
71
113
101
44
16357
16302
16296
16338
24
86
113
84
22
16334
16295
16300
16361
42
100
110
68
16382
16319
16291
16311
16377
63
108
104
51
16362
16305
16292
16327
18
81
112
93
30
16344
16294
16295
16348
34
92
110
76
9
16325
16292
16314
16371
60
102
105
58
16373
16313
16294
16325
7
74
109
93
36
16350
16297
16296
16344
31
92
118
85
17
16333
16291
16307
16364
48
100
111
63
16376
16317
16293
16320
16383
70
107
100
42
16357
16303
16295
16335
26
89
110
86
21
16336
16293
16302
16355
42
97
110
72
0
16318
16292
16308
16374
64
109
105
51
16363
16306
16294
16329
15
81
112
95
34
16344
16301
16300
16350
35
93
108
80
9
16326
16296
16307
16369
56
104
105
61
16373
16309
16291
16322
5
76
115
98
39
16351
16298
16293
16344
29
92
113
86
20
16334
16293
16307
16360
49
100
109
62
16382
16317
16294
16320
16383
66
111
101
43
16356
16304
16293
16333
22
87
113
89
26
16339
16294
16298
16353
43
100
113
73
5
16319
16293
16317
16375
62
107
104
54
16368
16306
16296
16331
14
81
111
89
33
16344
16300
16301
16349
37
96
107
77
10
16325
16294
16306
16367
57
110
106
57
16371
16312
16294
16324
8
75
110
97
37
16349
16298
16295
16341
29
91
111
80
16
16332
16293
16308
16361
50
101
106
63
16377
16313
16293
16319
3
72
113
97
43
16357
16303
16296
16337
26
90
113
84
24
16337
16291
16302
16359
45
100
111
70
16383
16320
16293
16318
16381
65
108
106
46
16358
16305
16297
16333
19
87
111
89
31
16340
16295
16300
16357
40
98
115
74
7
16322
16289
16310
16368
64
108
107
54
16367
16308
16293
16324
6
79
111
95
31
16344
16301
16299
16349
36
93
107
75
10
16326
16295
16308
16367
55
105
106
61
16372
16307
16290
16322
6
73
112
97
40
16352
16300
16295
16342
28
91
115
85
19
16329
16296
16306
16362
49
99
107
63
16383
16317
16292
16321
5
70
110
100
46
16358
16303
16296
16337
22
88
113
91
22
16335
16290
16303
16356
46
100
112
75
16383
16322
16289
16312
16378
68
111
101
49
16361
16303
16297
16336
22
82
111
89
27
16338
16297
16302
16354
39
96
110
73
5
16323
16286
16312
16375
61
110
105
56
16368
16308
16292
16327
9
82
110
93
31
16347
16300
16299
16345
30
91
111
76
13
16322
16293
55
