93
16377
16372
16367
16366
16358
16358
16358
16359
16357
16359
16361
16365
16366
16369
16370
16378
16383
1
9
12
17
20
25
27
33
39
40
42
43
45
39
41
45
43
42
35
30
26
26
17
12
10
3
16381
16379
16372
16370
16370
16362
16362
16364
16359
16360
16359
16361
16362
16367
16369
16370
16375
16379
1
3
11
15
22
24
27
30
35
38
43
41
45
45
45
45
42
38
38
34
31
28
21
19
12
7
2
16379
16375
16378
16369
16365
16366
16362
16361
16355
16361
16362
16363
16362
16364
16370
16375
16377
16383
3
9
13
15
24
26
33
35
35
37
40
45
44
48
45
44
40
36
36
32
28
25
21
14
9
7
3
16382
16376
16373
16371
16369
16360
16362
16360
16359
16358
16357
16360
16366
16366
16371
16368
16378
2
0
8
14
15
27
30
30
35
35
43
43
45
46
43
41
42
39
40
33
32
25
24
20
16
6
4
0
16376
16374
16372
16366
16362
16360
16362
16360
16363
16361
16361
16366
16365
16368
16372
16376
16378
3
3
11
19
22
22
26
35
34
38
40
46
45
45
45
43
41
41
37
34
31
28
22
17
12
8
5
16382
16374
16373
16374
16366
16360
16363
16360
16361
16361
16360
16364
16364
16365
16369
16371
16377
16379
3
7
13
19
19
26
29
32
43
38
43
44
43
45
46
46
42
40
35
30
34
25
21
16
11
6
3
16380
16378
16373
16371
16364
16361
16358
16355
16359
16362
16361
16365
16367
16365
16370
16373
16383
16382
2
8
12
12
24
27
34
35
38
38
43
46
46
43
45
43
41
41
35
31
31
21
19
13
7
2
16381
16382
16378
16372
16369
16366
16363
16362
16361
16359
16359
16363
16364
16365
16367
16374
16372
16381
16383
2
9
13
18
24
26
35
35
40
42
44
44
47
45
44
42
43
37
31
30
26
18
18
10
7
2
2
16375
16371
16369
16365
16362
16359
16361
16362
16360
16359
16358
16364
16362
16369
16372
16375
16380
1
4
9
17
21
28
26
32
37
39
44
44
43
44
41
41
43
40
35
34
31
24
22
14
12
6
1
16381
16374
16372
16367
16368
16365
16363
16360
16360
16359
16361
16362
16366
16364
16367
16371
16379
16381
1
8
14
18
22
25
28
34
39
43
45
43
47
43
44
43
38
36
35
30
29
28
22
12
9
6
16383
16378
16375
16373
16370
16366
16359
16364
16358
16357
16360
16361
16360
16365
16367
16372
16372
16380
16382
4
6
11
19
24
28
30
34
39
39
41
45
45
45
43
43
40
36
32
31
26
23
16
14
7
4
2
16379
16378
16370
16367
16362
16362
16362
16361
16362
16356
16363
16359
16365
16371
16374
16376
16379
16382
5
13
15
20
26
29
36
38
39
43
42
45
46
45
43
39
39
38
31
28
26
22
10
11
7
2
16382
16376
16370
16371
16365
16362
16361
16358
16357
16360
16356
16368
16364
16368
16371
16375
16379
16382
5
5
13
20
22
29
33
35
37
42
41
45
45
45
49
44
42
40
30
30
24
24
19
15
6
2
16380
16376
16372
16373
16369
16368
16362
16360
16359
16361
16362
16362
16364
16365
16368
16368
16378
16383
5
10
12
18
20
26
31
33
37
36
42
45
44
45
45
47
43
41
43
33
27
25
17
13
10
3
0
16379
16375
16369
16366
16366
16361
16361
16362
16359
16359
16361
16360
16366
16366
16373
16380
16379
16382
5
6
15
20
23
27
33
35
38
43
40
41
43
46
43
42
43
38
35
31
28
21
21
8
7
3
16380
16379
16373
44
43
42
40
38
28
26
20
16359
16365
16365
16366
16373
16378
16380
5
9
11
15
17
25
31
33
34
40
44
43
46
41
44
41
40
38
36
32
29
25
22
16
9
6
16382
16378
16374
16369
16365
16364
16364
16362
16362
16361
16356
16362
16363
16365
16374
16371
16374
16378
1
1
7
14
24
24
28
27
34
41
43
43
45
44
47
41
43
40
39
36
30
30
21
18
12
8
3
16381
16379
16373
16367
16369
16363
16359
16360
16359
16360
16357
16364
16365
16363
16370
16373
16377
16383
2
5
13
19
23
23
29
29
38
42
40
43
46
46
42
44
42
39
33
30
25
26
20
18
9
5
2
16381
16376
16372
16367
16363
16363
16360
16359
16357
16361
16363
16364
16364
16371
16371
16374
16378
1
5
11
13
20
26
27
31
36
40
38
45
44
46
43
47
43
40
37
37
31
28
24
18
13
7
2
0
16379
16374
16370
16368
16363
16359
16361
16359
16359
16360
16361
16363
16365
16369
16373
16378
16380
0
8
12
14
22
29
30
34
36
38
45
44
46
45
44
44
41
40
38
35
30
24
21
18
10
8
1
1
16374
16372
16368
16363
16363
16358
16363
16360
16360
16363
16363
16365
16369
16372
16377
16377
16382
16383
10
16
17
22
29
31
36
40
41
44
40
47
45
41
41
41
38
39
33
28
23
18
12
8
5
16383
16378
16373
16374
16370
16366
16365
16364
16357
16358
16356
16360
16364
16365
16369
16373
16377
16378
16383
2
10
12
20
22
27
33
37
39
44
42
41
43
45
43
45
43
38
34
29
27
20
17
14
8
1
16378
16378
16372
16366
16366
16363
16361
16362
16360
16359
16360
16360
16364
16364
16370
16376
16377
16383
5
12
12
18
22
29
32
35
38
38
41
43
45
43
46
46
41
37
36
33
30
26
20
17
1
