66
26
1
16361
16360
45
45
45
35
6
16363
16358
16381
29
49
37
10
16367
16358
16374
24
45
40
16
16369
16358
16370
18
44
43
24
16376
16358
16363
11
39
46
26
16378
16361
16366
8
37
47
31
16383
16361
16360
1
32
46
36
6
16362
16361
16381
26
46
39
13
16366
16359
16377
26
47
43
16
16372
16356
16370
16
41
44
20
16374
16356
16372
13
41
49
27
16377
16358
16363
9
36
45
29
16381
16358
16360
2
31
50
36
4
16360
16359
16380
28
47
39
14
16365
16354
16378
26
45
40
17
16371
16353
16371
22
43
45
20
16372
16359
16366
10
45
45
26
16377
16359
16366
8
38
46
26
16381
16356
16361
5
33
46
35
9
16361
16360
16380
31
46
37
10
16364
16360
16377
19
46
42
14
16368
16359
16369
20
39
43
20
16373
16355
16369
16
38
45
26
16376
16359
16366
11
40
47
30
1
16359
16365
2
34
48
34
3
16363
16357
16383
28
45
38
9
16362
16356
16376
24
43
43
13
16368
16357
16371
22
46
41
19
16376
16357
16366
14
42
45
25
16378
16359
16365
7
38
44
30
16381
16359
16363
6
35
49
30
3
16361
16363
16383
33
51
36
5
16362
16356
16378
25
46
41
15
16365
16359
16375
18
44
43
16
16369
16358
16369
17
42
48
21
16377
16359
16366
10
37
45
31
16382
16355
16365
2
34
47
31
2
16360
16360
1
32
46
34
6
16360
16354
16379
26
46
37
14
16365
16357
16378
21
46
46
18
16369
16361
16369
17
44
44
23
16375
16356
16367
12
39
46
28
16381
16360
16363
8
37
46
34
2
16365
16359
3
30
49
38
6
16367
16354
16377
27
48
36
14
16368
16358
16373
23
45
42
18
16374
16358
16373
18
43
42
25
16377
16358
16366
12
40
44
26
16383
16360
16365
5
36
45
30
1
16359
16360
16383
34
46
36
8
16362
16360
16379
29
43
40
11
16365
16357
16372
22
44
43
15
16373
16357
16371
15
38
43
22
16375
16358
16365
13
38
48
25
16381
16360
16366
8
39
48
31
0
16363
16359
0
33
50
38
9
16363
16359
16379
27
46
41
16
16368
16360
16376
22
45
41
13
16372
16357
16370
18
40
46
21
16377
16357
16365
11
41
49
26
16378
16359
16363
2
33
47
30
16383
16356
16360
3
30
47
34
5
16362
16357
16381
30
51
38
9
16364
16361
16374
24
47
41
18
16371
16360
16375
18
45
43
22
16377
16358
16368
9
41
46
25
16379
16357
16364
11
37
49
32
2
16360
16361
6
36
48
35
5
16361
16360
16383
28
47
36
11
16365
16356
16375
25
48
43
13
16369
16357
16373
17
42
43
24
16378
16356
16366
15
39
47
26
16381
16355
16362
9
38
43
30
1
16360
16357
2
31
47
34
6
16365
16357
16378
29
47
36
11
16363
16357
16374
22
47
42
18
16371
16357
16371
19
46
41
22
16370
16358
16366
13
38
44
24
16379
16355
16362
6
37
45
32
1
16362
16363
5
35
49
34
6
16360
16363
16381
31
51
41
12
16368
16357
16375
24
42
41
15
16370
16358
16373
21
45
44
21
16373
16359
16364
15
41
46
24
16377
16361
16367
7
34
47
32
16381
16361
16365
3
35
47
33
2
16363
16361
16382
30
47
38
9
16364
16358
16379
25
44
41
13
16368
16359
16372
19
39
48
19
16374
16357
16368
15
39
49
29
16380
16356
16366
14
40
47
33
16379
16354
16366
5
33
49
33
5
16362
16360
16381
28
47
33
10
16360
16355
16377
26
48
41
16
16372
16356
16373
22
44
43
19
16370
16359
16368
15
40
45
28
16379
16357
16364
8
42
47
29
16381
16359
16361
1
34
48
30
1
16361
16361
2
35
46
38
9
16367
16359
16378
21
45
41
14
16371
16359
16375
19
42
48
20
16373
16359
16369
17
39
45
26
16373
16358
16366
8
37
47
28
16381
16362
16361
1
36
48
30
7
16361
16365
4
28
45
38
5
16365
16359
16376
26
45
38
13
16366
16355
16375
21
44
46
21
16369
16358
16369
16
43
45
24
16375
16357
16365
11
38
49
30
16382
16359
16362
2
36
46
32
4
16363
16357
16383
32
46
37
7
16366
16358
16373
26
46
39
16
16366
16357
16374
21
45
43
21
16372
16357
16367
16
41
42
29
16381
16357
16364
8
39
45
29
16380
16359
16363
4
33
47
34
7
16359
16357
16383
29
47
35
7
16364
16357
16380
27
46
42
13
16372
16360
16371
19
43
45
20
16371
16353
16367
13
40
43
25
16376
16361
16363
11
35
49
33
16383
16357
16360
4
33
46
33
16383
16362
16361
16382
34
47
37
9
16363
16359
16379
26
46
41
15
16367
16355
16374
23
47
43
19
16373
16359
16369
14
42
46
25
16377
16358
16364
12
42
44
30
16381
16359
16366
4
37
46
34
2
16361
16357
3
32
46
39
6
16362
16359
16379
27
46
40
13
16367
16355
16374
24
45
42
19
16371
16358
16368
17
42
46
23
16375
16360
16367
10
39
44
27
16377
16361
16362
6
38
47
34
1
16362
16362
0
30
51
36
6
16365
16357
16379
28
45
40
13
16367
16363
16373
22
45
46
21
16374
16359
16369
18
42
47
23
16378
16357
16367
9
40
46
26
16380
16358
16362
8
39
47
33
3
16364
16363
0
30
48
39
8
16364
16354
16379
28
44
43
13
16373
16358
16374
40
