69
8
14
18
10
11
11
11
17
15
5
2
3
15
15
15
7
1
6
11
17
12
2
1
7
18
18
9
4
3
11
18
15
3
0
5
16
16
11
2
2
10
19
20
10
0
7
12
19
14
5
1
7
16
18
11
4
6
11
18
17
7
3
4
12
18
14
4
16383
11
19
20
11
0
6
10
17
13
9
1
6
15
18
13
2
3
7
19
16
11
0
1
13
18
16
7
16383
5
15
24
13
3
16383
8
17
17
10
5
3
9
18
14
8
3
5
16
19
15
3
1
7
20
18
9
1
2
10
20
14
5
1
8
17
21
14
4
3
10
20
14
10
1
5
13
21
11
4
3
9
17
20
9
1
4
10
17
18
10
16383
7
11
20
14
6
16382
9
19
16
11
2
1
11
20
17
6
16383
8
14
18
15
5
1
9
15
19
9
3
2
8
17
16
6
16383
7
14
19
11
1
16383
9
17
18
11
0
2
13
19
14
4
2
7
13
17
13
4
2
10
17
20
8
2
5
13
18
11
5
3
5
19
19
13
5
2
9
18
15
7
4
1
12
19
12
6
16383
8
18
18
10
3
4
10
23
17
7
3
2
14
21
14
3
1
11
15
20
9
3
2
10
20
15
7
1
5
13
18
14
2
1
7
15
18
10
1
2
9
19
17
7
0
1
13
17
12
4
16383
8
16
14
9
5
6
14
19
16
7
2
8
11
20
13
3
2
11
14
17
5
16383
8
13
17
14
6
2
7
16
20
12
4
5
7
16
14
7
0
16382
15
20
17
5
1
7
12
16
11
0
2
13
19
18
6
4
2
14
18
13
6
2
8
20
13
12
0
4
12
21
15
8
2
2
10
18
12
4
3
8
15
16
11
3
2
13
19
15
7
16382
5
15
19
11
16383
5
8
18
17
6
2
3
12
20
17
6
1
5
14
15
16
6
0
9
18
16
10
16382
3
13
18
15
7
3
4
17
17
11
3
3
10
20
15
8
2
3
10
16
14
6
1
10
15
18
11
1
3
12
18
18
8
2
4
14
19
12
6
2
5
14
18
11
4
0
10
24
16
9
16381
5
12
16
14
7
2
4
17
14
7
16382
3
11
17
14
6
16383
4
13
21
14
4
1
6
15
20
10
4
4
12
17
16
8
2
3
13
22
13
6
16383
9
16
16
8
4
3
14
17
14
9
1
6
18
18
10
3
4
8
18
19
9
16382
3
12
18
13
6
4
4
14
19
13
7
1
15
19
15
10
16381
6
12
16
13
6
16382
10
14
18
11
4
16381
12
19
17
6
3
4
14
19
12
4
2
4
14
19
8
4
4
13
18
18
7
16383
8
13
20
13
6
1
6
18
18
11
0
1
11
22
17
8
4
8
15
21
11
6
16383
6
16
19
6
5
0
11
21
14
9
2
6
13
20
10
2
6
7
17
19
10
3
4
8
20
15
9
0
7
14
14
11
3
1
12
15
17
8
3
2
12
14
12
5
16382
5
12
15
13
0
5
9
19
13
8
0
6
14
22
15
5
3
7
13
18
9
0
6
9
17
21
7
4
5
13
19
14
2
3
11
17
19
10
1
1
12
21
16
10
1
6
17
18
13
4
3
9
15
18
10
3
3
10
17
16
4
16382
7
15
20
13
4
4
8
20
21
11
1
16383
10
20
15
5
3
8
16
18
13
2
16383
9
17
19
10
2
6
11
19
14
8
0
7
16
18
13
3
2
10
17
18
8
5
1
12
18
14
4
16382
8
16
16
13
6
1
11
18
12
8
0
5
12
22
14
7
0
10
17
17
10
2
3
10
17
17
7
2
5
16
21
12
9
2
11
18
19
13
5
4
11
19
16
8
16382
5
18
16
14
2
2
5
20
18
5
2
6
15
18
20
9
2
9
13
16
10
3
1
10
14
14
7
2
6
10
19
13
7
16381
9
17
18
10
4
6
9
18
18
6
2
3
11
21
20
3
1
6
14
14
10
6
2
12
18
13
8
2
3
13
21
15
8
2
5
22
21
10
5
2
11
21
15
8
1
7
14
23
13
3
3
8
18
19
10
3
7
13
20
16
8
16382
4
15
16
15
4
3
4
14
18
9
0
6
13
20
17
4
1
6
19
18
11
4
1
8
18
16
8
16383
6
12
21
17
7
0
5
14
14
12
1
2
11
19
14
8
2
8
11
18
15
2
16382
9
16
19
13
7
2
11
19
18
11
2
5
13
16
14
6
2
7
18
17
11
3
4
12
17
14
9
16383
3
13
19
14
5
5
9
18
15
8
4
5
14
21
13
6
1
9
14
18
13
6
2
12
18
20
9
5
3
14
19
16
7
1
4
17
20
13
9
3
11
18
17
9
3
12
