47
25
24
17
10
16377
16377
16377
0
10
18
25
28
26
16
6
16379
16378
16380
7
13
23
31
25
19
8
16382
16382
16379
0
15
24
29
29
19
11
16383
16378
16380
2
11
18
29
26
22
13
4
16383
16379
0
7
21
28
29
25
14
3
16381
16377
1
8
16
23
29
24
14
5
16383
16379
16382
5
16
22
25
23
19
10
16382
16378
16379
16382
13
20
29
29
19
8
16383
16378
16378
1
10
20
26
27
20
12
5
16377
16375
16380
9
15
24
25
25
13
7
0
16376
16380
5
10
24
27
25
19
4
16383
16379
16379
6
13
22
29
25
18
10
2
16376
16378
2
11
20
26
27
22
13
5
16381
16381
0
7
16
25
26
23
14
2
16382
16378
16379
3
14
25
26
24
17
9
16378
16382
16382
6
16
20
26
24
17
10
16383
16374
16382
4
11
22
27
28
17
15
2
16380
16376
16383
13
16
28
27
18
12
5
16378
16379
2
6
18
25
25
22
10
4
16378
16375
16379
4
16
23
23
28
17
6
1
16379
16381
5
13
24
24
24
17
10
16383
16380
16378
1
13
21
26
25
20
12
1
16380
16380
16383
7
17
25
28
23
12
5
16379
16378
16383
8
18
26
28
21
16
9
16381
16375
16383
4
17
24
26
22
13
11
16381
16377
16378
4
13
25
27
25
19
6
0
16379
16378
16383
13
22
25
28
20
9
4
16380
16381
16383
10
18
28
29
24
13
8
16382
16378
0
6
14
24
25
24
14
5
16380
16380
16379
4
14
24
27
25
17
13
1
16377
16377
16383
16
22
28
28
21
11
16383
16377
16379
2
9
18
25
26
20
11
6
16382
16376
3
7
20
24
26
25
14
3
16383
16378
16383
4
15
22
30
20
16
8
16382
16377
16381
16383
15
21
27
25
23
11
16383
16375
16378
1
16
19
24
26
21
11
1
16378
16381
1
13
19
24
28
22
13
3
16381
16378
16382
5
15
28
27
23
17
4
16380
16376
16382
5
17
21
26
24
17
9
1
16381
16380
2
10
21
25
24
22
12
16381
16379
16376
2
8
22
26
25
19
9
4
16381
16379
16382
11
17
25
28
21
10
5
16382
16378
16379
4
16
25
26
23
15
5
16380
16379
16381
1
16
22
29
22
19
4
1
16378
16380
0
10
21
27
23
17
7
16383
16379
16378
1
7
16
25
24
23
11
2
16381
16379
16379
8
16
21
27
21
16
5
16382
16378
16382
5
15
19
23
26
17
5
16379
16378
16380
2
9
22
24
23
18
9
2
16379
16382
16383
7
20
26
25
21
11
16383
16379
16381
1
9
18
24
27
21
12
2
16382
16378
16379
6
15
25
29
25
20
9
16382
16381
16379
7
16
23
26
25
14
8
16381
16378
16378
2
12
21
27
26
25
11
1
16376
16377
3
10
16
27
27
23
12
2
16380
16379
16380
8
20
26
28
22
16
4
16381
16377
16378
4
13
25
28
26
15
9
16382
16375
16381
0
8
24
24
27
16
9
16382
16378
16383
16383
11
19
27
27
21
9
4
16379
16380
1
9
20
22
28
22
16
4
16381
16378
16381
6
14
24
27
27
18
4
16380
16380
16377
5
16
23
29
23
20
5
0
16378
16381
5
11
20
27
27
20
11
16383
16377
16381
16382
9
20
25
25
23
12
16383
16379
16379
1
9
16
23
27
22
15
3
16383
16380
16380
1
14
21
27
25
17
4
16383
16379
16377
2
12
21
29
27
18
10
16380
16378
16379
3
13
21
26
25
19
10
2
16376
16379
16382
9
18
27
25
19
13
8
16383
16379
16382
5
15
23
24
23
16
5
16381
16380
16382
6
15
22
25
24
13
5
16379
16379
16381
0
10
24
23
27
17
11
16382
16378
16379
0
8
20
27
28
20
15
16383
16380
16381
1
10
17
25
30
22
16
8
16379
16381
16379
8
16
25
23
25
14
8
16381
16375
16380
2
14
22
27
28
14
6
16381
16380
16378
0
11
17
29
21
20
8
3
16380
16378
0
11
21
24
26
22
10
1
16379
16377
16381
7
15
25
24
22
14
3
16382
16378
16383
10
16
25
28
22
16
6
16381
16374
16378
5
16
22
27
24
19
8
1
16377
16378
4
12
19
23
24
21
11
16383
16377
16377
16383
10
17
31
27
20
15
4
16380
16380
1
9
17
24
24
22
13
8
16382
16382
16383
2
11
21
26
24
18
6
16380
16376
16378
2
13
20
27
29
16
6
0
16378
16377
16383
9
18
28
26
23
10
1
16380
16380
16382
9
17
24
27
21
12
5
16379
16379
3
6
15
23
28
23
13
8
16380
16379
16380
4
13
22
27
24
20
10
16383
16377
16381
1
12
24
27
27
18
10
16383
16379
16377
1
9
22
24
27
24
8
5
16380
16379
16381
9
16
23
26
22
14
3
16382
16378
16379
4
14
21
25
27
15
2
16382
16378
16379
4
10
24
25
25
18
13
16383
16379
16379
16381
9
19
27
29
22
11
1
16380
16381
16383
8
18
26
26
22
10
3
16380
16380
16382
9
14
23
27
23
20
6
16380
16379
16383
4
15
21
29
26
20
9
16382
16379
16379
7
14
22
19
