16
52
51
51
48
42
42
42
38
37
33
36
29
23
21
19
11
10
6
1
16378
16377
16376
16373
16364
16368
16365
16362
16359
16358
16350
16355
16357
16353
16356
16354
16356
16353
16357
16358
16357
16359
16363
16366
16372
16375
16377
16375
1
4
8
12
13
17
17
23
29
32
35
38
39
46
46
49
49
52
51
53
50
56
51
52
46
44
41
43
37
36
36
32
26
24
21
19
15
10
4
2
0
16378
16376
16370
16369
16366
16361
16358
16356
16356
16354
16353
16353
16355
16353
16354
16354
16354
16356
16360
16354
16361
16366
16370
16373
16375
16376
1
16380
4
7
11
19
20
24
27
30
35
36
39
39
45
47
44
50
50
50
51
52
53
50
54
45
48
45
42
39
39
27
37
30
26
21
13
13
7
4
2
16383
16380
16376
16370
16369
16365
16363
16360
16358
16359
16357
16355
16354
16353
16352
16354
16355
16358
16358
16358
16357
16362
16365
16369
16371
16372
16377
16383
2
4
10
14
15
21
25
30
32
36
36
41
42
47
46
47
51
51
52
51
49
50
55
51
48
46
44
40
38
38
33
27
29
23
18
16
11
9
6
16382
16382
16374
16372
16370
16367
16365
16366
16360
16357
16355
16355
16355
16354
16355
16357
16353
16354
16357
16358
16356
16361
16360
16367
16370
16372
16377
16378
16381
0
5
9
16
14
21
25
27
35
34
37
39
44
45
47
49
47
50
48
52
51
49
52
51
46
48
44
39
38
30
35
30
28
22
17
16
9
6
5
16382
16381
16379
16373
16371
16365
16368
16363
16361
16357
16357
16353
16354
16356
16356
16358
16354
16352
16358
16358
16353
16358
16361
16368
16369
16372
16375
16378
1
2
7
10
14
15
24
26
27
32
36
39
43
41
44
49
48
47
50
51
52
48
53
53
49
45
45
42
41
38
36
33
28
23
23
22
14
11
10
2
3
16378
16377
16373
16369
16368
16362
16364
16359
16355
16355
16353
16355
16353
16355
16351
16350
16356
16355
16359
16360
16362
16360
16366
16370
16371
16374
16380
16381
1
5
9
14
15
23
27
23
34
39
41
43
46
49
47
48
51
50
54
54
54
52
49
51
47
48
47
43
37
36
34
26
21
21
17
16
10
4
4
2
16379
16376
16371
16373
16367
16365
16362
16357
16356
16358
16353
16351
16352
16354
16351
16356
16353
16352
16359
16358
16361
16363
16367
16373
16372
16376
16383
1
5
7
10
14
18
21
28
31
33
40
40
46
46
47
49
52
52
52
53
49
51
51
49
49
46
47
39
39
41
33
28
30
22
22
17
12
5
3
16383
16377
16375
16372
16371
16369
16365
16363
16362
16358
16356
16354
16357
16354
16355
16353
16354
16353
16354
16358
16359
16359
16363
16364
16371
16371
16373
16379
16383
3
6
8
14
17
21
27
31
33
33
38
42
46
50
51
47
52
51
53
53
53
52
50
50
49
48
41
42
41
35
36
26
26
23
22
14
9
7
2
16380
16377
16376
16373
16372
16366
16360
16362
16358
16358
16353
16354
16353
16353
16352
16354
16350
16355
16356
16358
16357
16363
16366
16367
16370
16373
16377
16382
0
0
6
9
17
18
21
27
30
30
37
43
43
42
46
50
50
50
51
51
54
50
50
50
48
49
45
45
40
37
35
32
30
25
22
17
13
8
8
4
3
16375
16371
16372
16370
16369
16363
16359
16358
16353
16358
16356
16354
16355
16353
16353
16353
16353
10
10
10
7
10
7
8
7
16378
16383
16383
4
8
14
18
22
24
26
30
33
33
36
43
45
49
47
51
50
47
52
53
50
51
54
48
50
41
45
37
39
37
29
28
25
19
15
11
5
5
1
16382
16377
16371
16371
16367
16367
16359
16358
16356
16358
16353
16354
16354
16353
16351
16352
16354
16357
16354
16357
16360
16362
16363
16369
16375
16377
16379
16383
16383
6
8
16
21
20
22
26
32
36
37
40
43
46
43
49
51
53
54
55
50
51
48
47
47
48
41
43
43
36
33
29
25
20
17
14
8
8
1
16383
16381
16375
16373
16367
16365
16364
16366
16360
16356
16357
16352
16352
16349
16351
16351
16351
16355
16353
16356
16360
16360
16364
16369
16370
16371
16377
16380
16382
1
10
11
16
19
23
28
30
33
37
39
40
48
47
48
54
50
54
53
50
51
50
54
50
48
46
42
40
34
33
32
28
26
21
13
16
9
1
16382
16383
16376
16372
16370
16368
16366
16360
16356
16354
16353
16350
16352
16351
16353
16353
16355
16351
16355
16357
16361
16360
16360
16366
16367
16370
16375
16377
16382
3
8
10
15
22
21
23
29
28
39
39
44
44
45
48
51
51
54
52
51
55
51
50
52
45
47
45
40
40
33
34
31
25
21
20
11
10
3
1
16383
16378
16374
16371
16369
16362
16363
16355
16357
16356
16352
16355
16350
16352
16351
16346
16352
16357
16353
16355
16361
16358
16367
16368
16372
16375
16376
16381
1
5
11
17
19
19
24
30
34
38
37
43
44
49
47
50
53
57
55
55
51
53
53
50
47
44
47
38
37
37
32
29
24
23
17
13
7
7
16381
16379
16379
16374
16370
16367
16366
16363
16363
16356
16357
16351
16354
16353
16351
16354
16351
16355
16354
16354
16354
16360
16362
16364
16365
16367
16376
16378
16381
1
6
10
16
14
22
22
31
33
33
39
44
48
46
46
50
50
51
53
50
53
50
51
55
47
49
46
42
33
