20
16320
16314
16320
16339
47
47
47
71
86
85
76
53
30
16378
16349
16328
16314
16318
16330
16355
3
37
65
86
92
82
67
37
7
16360
16333
16315
16316
16324
16343
16372
19
51
76
88
90
77
53
20
16372
16343
16326
16315
16323
16338
16362
8
40
65
81
89
83
65
34
1
16359
16327
16319
16314
16329
16347
16376
27
52
79
86
90
73
46
16
16367
16340
16320
16313
16317
16337
16364
13
43
69
87
89
81
57
27
16383
16351
16330
16315
16317
16328
16357
16383
30
60
80
90
84
67
38
9
16363
16336
16317
16313
16325
16339
16367
22
50
73
88
86
76
54
27
16377
16350
16327
16314
16318
16334
16358
4
39
65
81
86
86
66
36
7
16359
16332
16321
16315
16330
16348
16377
23
55
76
86
89
74
50
22
16373
16347
16323
16313
16317
16332
16361
6
42
71
89
91
84
64
35
2
16353
16332
16318
16316
16334
16351
16381
30
60
79
89
85
74
45
14
16367
16337
16323
16315
16321
16338
16366
18
46
69
84
89
79
56
30
16380
16349
16329
16315
16315
16327
16354
1
33
62
82
90
84
70
42
8
16364
16337
16321
16314
16322
16341
16369
19
50
73
90
90
74
55
28
16376
16347
16325
16315
16317
16332
16361
7
37
62
85
93
82
66
38
9
16360
16335
16318
16315
16324
16344
16375
25
53
72
86
87
70
50
19
16370
16342
16322
16313
16318
16333
16361
12
40
70
88
89
82
60
33
16382
16358
16330
16313
16317
16328
16349
16382
26
58
80
89
86
69
48
16
16365
16340
16321
16311
16316
16338
16365
13
45
70
85
89
78
57
26
16379
16352
16327
16312
16317
16332
16355
2
31
63
82
90
87
68
44
10
16368
16337
16321
16314
16322
16339
16372
16
52
73
87
87
76
50
19
16377
16344
16325
16314
16318
16333
16357
4
36
65
80
93
82
65
36
6
16359
16333
16317
16315
16325
16347
16379
21
51
75
89
90
77
50
19
16369
16343
16325
16313
16317
16336
16362
6
39
67
86
92
79
63
35
0
16355
16330
16314
16315
16327
16349
16382
26
55
76
86
83
71
47
14
16367
16338
16319
16313
16321
16336
16366
13
44
73
84
92
81
58
29
1
16352
16326
16317
16316
16330
16353
16380
30
57
81
93
83
71
46
11
16368
16333
16319
16315
16319
16342
16367
14
51
70
87
88
82
60
27
16379
16352
16327
16317
16315
16330
16357
1
35
63
79
91
85
68
39
8
16363
16334
16319
16313
16324
16343
16371
19
49
74
89
90
78
54
25
16378
16350
16327
16315
16319
16337
16358
1
34
66
84
90
86
65
39
5
16355
16335
16317
16313
16324
16346
16374
22
54
76
90
91
75
55
22
16375
16341
16324
16314
16318
16337
16360
10
41
66
83
86
80
62
37
2
16359
16334
16321
16317
16329
16348
16375
25
55
76
87
84
72
50
19
16369
16341
16322
16314
16322
16336
16363
9
41
70
82
88
82
60
29
16382
16350
16333
16317
16314
16332
16352
16382
29
61
80
93
85
69
41
10
16365
16335
16319
16314
16320
16339
16366
17
46
71
88
89
79
54
25
16378
16349
16327
16317
16319
16332
16355
0
32
62
82
88
83
67
40
9
16362
16339
16317
16315
16325
16343
16371
18
51
73
88
85
75
50
22
16376
16347
16324
16312
16321
16335
16362
6
41
63
82
90
84
64
36
5
16359
16331
16318
16317
16328
16349
16378
24
53
72
84
84
72
50
21
16369
16340
16321
16315
16320
16337
16360
10
38
64
85
89
84
64
33
0
16355
16330
16317
16317
16332
16352
16378
26
57
81
87
91
73
42
11
16371
16339
16324
16311
16324
16336
16365
13
44
69
85
86
78
56
34
16380
16350
16328
16315
16317
16329
16350
16382
30
58
81
89
84
70
45
13
16362
16339
16322
16316
16324
16341
16371
18
48
73
88
84
78
57
25
16381
16349
16328
16313
16315
16328
16357
4
32
64
79
86
84
69
43
5
16365
16336
16317
16317
16324
16345
16374
20
51
73
87
87
76
51
25
16376
16347
16328
16318
16316
16333
16360
5
38
60
82
89
81
63
39
8
16358
16335
16321
16314
16326
16342
16374
21
51
77
86
90
73
50
23
16375
16346
16324
16315
16317
16336
16358
7
39
66
88
91
79
64
37
4
16357
16334
16322
16313
16325
16346
16374
24
53
78
87
86
74
51
22
16371
16342
16325
16314
16320
16335
16359
7
38
67
81
89
83
61
33
3
16354
16327
16317
16314
16327
16350
16381
26
55
76
86
89
70
47
17
16372
16341
16325
16318
16318
16337
16362
11
42
69
84
90
82
58
34
16382
16358
16331
16318
16316
16328
16351
16381
24
59
83
87
86
70
45
10
16366
16339
16323
16319
16318
16339
16365
17
46
71
83
90
78
57
27
16383
16353
16329
16312
16317
16330
16353
0
32
58
80
85
86
70
44
12
16363
16339
16318
16314
16325
16343
16369
18
47
72
87
86
74
53
24
16380
16351
16327
16316
16318
16332
16357
2
35
67
78
88
82
69
41
8
16366
16333
16315
16317
16324
16341
16372
20
48
73
86
90
76
52
25
16375
16348
16328
16312
16319
16333
16357
5
39
64
82
90
86
64
34
7
16357
16333
16322
16312
16324
16349
16375
23
54
74
91
88
72
53
18
16372
16345
16327
16314
16318
16333
16362
11
39
65
86
88
78
59
33
16383
16355
16330
16318
16319
16326
16351
16375
27
52
75
88
88
71
48
19
16368
16342
16323
16315
16319
11
