28
5
16381
16383
11
7
7
7
16380
16382
13
23
19
5
16380
16380
11
23
21
8
16381
16383
11
21
22
11
16383
16381
10
23
24
9
16380
0
11
21
24
11
4
16381
7
20
17
10
16383
16379
9
20
25
14
16383
16382
2
22
23
16
1
16380
5
16
25
17
2
16381
1
19
22
15
4
16383
0
17
25
19
1
16383
3
13
24
16
4
16380
1
13
20
15
4
16381
1
14
24
21
5
16382
1
15
24
21
6
16379
16381
8
18
23
11
16382
16383
10
20
19
11
16383
16383
11
20
20
12
2
1
6
24
17
11
1
16377
8
20
23
15
2
16383
9
21
21
13
16383
16383
4
23
24
15
2
16382
6
17
21
16
2
16382
4
17
23
15
5
16383
3
16
20
15
3
16381
4
14
21
21
6
16378
7
18
24
20
8
16383
16383
13
22
23
6
16381
16382
14
22
20
9
16382
2
11
22
20
13
16381
16383
10
23
18
10
16382
0
9
20
22
14
1
16383
9
25
21
12
1
0
6
18
24
13
16383
16383
8
18
26
12
3
16379
8
19
20
16
1
16377
7
17
26
18
2
16382
5
19
23
18
6
16377
7
14
23
21
8
16381
1
18
26
17
8
16378
16381
16
25
22
3
16380
0
15
25
21
10
16381
1
15
21
20
10
16382
1
12
24
23
10
16383
1
12
24
25
12
16383
16383
6
18
22
10
16381
1
7
22
22
11
16382
16381
8
26
27
14
3
16380
7
19
24
15
2
16376
3
18
22
14
6
0
3
18
23
18
4
16376
5
19
21
14
2
16382
5
16
25
18
4
16376
2
17
22
19
5
16380
16383
11
26
20
11
16381
1
14
24
22
6
16377
16382
9
22
23
10
1
2
13
20
23
10
0
0
12
18
22
12
16382
16382
12
21
24
12
1
16382
9
24
24
14
16383
16383
9
19
22
15
16383
16380
5
21
25
14
6
16381
6
23
22
14
4
16380
7
18
25
14
5
16381
6
17
22
14
4
16381
1
17
22
20
8
16378
2
17
26
19
9
0
0
13
21
18
11
16383
1
12
26
19
10
16382
16383
15
26
17
8
16383
1
14
23
20
9
1
16380
8
22
26
12
16382
16382
11
23
20
14
16382
0
7
22
21
11
16383
16381
7
20
23
18
2
16382
8
21
22
14
1
16383
10
19
26
13
5
16383
8
18
26
17
0
16381
6
14
29
20
2
16383
1
17
28
19
4
1
2
14
20
19
7
16381
16383
12
24
21
6
16382
2
12
20
18
9
1
16383
9
23
18
6
1
16380
13
23
17
11
16382
2
9
24
21
7
16383
16382
11
21
23
15
16382
16382
9
20
22
14
0
16383
6
19
18
16
2
16381
6
18
23
14
2
16383
5
18
26
15
1
16381
4
13
25
14
5
16382
2
18
24
18
6
16379
3
16
25
17
6
16382
1
16
24
18
7
16381
5
16
22
21
9
16380
1
12
25
20
6
16379
16382
11
23
20
8
16382
2
13
21
20
6
16382
16383
9
20
24
11
16383
16382
8
20
22
11
16382
16382
9
19
21
11
1
16382
8
22
25
14
16380
1
7
19
27
18
1
16379
6
20
20
13
16382
16379
1
19
22
20
4
16380
2
14
23
17
4
16380
2
13
21
15
6
16379
3
16
20
19
6
1
0
14
24
18
3
16382
2
14
25
19
9
16381
1
12
23
21
9
16383
16381
7
23
22
12
16381
16381
14
19
23
9
16383
2
8
21
24
10
16383
16381
8
21
24
11
2
16383
10
21
23
11
1
16381
8
19
22
16
4
16380
7
21
20
14
3
16381
3
18
23
18
5
16382
5
21
22
20
2
16381
2
14
23
19
3
16380
1
15
23
21
1
0
1
16
22
17
6
0
2
13
21
19
5
1
0
11
21
21
7
16383
16381
11
22
22
9
16382
0
12
20
22
12
16380
0
9
21
25
10
1
16383
9
23
24
17
16383
16381
10
21
21
13
1
1
6
20
22
15
4
16378
8
21
24
18
1
16381
4
17
22
17
0
16381
16383
17
21
20
3
16377
4
14
24
17
4
16381
3
15
20
21
3
16380
3
19
26
20
8
16382
1
13
26
18
8
16380
16378
15
23
21
10
16383
1
11
21
22
11
1
0
9
24
24
12
2
0
9
22
22
11
16382
16379
12
22
23
14
1
16379
7
20
24
15
16381
16380
2
20
22
14
16383
16378
3
17
23
14
4
16383
1
17
22
16
4
16383
4
19
21
20
5
16380
1
16
22
17
5
16381
1
15
22
21
5
16379
2
14
25
19
10
16380
16383
12
22
21
9
1
3
17
20
22
8
16381
0
9
23
22
6
16381
16379
11
22
23
9
2
16383
10
20
23
12
3
16382
8
21
23
11
2
16383
7
23
22
14
0
16381
3
20
22
14
2
16382
2
20
25
18
16383
16382
5
15
25
14
2
16379
4
15
22
17
3
16383
4
17
22
19
6
16381
4
15
27
17
8
16379
16382
11
22
18
7
16383
23
