45
1
5
15
20
9
9
9
2
16383
8
13
20
18
16
5
6
1
3
10
20
19
14
10
5
0
5
12
18
21
20
13
5
0
6
10
17
24
17
11
2
1
7
11
19
20
20
11
5
16381
1
8
16
22
19
15
2
0
3
8
15
20
19
17
4
6
4
8
16
21
14
15
7
3
2
6
15
18
17
16
5
4
16383
7
9
16
18
16
10
3
16383
3
13
20
21
18
8
2
16379
6
11
18
23
20
9
7
0
16383
6
17
21
18
12
3
16382
2
9
14
19
18
12
3
16382
3
7
15
20
15
16
3
4
16381
10
14
19
19
15
5
3
2
7
11
21
20
15
6
5
4
5
11
21
18
17
11
2
5
6
9
21
20
17
10
5
2
3
10
17
23
16
12
4
16383
2
10
17
22
21
14
5
16383
2
7
15
20
17
14
4
1
3
9
18
19
15
14
8
1
6
8
13
21
20
13
11
3
1
5
10
17
21
19
10
6
1
5
10
17
23
16
10
16382
16382
4
9
20
21
14
14
4
16381
4
9
20
20
17
10
4
16383
1
10
18
18
17
10
2
16382
1
8
10
18
19
11
7
0
16383
11
17
21
19
13
5
2
16383
6
12
20
18
16
9
4
2
6
14
19
22
15
12
2
16382
3
8
19
17
20
10
1
1
1
9
16
21
18
13
5
1
3
12
16
21
20
10
6
0
4
10
18
17
21
13
5
2
1
10
15
20
16
13
4
5
3
7
18
20
19
16
9
6
5
9
13
18
18
15
6
4
2
7
14
20
23
19
11
5
16382
7
14
19
18
18
13
2
16382
5
8
15
18
18
11
3
16383
3
8
18
21
20
13
5
16383
1
11
17
20
17
9
6
16383
2
9
16
19
19
11
9
0
1
6
12
21
19
15
8
5
0
5
13
17
18
15
8
2
2
3
15
16
20
18
8
1
1
4
11
19
25
15
10
4
16383
6
13
20
23
19
10
5
16383
3
9
18
20
20
12
5
0
5
14
17
21
16
14
6
2
3
10
14
21
19
14
3
1
5
8
14
19
21
17
5
6
16381
2
11
21
21
19
11
1
1
5
13
20
21
17
6
2
16382
5
11
19
20
19
9
16382
16380
6
12
18
20
17
16
3
16383
4
10
16
23
20
13
6
1
0
11
15
16
17
14
4
2
1
9
15
18
21
17
6
1
3
8
15
19
18
17
10
16383
1
6
14
20
18
13
7
1
1
7
11
18
22
17
9
5
16382
6
15
16
24
18
11
2
16382
2
14
19
21
21
12
2
16383
3
9
15
19
17
11
5
0
1
10
16
22
19
16
4
0
3
8
14
22
17
11
9
3
1
4
10
22
23
17
8
2
3
9
14
17
23
19
6
4
16383
4
11
23
21
15
10
2
16382
3
12
19
22
19
11
2
16383
2
9
18
22
19
11
2
16382
3
9
15
20
16
13
6
1
1
9
13
21
21
17
9
3
0
4
15
19
21
14
8
3
1
7
11
24
21
20
9
4
2
3
13
18
21
17
8
2
0
5
11
21
27
18
9
4
16381
3
10
16
18
18
16
4
0
1
10
18
22
19
13
6
1
2
10
16
18
18
14
4
1
0
8
13
20
22
13
7
16382
1
6
15
17
22
18
8
1
16383
5
10
20
21
13
10
0
0
7
13
18
23
15
7
2
0
5
12
19
19
16
10
4
16383
0
7
16
19
17
14
8
16382
4
9
17
19
19
15
3
0
4
6
14
20
19
11
7
16382
2
6
14
19
21
16
7
16383
7
6
17
17
20
19
12
1
16382
3
12
24
19
16
9
16382
16382
3
13
21
22
18
9
4
1
6
13
17
22
17
9
3
1
5
11
14
19
18
12
6
16383
2
14
14
23
21
14
8
16382
1
6
15
20
22
15
8
0
1
9
12
22
18
13
6
2
16383
3
10
20
19
18
9
16381
16382
7
11
18
19
17
5
3
16382
4
11
19
20
19
7
3
16383
7
15
15
21
17
11
3
2
2
11
17
17
16
11
4
2
5
9
15
21
20
14
9
2
1
6
17
23
16
13
1
1
3
4
15
19
19
16
1
2
0
6
14
20
21
12
10
3
16382
4
16
20
20
11
11
1
16383
3
13
17
18
14
8
16383
16383
16381
10
21
17
15
11
4
2
5
10
14
19
17
13
4
16382
5
9
17
18
16
16
5
16382
2
6
12
20
22
16
7
5
16383
3
14
20
20
14
6
2
0
6
15
25
20
14
7
16383
16383
3
11
17
19
14
10
5
1
3
9
17
19
14
7
3
16381
6
8
16
14
20
10
2
2
5
8
17
20
20
12
3
16380
3
11
12
22
18
11
5
2
1
9
14
21
17
15
7
1
2
7
11
25
19
13
2
