62
73
91
90
62
16317
16317
16317
16309
16320
16358
22
67
93
97
69
31
16363
16325
16306
16320
16351
15
60
89
93
76
34
16369
16331
16308
16315
16341
5
52
89
97
82
42
16381
16337
16312
16313
16340
16382
42
81
98
85
54
3
16342
16312
16306
16326
16370
36
75
100
90
63
14
16347
16319
16308
16330
16364
27
71
94
95
69
23
16357
16320
16307
16321
16353
17
67
91
98
74
30
16370
16329
16309
16316
16347
8
57
89
95
83
46
16372
16334
16311
16313
16340
1
51
86
95
84
46
16381
16337
16309
16309
16333
16372
40
77
96
88
56
5
16343
16315
16309
16331
16370
33
76
97
92
62
17
16353
16320
16307
16321
16357
22
69
97
97
68
24
16362
16325
16307
16319
16351
18
59
93
97
76
34
16366
16324
16306
16309
16343
10
52
89
95
79
44
16379
16332
16308
16313
16340
16383
47
84
99
85
49
5
16340
16311
16312
16331
16375
40
78
99
88
54
12
16346
16317
16311
16329
16366
29
76
100
93
65
20
16356
16317
16304
16324
16358
20
67
93
91
71
29
16363
16323
16307
16318
16351
14
58
91
98
75
36
16372
16330
16312
16314
16346
8
55
84
96
79
44
16376
16336
16310
16309
16331
16382
46
82
99
88
52
1
16341
16312
16309
16331
16377
42
79
94
88
54
8
16348
16311
16306
16325
16367
35
78
95
93
65
18
16355
16317
16308
16323
16361
28
69
97
92
65
26
16360
16323
16307
16318
16352
18
62
87
94
73
32
16370
16330
16307
16318
16347
8
54
90
98
81
42
16380
16331
16307
16311
16337
16382
49
84
93
85
49
16382
16341
16311
16311
16331
16374
39
78
99
90
57
7
16344
16313
16310
16331
16365
34
74
94
91
63
17
16353
16317
16308
16323
16359
24
68
96
95
69
25
16363
16327
16307
16318
16351
14
63
91
95
75
34
16366
16325
16309
16315
16345
6
54
87
96
80
42
16377
16335
16313
16313
16338
16382
49
86
97
88
49
4
16342
16313
16310
16331
16375
39
79
96
90
57
13
16350
16317
16312
16325
16365
31
71
95
93
67
20
16355
16318
16306
16318
16357
22
66
91
93
70
28
16365
16329
16309
16318
16347
13
58
91
98
79
40
16373
16334
16307
16315
16343
7
52
85
96
81
46
0
16339
16312
16308
16335
16376
43
82
98
87
54
6
16346
16314
16308
16330
16370
37
76
97
91
61
12
16350
16318
16309
16323
16361
23
70
98
91
69
22
16358
16326
16309
16324
16353
18
63
92
94
77
30
16373
16329
16309
16314
16345
8
51
87
100
79
39
16378
16337
16310
16314
16341
0
49
84
98
89
51
2
16345
16316
16309
16333
16369
37
78
94
88
53
9
16351
16319
16310
16326
16365
30
76
98
94
64
19
16355
16321
16308
16321
16359
22
65
94
94
68
30
16366
16324
16307
16316
16348
14
59
92
98
76
39
16370
16335
16310
16314
16345
6
49
87
98
82
45
16380
16336
16310
16318
16338
16381
45
80
97
85
51
6
16346
16315
16309
16333
16375
35
80
97
94
65
17
16352
16316
16308
16326
16366
31
71
98
89
63
20
16360
16323
16308
16321
16358
20
66
94
97
73
30
16367
16327
16311
16317
16350
14
60
87
95
77
36
16371
16332
16311
16315
16345
2
50
87
95
83
44
16380
16342
16310
16312
16340
16377
47
81
101
85
56
8
16342
16310
16307
16329
16371
35
76
98
91
60
15
16353
16318
16309
16328
16367
30
68
94
93
67
20
16360
16321
16307
16321
16353
15
63
91
94
68
27
16362
16325
16309
16317
16347
13
61
87
97
81
38
16370
16330
16310
16313
16344
5
52
87
93
81
44
16379
16338
16311
16310
16336
16381
44
84
96
86
50
5
16344
16311
16310
16334
16371
36
76
95
90
55
13
16353
16316
16306
16323
16361
27
71
95
95
66
25
16360
16321
16307
16323
16357
21
64
93
98
72
31
16364
16325
16310
16317
16347
13
58
85
101
77
36
16376
16333
16310
16317
16344
3
51
84
99
81
46
0
16337
16313
16311
16332
16378
42
79
97
88
55
10
16344
16317
16309
16329
16370
37
78
99
91
60
19
16353
16323
16306
16322
16364
26
69
96
92
62
24
16357
16320
16307
16322
16352
21
62
92
97
73
34
16368
16328
16306
16315
16346
10
57
86
95
77
40
16375
16334
16306
16310
16337
1
49
85
101
89
50
2
16341
16310
16309
16335
16377
40
77
97
89
54
11
16349
16315
16309
16325
16363
28
75
96
90
62
18
16355
16319
16310
16321
16358
23
65
98
98
71
26
16364
16321
16306
16318
16351
14
59
89
93
76
34
16371
16330
16313
16315
16344
4
52
86
97
84
44
16377
16335
16308
16314
16338
16382
44
81
97
84
53
6
16345
16312
16310
16332
16368
35
76
98
93
60
13
16353
16318
16310
16327
16363
29
69
97
94
65
22
16362
16323
16302
16317
16357
18
66
92
98
74
30
16363
16325
16308
16315
16349
10
57
90
100
79
38
16376
16331
16310
16313
16338
2
47
85
97
86
47
0
16336
16313
16309
16336
16378
41
79
100
87
54
8
16347
16317
16307
16324
16367
31
74
96
90
61
15
16353
16317
16306
16326
16363
23
71
97
97
68
24
16363
16327
16308
16317
16355
17
62
92
94
73
31
16370
16330
16308
16314
16347
7
53
90
99
81
41
16378
16339
16314
16311
16344
1
50
82
99
83
49
4
16340
16309
16310
16331
16374
38
79
99
91
57
11
16305
