52
18
10
3
16378
16364
16364
16364
16360
16359
16364
16365
16365
16371
16378
16382
10
14
22
31
38
38
44
40
45
43
39
36
28
24
12
12
16381
16376
16373
16365
16363
16359
16358
16359
16363
16366
16375
16382
5
12
19
27
36
40
42
45
43
43
43
36
33
19
16
8
16383
16374
16372
16366
16361
16359
16363
16362
16363
16372
16374
2
6
11
21
28
34
38
43
42
43
41
42
38
29
24
16
12
1
16380
16373
16368
16365
16362
16358
16360
16364
16367
16375
16377
1
9
15
22
31
38
41
41
44
43
45
39
35
28
20
14
4
16381
16375
16368
16363
16359
16355
16359
16363
16368
16372
16381
16382
6
15
20
32
33
45
43
46
44
46
38
35
27
20
17
6
16380
16381
16374
16366
16363
16362
16361
16362
16364
16366
16374
16380
4
12
21
28
28
41
42
46
44
44
43
46
30
22
19
10
4
16381
16372
16367
16367
16360
16356
16362
16362
16365
16372
16379
1
12
17
23
27
37
44
43
46
43
43
38
33
26
18
12
5
16381
16374
16368
16366
16365
16358
16358
16361
16366
16370
16381
16383
2
17
21
27
35
41
44
44
46
42
39
33
31
21
17
4
1
16373
16375
16365
16363
16358
16360
16362
16362
16367
16376
16378
5
13
16
26
37
35
41
41
47
42
40
36
31
25
18
5
4
16378
16375
16367
16360
16361
16362
16362
16363
16367
16374
16378
0
7
18
23
34
37
39
45
42
43
42
40
35
29
20
14
3
16381
16374
16368
16366
16365
16362
16359
16363
16368
16368
16376
16380
9
16
20
27
32
39
43
46
46
45
40
34
31
25
13
7
1
16381
16373
16366
16363
16360
16360
16360
16364
16369
16376
16381
5
11
21
27
33
36
41
44
44
46
45
36
33
29
18
9
5
16381
16376
16370
16365
16361
16363
16360
16363
16365
16372
16377
0
7
20
23
28
36
42
43
45
46
47
38
34
30
23
18
5
2
16373
16370
16365
16362
16362
16360
16360
16366
16369
16376
16381
4
12
20
29
32
39
40
43
45
43
42
35
30
26
18
10
2
16381
16372
16367
16364
16361
16362
16361
16362
16365
16372
16377
5
15
18
25
30
37
42
46
47
43
42
38
30
26
21
14
5
16382
16371
16369
16363
16360
16362
16360
16363
16366
16368
16373
1
8
18
21
28
32
38
44
44
42
40
40
33
32
21
16
7
1
16373
16370
16362
16360
16362
16360
16363
16364
16370
16374
16382
6
11
23
26
35
39
46
44
48
43
42
36
27
26
18
8
5
16379
16374
16367
16361
16362
16361
16357
16363
16367
16372
16379
3
8
19
23
31
38
41
41
42
46
43
39
30
26
20
12
5
16381
16377
16370
16363
16359
16361
16359
16364
16365
16369
16380
16382
8
16
19
29
33
41
44
42
45
44
38
33
30
22
17
8
16381
16376
16373
16365
16357
16360
16361
16364
16365
16371
16372
16379
4
12
19
25
30
39
43
44
48
42
41
40
31
26
19
11
6
16379
16373
16368
16364
16360
16361
16361
16363
16366
16371
16378
4
9
17
26
31
36
43
42
46
46
44
40
32
23
21
13
4
0
16374
16368
16366
16358
16358
16360
16365
16368
16369
16375
16382
9
14
25
32
37
40
45
45
43
41
43
35
28
21
15
9
1
16377
16373
16365
16365
16359
16359
16361
16365
16370
16371
16377
5
13
20
27
29
36
42
43
43
42
38
35
33
25
18
10
5
16378
16375
16366
16365
16357
16361
16362
16364
16367
16371
16377
0
10
18
27
32
36
41
42
46
46
45
36
34
28
21
12
5
2
16376
16367
16366
16361
16359
16361
16362
16365
16369
16374
1
6
13
22
29
33
36
44
43
46
45
39
35
27
22
16
9
2
16373
16368
16369
16362
16357
16360
16367
16366
16365
16375
16379
4
8
20
24
33
37
42
47
45
45
42
38
31
23
18
9
2
16383
16376
16371
16362
16363
16357
16362
16363
16367
16374
16379
4
8
17
24
28
35
38
41
42
41
41
41
34
28
22
12
4
16382
16378
16371
16368
16360
16362
16360
16362
16364
16372
16379
16383
1
13
22
29
35
42
42
45
45
41
43
35
30
23
14
8
0
16378
16371
16368
16363
16364
16362
16361
16365
16368
16374
16380
3
10
17
25
34
41
37
44
45
46
41
40
26
31
20
10
4
16377
16373
16370
16367
16360
16362
16360
16363
16366
16372
16376
2
7
14
23
29
36
41
43
44
45
43
40
33
28
22
15
6
3
16376
16372
16367
16363
16364
16360
16362
16367
16372
16374
1
5
13
21
27
35
38
44
43
47
42
39
35
28
24
17
9
0
16376
16373
16365
16363
16363
16361
16361
16365
16373
16376
16381
2
5
19
26
34
36
43
43
46
43
41
36
31
26
20
10
4
16379
16374
16368
16366
16363
16359
16359
16359
16364
16369
16376
2
7
14
22
28
36
42
43
43
44
41
38
34
31
26
14
7
16383
16378
16372
16367
16365
16359
16363
16362
16362
16368
16379
0
4
12
20
28
36
36
43
42
45
45
42
35
32
24
17
10
3
16377
16373
16368
16364
16361
16359
16359
16364
16368
16374
16380
4
8
16
24
30
37
38
43
46
40
43
38
35
26
22
11
6
16381
16373
16367
16366
16362
16359
16360
16363
16365
16371
16378
0
7
16
21
25
40
38
46
45
40
44
43
37
29
26
19
16380
