19
16352
16377
20
44
87
87
87
85
78
63
43
17
16374
16353
16332
16321
16315
16322
16331
16349
16372
11
37
59
76
85
87
76
66
40
20
16379
16357
16336
16321
16316
16315
16328
16346
16369
8
34
55
78
88
91
82
68
52
23
16381
16356
16340
16326
16318
16317
16327
16343
16367
6
26
50
70
81
87
84
70
54
30
4
16363
16343
16328
16320
16317
16323
16339
16363
0
26
52
68
84
87
82
73
58
36
12
16369
16344
16328
16317
16318
16326
16338
16354
16382
21
46
66
81
86
88
76
60
36
11
16371
16349
16333
16319
16316
16318
16333
16353
16375
22
43
62
77
83
86
80
62
40
15
16374
16352
16333
16322
16315
16322
16331
16347
16372
14
41
61
76
88
85
79
66
43
22
16382
16357
16336
16325
16315
16320
16331
16347
16368
10
34
56
74
86
88
83
68
51
28
2
16362
16341
16324
16316
16318
16327
16343
16364
5
34
54
72
81
86
87
70
50
31
6
16363
16342
16327
16318
16315
16326
16342
16364
16383
24
49
67
80
88
85
73
52
33
5
16368
16345
16326
16318
16311
16321
16338
16359
16383
21
42
66
80
86
86
78
57
37
16
16373
16353
16332
16318
16315
16318
16334
16350
16373
19
43
61
77
89
87
77
63
37
15
16377
16358
16335
16320
16315
16320
16330
16348
16371
14
35
57
78
84
87
82
65
45
21
16382
16356
16338
16322
16320
16316
16327
16345
16367
5
30
57
72
84
91
82
69
47
27
4
16361
16341
16323
16322
16315
16325
16343
16359
2
30
56
70
83
89
85
71
52
32
4
16364
16345
16331
16321
16317
16322
16339
16358
16382
20
50
72
82
86
86
74
59
36
11
16373
16348
16329
16320
16317
16321
16335
16354
16373
15
43
68
82
86
87
76
60
38
13
16374
16351
16332
16323
16315
16321
16328
16351
16378
13
39
60
73
86
88
83
65
43
20
16379
16358
16337
16323
16319
16318
16331
16347
16365
12
36
55
71
83
88
82
63
46
23
16380
16358
16338
16325
16315
16318
16326
16340
16366
4
31
53
70
85
89
81
69
55
28
4
16365
16344
16327
16319
16317
16328
16341
16362
16380
25
49
71
82
89
85
71
56
32
5
16369
16346
16331
16321
16316
16325
16335
16356
16376
22
43
66
80
88
85
78
58
37
13
16371
16347
16328
16320
16319
16322
16332
16352
16376
17
42
62
80
86
84
79
61
44
15
16376
16355
16337
16319
16314
16321
16332
16348
16374
12
39
56
75
90
88
80
67
48
23
16381
16356
16336
16326
16317
16319
16326
16343
16367
8
35
55
75
83
88
81
69
49
29
0
16362
16342
16324
16324
16319
16325
16344
16362
5
29
54
71
84
86
81
70
55
33
6
16365
16342
16324
16317
16318
16323
16338
16360
1
25
47
68
82
90
83
73
56
33
9
16367
16347
16329
16315
16318
16323
16341
16355
16377
20
42
64
77
87
85
76
58
36
14
16372
16350
16332
16321
16317
16326
16336
16354
16375
18
40
64
80
87
84
77
64
42
17
16375
16351
16328
16319
16314
16317
16334
16349
16372
11
37
62
73
82
89
81
65
41
21
16381
16358
16337
16323
16315
16313
16329
16347
16371
12
34
56
74
86
87
81
71
49
25
1
16362
16340
16329
16317
16317
16326
16342
16367
3
32
56
70
82
86
83
70
52
29
3
16364
16344
16324
16319
16315
16326
16339
16362
1
25
48
71
86
86
86
73
53
32
9
16368
16345
16327
16320
16315
16323
16338
16359
16381
23
44
65
80
87
83
75
61
39
13
16371
16352
16333
16318
16315
16322
16335
16355
16375
18
43
62
81
87
87
77
64
40
17
16377
16349
16330
16315
16319
16319
16335
16351
16373
14
37
62
80
89
88
81
69
46
22
16381
16358
16339
16320
16317
16316
16328
16346
16371
10
34
57
71
84
88
83
70
51
23
16383
16357
16338
16324
16317
16317
16329
16340
16363
6
32
57
74
85
89
83
70
50
26
3
16360
16340
16322
16319
16316
16327
16338
16363
6
26
50
69
82
87
84
70
56
31
9
16367
16345
16327
16318
16315
16325
16339
16357
16379
26
51
66
81
86
85
73
57
35
11
16370
16348
16330
16317
16318
16324
16334
16354
16374
22
45
66
78
84
86
78
61
38
16
16374
16350
16335
16317
16313
16322
16335
16350
16375
19
44
62
80
86
85
80
61
39
21
16378
16355
16332
16322
16315
16318
16333
16350
16371
15
37
59
76
89
87
81
66
48
19
16382
16358
16335
16319
16319
16322
16328
16347
16369
10
35
58
74
86
88
83
68
48
26
16383
16359
16338
16322
16314
16317
16325
16343
16365
3
27
53
73
87
85
85
76
53
29
0
16360
16342
16328
16315
16317
16323
16336
16361
4
24
51
69
81
88
85
77
58
34
7
16369
16345
16327
16318
16317
16324
16338
16358
16383
24
49
70
81
86
82
79
59
40
13
16370
16348
16333
16321
16317
16320
16335
16350
16377
15
43
60
79
84
87
78
63
42
15
16377
16354
16333
16324
16315
16319
16332
16351
16375
12
38
58
74
85
89
80
66
45
19
16375
16357
16337
16321
16314
16316
16329
16344
16368
3
30
59
74
84
88
80
67
50
22
1
16359
16339
16325
16317
16318
16326
16342
16361
5
29
55
70
83
87
83
72
51
29
4
16364
16344
16329
16322
16321
16328
16337
16361
1
22
47
65
81
86
86
72
58
34
8
16366
16345
16332
16320
16318
16325
16335
16356
0
26
45
67
78
74
