87
16379
2
11
18
25
25
25
15
8
16382
16377
16383
4
14
23
25
26
16
5
16382
16379
16380
6
14
20
30
25
19
10
3
16379
16379
16383
11
16
24
27
17
10
0
16379
16379
1
7
20
26
28
20
14
4
16380
16378
16383
8
16
25
24
21
13
9
16377
16376
16379
5
15
24
26
27
15
8
0
16378
16378
1
11
18
28
25
27
14
0
16379
16381
2
9
19
25
26
21
14
2
0
16375
0
10
18
23
26
27
17
8
16382
16381
16380
4
14
21
28
23
17
8
16381
16376
16377
1
12
22
25
24
22
9
1
16379
16379
1
8
15
23
24
22
16
3
16379
16378
16382
4
13
22
27
24
13
5
16380
16380
16379
5
13
22
28
24
18
7
16382
16379
16379
1
9
18
28
28
20
9
2
16378
16379
16383
12
19
25
24
26
16
5
16381
16380
16379
4
17
22
28
25
20
6
0
16378
16382
4
15
21
30
26
17
4
16382
16377
16379
16383
10
18
25
26
23
9
16383
16377
16377
0
10
17
27
27
19
11
3
16381
16379
16379
9
13
24
25
21
17
8
16381
16377
16378
4
10
22
28
27
18
8
1
16381
16378
3
14
21
29
27
20
13
4
16381
16376
0
8
19
23
25
21
11
4
16379
16374
16378
7
18
24
25
24
16
6
16382
16379
16380
4
13
23
24
27
17
8
16382
16379
16383
16382
12
24
27
23
21
10
1
16378
16379
16381
10
19
25
26
21
17
4
16381
16377
16380
9
16
24
27
22
18
3
16382
16378
16379
7
11
24
25
22
18
5
1
16381
16380
2
10
20
27
28
20
9
0
16379
16381
0
9
20
22
25
21
14
16383
16378
16377
16381
9
11
22
28
23
15
0
16382
16379
16381
3
12
22
27
22
14
7
16382
16379
16381
3
12
20
30
30
22
9
1
16378
16379
16381
9
20
25
27
20
11
3
16381
16378
16381
8
17
22
28
24
15
5
16382
16377
16379
2
13
22
27
26
18
8
16382
16379
16377
1
15
21
26
24
20
9
4
16381
16378
16382
10
20
24
29
21
10
16383
16380
16376
16379
6
18
25
28
22
15
5
16380
16374
16379
5
13
23
29
24
17
9
3
16380
16379
1
10
19
29
27
20
7
16383
16382
16378
2
7
18
26
25
24
11
4
16380
16377
16382
7
13
23
29
24
17
5
16380
16379
16379
6
15
24
27
24
17
10
16382
16379
16381
16383
10
22
29
27
23
8
4
16378
16377
16382
10
17
25
24
21
8
1
16382
16379
16381
5
18
25
27
25
17
8
16382
16378
16382
8
17
23
27
26
19
8
16379
16379
16380
3
15
25
25
28
22
10
4
16376
16378
0
7
18
23
29
24
11
2
16380
16375
16383
8
17
23
29
21
15
8
16383
16378
16379
5
17
23
27
23
17
5
16382
16377
16381
3
11
21
24
26
18
14
16383
16380
16377
16383
8
18
25
26
22
12
5
16379
16378
16383
4
15
25
26
25
9
1
16382
16377
16379
3
12
21
25
22
16
9
16382
16378
16380
2
13
21
26
29
20
10
0
16376
16378
0
9
21
26
25
20
12
4
16382
16377
16382
9
21
24
28
25
16
4
16381
16376
16381
7
18
24
27
25
16
9
16383
16379
16381
3
11
20
25
26
25
11
2
16379
16377
0
10
19
27
26
21
11
3
16381
16379
2
9
15
24
23
25
15
5
16380
16379
16382
6
14
23
30
23
19
8
16382
16376
16379
3
13
16
25
24
17
11
1
16375
16378
2
8
18
28
29
22
15
4
16381
16378
16377
7
17
26
27
20
13
7
16382
16379
16381
5
14
22
25
25
19
7
16382
16377
16379
4
11
21
22
26
22
9
4
16377
16380
2
9
21
28
26
20
12
6
16375
16379
16379
4
13
28
29
22
15
2
16378
16381
16383
8
17
23
25
22
16
5
16382
16376
16375
3
12
22
27
28
20
10
1
16375
16381
5
11
22
25
25
20
9
1
16376
16378
16381
8
15
26
25
25
16
6
16379
16377
16382
6
17
19
27
22
17
8
16382
16379
16380
1
10
20
29
27
20
11
1
16377
16374
16383
10
21
25
25
23
13
0
16381
16378
16378
9
18
23
28
21
19
6
16383
16378
16381
7
15
23
28
25
17
8
16381
16378
16378
3
10
22
27
24
20
8
1
16382
16379
16383
7
22
24
25
18
16
0
16378
16379
16381
8
15
23
27
23
16
4
16379
16379
16383
3
9
23
27
24
22
8
16380
16377
16375
2
14
21
25
24
18
12
16382
16377
16377
0
11
19
27
25
19
16
7
16380
16375
1
4
15
24
28
22
18
2
16381
16373
16378
2
16
20
25
24
18
6
0
16381
16380
16381
10
23
26
27
16
9
16383
16380
16379
1
13
17
26
26
21
12
0
16377
16381
16381
9
15
26
25
19
16
5
16383
16382
16377
6
16
22
26
25
16
8
16383
16378
16379
2
10
21
23
27
20
12
1
16377
16380
16383
10
20
23
25
22
10
2
16378
16379
16381
9
15
24
25
26
14
9
16381
16374
16379
4
17
25
27
25
18
9
16381
16374
16381
5
14
20
29
24
16
1
