46
16382
16379
3
4
24
24
24
18
10
1
16380
16381
6
16
23
23
18
9
16383
16376
16382
4
16
27
23
18
8
16382
16378
16381
8
18
24
30
19
11
1
16380
16377
0
15
26
26
21
12
16382
16379
16383
3
14
25
23
18
9
1
16377
16380
4
14
20
25
18
13
1
16378
16379
3
12
24
24
19
11
2
16380
16379
3
14
22
25
23
18
16382
16379
16377
2
13
22
27
23
14
3
16380
16381
2
11
22
27
25
18
5
16381
16379
2
10
19
24
24
13
6
16382
16379
16383
10
19
23
24
15
6
16381
16379
16383
12
20
29
21
17
5
16383
16380
0
8
22
28
21
15
10
2
16379
16382
7
15
26
27
20
8
16383
16378
16379
9
19
25
29
24
8
1
16378
16383
4
17
25
25
15
12
3
16381
16382
4
17
25
23
20
8
1
16377
16381
5
15
25
26
22
10
1
16383
16381
3
15
25
26
23
12
1
16383
16380
5
13
20
25
23
12
1
16377
16379
2
10
18
26
22
15
7
16381
16379
16382
12
20
26
21
14
4
16381
16379
1
11
22
24
26
14
4
16381
16381
4
10
17
24
23
16
4
16380
16378
16383
9
17
27
23
21
4
16381
16377
16382
10
17
22
23
16
8
16380
16376
16382
10
19
27
24
17
5
1
16379
0
11
17
22
24
17
6
16383
16382
16378
6
15
24
24
18
8
16383
16379
16379
5
16
21
27
19
8
16382
16379
16381
6
18
21
23
18
12
16383
16380
16381
6
14
20
24
22
11
0
16382
16380
4
14
24
26
22
13
4
16380
16381
2
14
25
24
24
13
3
16378
16380
5
12
21
24
23
11
4
16378
16382
2
10
20
24
22
11
3
16383
16381
2
14
21
26
21
12
3
16382
16377
0
14
20
30
22
14
6
16381
16377
0
9
23
21
20
15
7
16378
16380
0
11
20
21
24
19
5
16382
16381
3
7
20
27
26
17
10
16380
16378
16379
10
20
26
26
17
10
16382
16380
16381
6
17
25
25
18
9
16381
16379
0
6
17
23
28
19
8
16382
16381
16379
7
18
25
27
21
11
1
16379
16380
8
16
22
23
23
8
4
16379
16382
8
17
23
22
24
13
4
16382
16381
3
16
22
26
23
12
4
16381
16383
1
16
23
22
23
10
16383
16378
16379
4
15
20
22
21
11
2
16383
16381
2
12
22
24
23
14
2
16381
16374
2
13
18
26
24
15
6
16378
16375
4
12
23
23
24
13
1
16383
16377
16383
8
22
22
23
19
5
16382
16381
1
6
19
25
25
17
9
16381
16377
16383
10
15
25
27
17
7
16380
16379
16382
6
18
27
27
15
8
16381
16379
16379
8
22
21
26
20
8
16380
16378
16383
4
17
24
26
23
10
1
16377
16383
3
16
29
23
20
10
0
16378
1
8
17
23
23
22
14
1
16381
16380
6
16
22
25
24
11
2
16374
16382
5
15
20
26
22
12
4
16380
16382
4
17
23
23
22
11
5
16379
16381
0
11
22
28
21
15
4
16377
16379
1
10
22
26
24
18
6
16383
16379
1
15
22
27
21
17
6
16379
16377
0
14
20
26
25
16
1
16381
16378
0
10
22
23
25
16
8
16381
16381
0
9
22
25
26
22
6
16382
16379
1
6
17
24
26
20
5
16379
16376
16383
8
18
26
27
15
13
16380
16378
1
9
16
25
29
17
10
16383
16380
16380
4
16
25
25
22
12
0
16378
16379
7
20
25
26
19
13
16383
16379
16381
8
12
25
25
19
11
0
16378
16379
6
15
20
23
20
15
2
16380
16378
1
10
26
24
17
11
2
16378
16378
5
12
22
27
20
12
3
16380
16380
2
12
22
24
24
15
2
16378
16379
2
13
21
27
19
16
2
16383
16377
16382
12
20
28
25
14
2
16382
16378
3
13
19
25
25
16
6
16383
16377
16382
10
25
24
22
18
9
16382
16381
16382
8
21
26
25
19
6
16383
16378
16383
7
18
24
28
19
6
16380
16380
16379
11
18
25
24
16
9
16383
16381
16383
5
17
26
25
22
8
16383
16378
16380
6
18
23
25
19
12
2
16379
16383
5
16
24
23
20
9
16383
16378
16381
5
17
21
26
19
10
16381
16377
16381
4
14
23
23
21
12
4
16381
16380
2
13
20
25
20
11
2
16379
16380
7
11
21
28
20
13
3
16380
16380
2
15
21
25
24
15
3
16380
16383
2
11
18
26
22
16
6
16380
16379
2
12
20
27
22
14
3
16383
16381
16383
15
21
27
24
17
7
16379
16375
16383
8
21
26
23
16
5
16381
16378
1
3
17
24
23
20
6
16381
16377
16382
10
20
26
24
18
8
16381
16378
1
9
21
27
23
19
7
16382
16378
16382
6
13
24
24
19
7
2
16379
16378
4
16
26
26
19
12
0
16376
16380
7
13
22
28
23
10
2
16382
16380
5
14
21
25
23
11
2
16382
16382
4
12
20
26
23
14
2
16382
16377
2
14
21
25
23
18
2
16381
16381
0
11
23
27
23
11
4
16380
16383
4
12
22
23
23
17
5
16380
16380
16382
11
20
21
5
