27
29
27
7
16374
27
27
27
33
15
16381
16373
16380
18
30
24
7
16374
16374
12
26
31
18
16383
16371
16381
18
31
23
9
16376
16375
2
25
33
21
16383
16370
16379
9
35
30
12
16376
16372
4
23
33
20
5
16374
16379
11
27
30
14
16378
16372
16379
23
28
25
10
16374
16375
7
31
31
19
0
16373
16381
17
30
26
11
16375
16378
4
23
34
21
4
16376
16378
14
30
30
12
16378
16373
0
23
34
23
3
16378
16380
14
29
32
15
16380
16373
2
19
34
27
5
16374
16373
9
28
30
19
16380
16369
16381
16
34
26
10
16376
16373
3
25
31
20
1
16371
16379
15
31
29
14
16378
16373
1
21
34
22
2
16375
16374
9
27
31
18
16380
16375
0
24
29
27
6
16374
16377
4
28
31
16
16381
16375
16381
18
29
27
8
16376
16378
4
26
32
21
16382
16374
16379
13
29
28
10
16378
16373
3
26
34
20
3
16368
16374
11
32
29
13
16377
16372
16383
18
31
25
7
16375
16378
10
27
35
18
16383
16372
16379
18
31
28
11
16374
16375
6
21
33
22
0
16371
16378
14
28
25
11
16377
16373
0
22
30
20
6
16372
16382
13
26
28
16
16377
16372
16382
22
31
29
4
16375
16374
11
26
29
14
16380
16372
16382
18
31
26
6
16375
16375
8
26
31
17
16381
16370
16379
16
30
28
12
16375
16371
4
22
35
24
3
16369
16377
10
26
30
13
16379
16375
2
18
28
25
7
16375
16375
13
25
31
15
16378
16373
0
18
31
27
12
16377
16374
9
28
32
19
0
16372
16381
11
31
28
16
16379
16374
5
23
30
23
4
16371
16377
12
27
30
16
16379
16370
16383
22
28
25
8
16374
16376
9
28
28
17
16381
16374
16379
17
32
30
5
16375
16375
7
27
32
20
16382
16371
16382
15
34
32
14
16375
16369
1
23
29
25
1
16370
16375
8
31
29
11
16379
16374
2
17
33
24
6
16375
16376
11
24
35
16
16382
16374
1
14
31
29
4
16375
16373
7
25
35
21
1
16369
16382
15
28
29
8
16381
16372
5
25
30
25
0
16375
16379
10
31
30
12
16378
16371
16382
22
31
27
5
16370
16377
11
26
30
13
16382
16369
16383
19
30
24
9
16372
16372
7
23
33
22
16380
16373
16381
14
32
27
11
16376
16374
5
24
35
21
3
16372
16379
14
27
29
12
16379
16371
3
22
32
25
2
16376
16374
11
26
32
19
16383
16374
1
21
29
23
6
16376
16376
7
27
30
19
16382
16373
16381
18
33
28
10
16379
16373
2
23
33
21
1
16374
16376
12
32
30
14
16380
16372
1
23
30
24
5
16371
16373
5
29
32
13
16378
16377
16383
19
32
24
6
16378
16375
7
26
31
18
16382
16373
16379
14
27
28
7
16377
16373
4
21
31
22
1
16370
16377
13
30
28
14
16378
16374
2
19
35
22
4
16375
16377
9
26
29
17
16380
16372
2
19
29
24
6
16376
16374
9
28
27
18
16381
16372
16382
15
32
27
11
16373
16373
5
24
36
22
16382
16373
16376
13
26
28
13
16375
16370
2
22
34
23
5
16374
16371
8
31
31
13
16379
16372
16382
17
29
21
3
16375
16375
6
28
29
18
1
16372
16381
17
32
27
8
16376
16372
7
22
30
19
16383
16375
16382
12
30
23
13
16377
16374
16382
20
33
25
3
16372
16377
9
28
28
13
16379
16371
2
19
34
26
8
16372
16376
8
28
33
19
16383
16371
16381
17
30
28
9
16375
16376
2
24
30
23
3
16375
16377
12
31
29
12
16375
16371
16383
21
29
23
5
16375
16374
13
23
29
16
16380
16374
16381
19
31
25
6
16376
16374
6
28
28
15
1
16373
16381
16
32
27
11
16374
16370
7
24
29
20
2
16374
16378
15
29
32
12
16378
16375
0
22
33
24
4
16370
16376
9
29
30
17
0
16370
16380
20
33
26
8
16373
16372
6
28
31
20
16381
16373
16376
14
26
28
12
16374
16373
4
23
37
22
2
16370
16381
16
30
26
13
16379
16374
2
23
34
23
9
16377
16379
14
31
29
16
16381
16373
16381
17
32
25
5
16377
16376
9
27
31
14
16382
16372
16382
17
29
27
11
16377
16375
6
26
33
20
3
16374
16377
14
29
29
12
16377
16373
4
25
27
24
6
16372
16376
13
28
30
16
16381
16373
16382
18
32
28
6
16375
16379
9
29
32
21
16382
16373
0
18
31
28
5
16378
16376
6
22
31
22
1
16374
16380
14
33
30
10
16376
16372
2
24
33
21
4
16377
16377
13
29
30
14
16378
16372
16382
21
31
24
6
16373
16376
8
24
32
17
16380
16374
16380
18
33
25
10
16374
16371
6
25
31
22
16382
16371
16382
14
31
28
12
16376
16376
3
27
31
22
2
16374
16376
13
28
31
11
16379
16373
16380
21
30
26
5
16378
16377
8
25
30
17
16380
16373
16383
15
29
26
5
16375
16375
5
24
31
18
16383
16372
16381
14
33
27
13
16375
16371
5
24
35
21
4
16371
16376
10
30
30
15
16380
16374
0
20
32
25
5
16373
16375
8
26
34
16
2
16373
16381
16
29
28
10
16375
16372
5
23
31
21
1
16371
16380
13
29
31
14
16373
4
