7
12
16383
16378
16376
20
20
20
26
26
21
12
3
16382
16380
16380
6
16
23
28
26
17
5
16377
16378
16381
5
15
20
26
25
19
8
16383
16379
16379
2
11
19
27
28
20
11
1
16378
16374
2
9
24
27
26
22
11
5
16382
16380
16383
9
17
23
23
21
16
10
16381
16376
16379
6
15
22
30
26
17
8
16381
16376
16381
1
11
21
26
19
18
10
16381
16377
16377
3
11
17
26
27
21
10
3
16377
16377
2
9
20
23
23
21
11
2
16381
16378
16382
6
16
25
26
21
16
6
16381
16378
0
3
14
25
26
26
19
7
16380
16379
16378
4
13
17
24
27
19
10
3
16379
16382
16383
11
21
23
26
22
12
3
16380
16381
1
11
17
22
27
24
15
16383
16382
16376
16377
7
16
24
27
24
18
5
16383
16378
16381
5
15
21
29
25
21
10
1
16379
16378
2
13
21
28
24
22
12
2
16378
16378
16383
10
17
28
26
25
13
5
16381
16379
16380
5
17
26
25
25
13
6
16379
16377
16378
2
13
23
25
21
19
6
0
16380
16379
5
15
21
25
23
16
7
1
16383
16377
4
14
20
25
26
21
13
3
16380
16377
0
5
15
22
25
23
13
3
16381
16372
16379
4
13
22
27
24
17
10
0
16378
16380
6
14
20
25
26
20
7
2
16382
16379
1
13
23
29
24
19
11
4
16381
16379
16382
10
21
23
29
20
10
5
16378
16377
16380
3
14
20
26
25
17
7
1
16377
16380
2
13
25
27
22
19
5
2
16376
16382
3
14
24
26
25
18
12
0
16381
16377
3
9
17
28
23
23
11
6
16378
16378
16382
9
16
24
27
23
18
3
16382
16379
16380
7
11
19
25
25
18
6
16382
16374
16381
4
14
20
27
27
20
7
16382
16376
16381
0
14
21
26
28
17
12
1
16379
16382
16382
11
16
26
29
22
19
5
16378
16379
16381
7
15
23
29
24
15
4
16381
16377
16380
5
10
20
26
27
21
6
16383
16379
16381
2
11
19
29
27
23
10
16382
16374
16379
16381
10
19
23
28
22
16
4
16381
16377
16381
7
17
25
31
20
15
8
16381
16379
16381
4
14
21
25
23
19
11
16381
16378
16382
3
12
22
24
25
16
12
1
16377
16380
16382
11
21
26
24
20
15
3
16378
16380
2
8
19
26
28
23
12
5
16382
16377
16379
7
17
24
27
24
17
9
16382
16377
16381
2
14
21
24
26
18
8
2
16377
16378
5
10
20
26
27
20
13
16383
16376
16379
16381
10
20
26
28
21
13
7
16378
16377
16381
9
13
25
32
25
13
5
16383
16381
16381
5
18
22
27
20
19
10
16382
16381
16382
1
12
18
27
25
19
10
16383
16380
16379
3
10
22
26
26
19
11
3
16381
16379
16381
8
15
27
28
20
15
8
16382
16377
16378
3
14
21
25
28
15
3
16382
16379
16380
3
13
21
27
23
20
7
16382
16377
16379
3
11
17
25
26
24
12
1
16377
16377
1
10
21
28
26
22
14
2
16380
16381
16379
6
16
23
26
22
15
6
0
16379
16382
2
13
23
26
25
18
11
0
16376
16378
0
11
21
23
27
21
11
1
16379
16380
3
9
18
26
28
23
12
6
16382
16378
0
6
14
21
25
22
13
5
16381
16377
16377
0
15
25
26
25
20
7
16382
16378
16378
2
12
22
27
26
22
12
3
16377
16377
16383
10
19
25
30
23
14
5
16380
16374
16381
5
18
24
27
24
11
4
16381
16375
16382
7
15
22
30
25
18
4
16381
16379
16380
5
12
24
28
25
17
7
16383
16381
16381
5
9
17
27
26
19
8
2
16380
16376
16383
4
13
25
29
21
15
2
16380
16380
0
6
15
26
27
23
18
10
16378
16380
16380
3
14
20
29
24
20
10
0
16381
16382
2
10
24
26
28
19
11
16383
16379
16379
16380
8
18
23
25
21
9
4
16379
16378
16382
9
18
24
26
20
17
5
16381
16380
16380
3
13
25
26
25
20
7
16378
16379
16379
3
11
22
27
26
20
12
0
16380
16379
0
11
22
22
25
22
14
0
0
16375
16383
6
19
26
29
24
16
10
16379
16382
16383
5
16
25
29
24
15
5
16381
16378
16381
3
13
23
24
23
18
10
16383
16376
16379
0
8
16
26
27
19
11
16383
16379
16382
0
12
16
24
28
22
12
2
16380
16376
16383
7
17
26
26
27
15
4
16380
16381
16379
4
13
24
31
25
16
10
2
16378
16379
2
10
22
26
26
22
9
3
16377
16377
1
7
20
25
27
19
10
3
16379
16377
16382
5
14
27
28
26
16
5
16382
16379
16379
6
15
22
27
29
17
7
16381
16377
16376
1
10
19
24
26
19
9
1
16377
16377
16383
7
19
25
26
23
11
2
16379
16375
16381
8
17
25
26
23
14
7
16381
16380
16380
7
16
24
26
27
16
5
16382
16379
16381
2
13
23
25
27
21
6
16383
16380
16381
0
9
18
25
24
15
11
16383
16380
16378
0
4
18
26
26
20
11
2
16379
16377
16382
7
14
22
23
21
15
3
16381
16378
16380
4
13
21
23
26
0
