6
16377
16382
4
16
20
20
20
14
4
16382
16377
2
13
23
25
20
10
1
16380
16378
1
15
21
22
22
13
16383
16379
16379
6
13
18
25
22
13
2
16383
16383
16382
11
19
22
23
14
5
16380
16377
0
12
23
26
22
15
3
16382
16380
16382
8
20
26
24
15
1
16383
16381
16383
13
19
25
24
17
1
16377
16378
2
9
22
26
22
16
2
16382
16381
0
10
17
25
23
17
6
2
16379
1
12
18
21
26
16
8
1
16379
0
6
21
22
21
19
8
16382
16381
1
9
16
24
23
23
9
16383
16379
16381
6
17
22
27
20
9
16383
16380
16379
8
16
23
25
20
11
16383
16380
16381
3
17
23
28
19
15
1
16383
16379
2
12
20
24
21
11
4
16383
16379
4
9
27
25
22
11
1
16377
0
3
13
24
30
23
9
3
16377
16382
5
14
22
27
22
17
6
16379
16378
3
13
22
25
24
17
4
16378
16380
3
11
21
24
20
14
1
16381
16376
2
14
22
26
22
16
6
16383
16380
16381
14
19
29
24
16
9
16378
16378
0
9
21
26
24
20
10
16381
16375
16382
7
20
25
24
14
3
16382
16379
16382
9
20
21
22
18
10
0
16382
0
8
16
21
23
21
7
2
16382
16380
5
13
23
24
18
8
1
16378
0
6
17
23
28
21
9
16382
16378
16381
8
13
21
23
25
11
16383
16381
16381
6
15
27
25
22
11
2
16378
16379
2
7
21
26
24
14
3
16380
16383
3
14
24
24
23
13
1
2
16383
5
13
21
23
21
16
4
16382
16380
2
14
20
27
21
18
4
16382
16381
16383
13
21
25
25
15
5
16381
16375
4
12
17
28
24
18
7
1
16378
16383
12
21
25
24
18
7
16382
16378
2
8
21
22
27
19
11
16383
16379
0
6
15
25
22
19
7
16382
16380
16380
9
15
22
26
18
8
0
16378
16380
8
19
23
23
17
9
16381
16375
16381
6
17
25
23
22
9
16382
16383
16380
4
14
23
27
22
10
0
16378
16380
9
15
24
25
18
10
4
16379
16380
3
11
24
27
20
12
1
16378
16380
2
15
20
26
23
11
4
16378
16382
4
17
25
25
21
10
2
16379
16382
3
12
21
26
25
11
5
16378
16381
5
9
19
28
22
13
3
16378
16382
0
15
20
25
25
16
4
16380
16382
3
14
21
23
21
17
6
16380
16381
16383
7
23
25
26
18
9
16382
16380
16382
9
22
23
28
20
9
16381
16379
0
7
17
27
26
17
7
16383
16380
2
5
21
24
27
20
7
1
16380
2
7
18
26
27
17
8
0
16380
16382
7
19
24
27
19
7
1
16378
16383
3
16
27
26
17
10
2
16381
16381
7
17
23
25
16
14
1
16381
16383
7
15
21
26
23
11
2
16379
16377
4
17
28
26
22
10
4
16377
16381
2
14
22
23
20
13
5
16383
16382
5
13
21
25
23
18
2
16383
16378
6
13
22
26
21
16
6
16381
16383
0
11
21
28
22
13
4
16378
16379
4
15
20
24
22
14
6
16381
16379
1
11
21
27
24
13
7
0
16383
16382
11
20
23
21
16
3
16383
16380
16382
11
19
26
23
21
9
16381
16380
0
10
13
22
25
15
5
0
16382
1
5
16
25
22
17
9
2
16377
16380
5
15
25
24
21
9
16383
16382
1
9
19
22
24
18
11
1
16379
2
7
19
24
25
22
10
2
16380
0
6
14
23
24
21
11
16383
16381
16379
5
16
22
24
20
10
2
16380
16379
4
14
23
26
19
9
1
16382
16382
3
15
21
26
23
12
4
16380
16378
1
11
20
25
25
17
6
16381
16378
3
14
25
27
24
12
1
16379
16381
16383
13
19
26
22
11
5
16379
16382
16383
12
15
22
24
16
9
16382
16378
2
11
23
26
26
16
2
16383
16378
16383
9
16
25
23
18
7
16382
16383
16383
6
18
23
22
18
11
16382
16377
0
4
19
24
25
18
8
16379
16381
16383
8
19
24
24
18
8
16382
16378
16379
6
15
23
22
19
11
16383
16383
16383
7
15
23
28
23
9
0
16378
16380
4
13
22
27
22
11
16383
16381
1
4
16
26
27
24
12
0
16379
16381
5
17
24
24
18
11
3
16380
16382
4
9
21
25
20
15
3
16383
16380
4
11
23
24
22
14
2
16380
16378
2
14
25
28
20
16
6
16379
16382
6
13
20
25
23
15
5
1
16380
0
7
20
25
24
18
2
0
16378
0
8
22
26
26
20
6
16382
16382
16382
7
23
26
27
19
8
0
16378
1
8
17
26
24
19
9
16383
1
16382
4
18
24
23
21
9
16381
16378
16383
8
18
27
24
19
10
16383
16379
16383
9
21
25
27
20
11
0
16382
16383
6
14
20
23
18
9
3
16379
16381
7
13
24
24
21
10
4
16380
16382
6
15
21
27
21
11
1
16380
16381
4
17
25
26
20
15
4
16380
16379
1
11
19
29
24
15
3
16383
16383
0
14
22
28
24
15
5
16381
16377
3
12
22
23
22
18
2
2
16379
16383
13
21
26
27
16380
