10
23
29
34
36
19
19
19
15
0
16379
16373
16366
16371
16369
16379
8
13
28
31
34
34
31
28
15
8
16381
16373
16370
16369
16371
16375
2
14
20
29
34
35
34
26
22
11
3
16376
16371
16370
16371
16374
16380
10
17
24
28
36
34
32
26
16
6
16382
16374
16369
16372
16371
16378
2
9
18
26
34
33
36
30
25
13
6
16378
16370
16368
16367
16372
16382
5
17
25
24
37
35
32
29
18
9
0
16372
16369
16365
16373
16377
16383
7
17
29
32
36
35
31
20
13
6
16381
16371
16366
16367
16373
16381
5
13
21
33
35
34
33
25
21
14
16382
16381
16367
16368
16370
16377
16381
9
19
26
30
33
35
31
24
12
3
16382
16372
16366
16366
16370
16378
3
10
19
28
34
35
33
28
21
11
1
16377
16371
16371
16370
16374
16380
9
16
26
32
35
36
31
26
15
10
16381
16375
16369
16367
16370
16377
2
8
19
25
31
38
34
30
24
14
4
16377
16372
16368
16365
16375
16382
7
17
19
28
33
35
33
25
17
9
16378
16375
16370
16373
16370
16378
1
9
17
27
31
35
35
28
21
13
4
16383
16369
16371
16369
16373
16381
5
16
23
31
35
36
31
28
13
6
16379
16376
16373
16370
16372
16376
16382
9
17
26
30
36
34
31
20
9
3
16379
16372
16370
16371
16374
16380
2
8
24
34
34
38
35
25
14
8
2
16375
16373
16369
16371
16375
16382
6
18
29
33
35
34
33
23
13
8
16378
16372
16371
16367
16369
16377
1
12
20
25
34
38
35
27
16
9
16383
16379
16367
16368
16371
16375
16383
4
17
22
34
34
36
30
26
12
4
16378
16375
16367
16369
16375
16374
3
12
22
29
34
35
32
28
21
11
1
16378
16373
16367
16370
16376
16381
8
14
24
26
37
33
33
26
14
2
16381
16372
16372
16370
16370
16379
3
9
22
31
32
36
30
29
21
8
6
16374
16374
16370
16366
16370
16382
7
18
24
33
35
37
30
27
15
4
16382
16377
16371
16367
16371
16378
16383
9
20
25
33
34
35
33
22
10
6
16375
16371
16370
16366
16370
16381
5
14
22
30
36
35
30
26
16
11
1
16378
16374
16370
16366
16374
1
12
22
30
35
36
37
30
25
14
1
16379
16373
16365
16366
16371
16379
5
14
22
30
33
35
33
28
20
8
16382
16376
16371
16370
16368
16376
3
11
18
24
31
35
36
31
21
14
1
16381
16372
16368
16366
16370
16381
5
12
23
30
37
37
32
27
20
8
1
16377
16372
16372
16369
16377
16382
8
22
27
33
37
33
32
23
14
5
16380
16370
16371
16369
16372
16378
5
11
20
30
33
36
30
26
17
11
1
16376
16369
16371
16369
16371
16381
6
17
24
30
32
36
31
20
15
4
16382
16376
16365
16367
16373
16377
16383
13
24
26
35
33
30
26
23
13
1
16375
16371
16367
16371
16375
16382
10
14
25
30
35
35
31
23
16
0
16379
16373
16370
16367
16372
16377
3
8
20
27
34
39
33
30
22
13
1
16377
16372
16370
16367
16371
16379
9
12
26
33
37
34
29
21
12
6
16380
16373
16372
16366
16372
16376
0
9
17
25
34
34
29
29
21
10
1
16377
16374
16367
16371
16371
16379
5
16
20
29
35
35
34
26
20
9
1
16373
16368
16371
16369
16375
16382
5
22
26
30
36
31
31
24
15
2
16378
16371
16368
16373
16370
16379
6
14
21
29
36
35
33
26
21
7
16383
16378
16366
16369
16368
16377
16383
10
18
27
29
34
31
32
24
14
5
16375
16372
16370
16368
16369
16379
3
13
25
29
35
36
31
27
18
10
0
16380
16374
16372
16370
16372
16382
8
17
28
33
34
33
29
24
16
4
16378
16374
16372
16367
16371
16379
6
14
20
27
33
36
35
28
19
6
2
16372
16371
16369
16371
16377
16381
7
17
27
34
36
33
29
27
17
5
16379
16373
16366
16370
16371
16377
2
13
23
31
32
37
30
28
22
11
4
16377
16368
16368
16368
16375
16381
8
13
26
30
34
36
29
27
16
8
16380
16374
16372
16369
16366
16376
16383
12
18
25
36
38
33
28
24
11
2
16379
16373
16370
16372
16373
16381
5
14
24
30
38
35
32
24
22
9
16382
16372
16369
16365
16371
16373
1
11
16
24
32
33
33
31
24
11
1
16376
16375
16371
16369
16374
16379
4
14
24
28
31
39
32
24
19
9
16381
16375
16371
16371
16371
16375
1
8
20
27
33
37
33
34
23
15
5
16379
16371
16369
16368
16373
16378
7
12
24
27
35
35
33
27
15
10
16383
16373
16370
16370
16371
16376
1
7
17
27
30
36
35
31
21
13
4
16380
16373
16366
16367
16367
16378
5
12
25
33
33
35
29
27
16
11
16382
16378
16371
16367
16368
16372
16383
10
15
25
31
35
35
33
23
14
6
16380
16372
16368
16370
16373
16380
3
15
21
28
35
35
35
27
18
9
4
16373
16371
16370
16371
16377
16382
6
17
21
31
36
39
32
23
15
3
16381
16373
16372
16367
16369
16374
1
14
22
29
32
39
32
30
20
10
4
16375
16372
16371
16367
16373
16382
6
14
24
29
34
36
29
23
17
7
16382
16374
16368
16368
16372
16376
1
10
17
25
36
34
32
29
18
11
2
16381
16370
16371
16369
4
