59
16377
21
44
60
83
83
83
78
61
42
15
16373
16351
16330
16321
16315
16322
16332
16355
16375
21
41
65
79
90
92
81
61
38
15
16374
16350
16333
16318
16314
16319
16331
16354
16376
17
42
65
78
90
88
78
64
43
13
16376
16353
16333
16325
16318
16320
16331
16350
16374
17
37
61
78
87
86
79
67
42
19
16380
16352
16334
16320
16316
16324
16330
16349
16373
14
37
63
80
89
85
81
68
46
22
16380
16353
16339
16321
16316
16319
16328
16347
16371
11
35
59
75
86
88
80
71
46
26
16381
16359
16340
16323
16318
16319
16330
16343
16369
12
36
60
75
86
90
82
70
52
27
16383
16356
16338
16321
16315
16320
16331
16349
16366
8
33
55
77
85
87
84
73
49
25
2
16362
16338
16325
16316
16319
16328
16344
16366
6
33
57
76
86
89
84
73
55
30
2
16363
16341
16325
16316
16318
16327
16341
16365
2
31
55
70
81
87
87
74
52
32
4
16366
16343
16329
16316
16319
16328
16341
16362
16383
30
51
70
85
89
83
74
53
32
5
16366
16344
16325
16317
16320
16320
16339
16361
16382
21
48
68
82
85
81
75
54
34
8
16372
16349
16331
16319
16321
16324
16338
16361
16380
27
50
70
83
86
88
78
58
34
7
16368
16345
16328
16318
16318
16325
16335
16358
16383
22
45
68
81
92
86
74
60
38
16
16372
16350
16331
16322
16317
16321
16339
16355
16374
21
44
65
81
85
88
77
63
43
15
16374
16353
16331
16319
16318
16320
16330
16354
16378
17
42
62
80
83
87
79
61
42
20
16379
16350
16332
16321
16314
16323
16333
16353
16375
16
39
59
80
83
89
81
61
42
17
16379
16354
16336
16320
16318
16318
16330
16348
16373
13
37
60
77
88
90
81
67
46
20
16377
16357
16333
16325
16316
16317
16330
16345
16374
13
39
59
77
85
85
78
69
46
25
16380
16353
16333
16324
16316
16322
16331
16349
16370
8
37
58
76
89
87
79
66
50
23
16379
16357
16335
16325
16318
16318
16331
16346
16367
10
35
57
74
85
91
81
72
52
26
0
16359
16343
16324
16318
16318
16331
16344
16365
9
35
54
73
86
89
81
67
47
26
0
16362
16339
16322
16314
16321
16332
16346
16365
4
33
59
77
87
90
84
71
52
30
4
16360
16342
16328
16316
16315
16325
16345
16364
8
33
52
71
84
91
84
70
54
27
4
16362
16338
16325
16319
16317
16325
16346
16364
5
29
53
70
81
85
82
72
53
32
4
16362
16342
16329
16320
16317
16326
16342
16365
2
33
52
73
82
90
84
72
53
33
6
16362
16342
16325
16316
16318
16326
16344
16363
5
25
53
68
85
89
86
72
55
28
5
16365
16345
16332
16322
16320
16325
16338
16363
16381
27
53
71
84
90
82
78
55
32
10
16366
16345
16330
16319
16318
16325
16339
16358
16383
22
50
67
83
89
82
75
55
35
13
16372
16347
16330
16318
16315
16323
16338
16361
0
24
47
66
81
85
90
78
60
38
13
16370
16354
16332
16321
16317
16322
16339
16355
16380
24
49
70
80
87
87
77
59
39
14
16374
16344
16331
16315
16318
16324
16334
16355
16377
17
45
62
81
88
87
77
61
41
15
16376
16354
16332
16322
16317
16316
16332
16353
16377
17
42
63
79
86
85
78
62
41
19
16377
16351
16334
16323
16319
16325
16333
16351
16376
17
37
62
78
88
86
81
66
46
22
16380
16353
16335
16321
16318
16319
16333
16350
16373
15
36
58
78
88
90
79
68
47
24
16382
16356
16337
16325
16317
16318
16329
16349
16372
11
35
61
77
84
91
82
70
44
20
16383
16359
16338
16327
16316
16319
16328
16347
16367
10
33
57
73
85
89
79
69
49
25
16381
16362
16339
16326
16316
16321
16328
16346
16365
7
34
54
74
85
90
84
72
50
27
5
16361
16337
16328
16316
16318
16325
16340
16363
5
27
54
70
83
88
86
73
53
29
4
16366
16343
16328
16314
16322
16324
16343
16365
16383
27
50
71
83
84
83
72
54
35
6
16362
16345
16331
16319
16321
16326
16338
16359
16382
26
47
70
86
88
86
74
55
36
10
16368
16345
16327
16319
16317
16322
16338
16356
16383
22
47
71
83
88
83
77
59
37
10
16371
16351
16329
16319
16319
16324
16339
16353
16383
25
45
66
80
90
87
75
61
39
15
16372
16346
16330
16319
16319
16322
16336
16353
16380
19
43
65
80
85
83
77
61
42
16
16373
16350
16334
16323
16317
16322
16337
16355
16379
19
40
65
80
87
89
75
61
39
17
16376
16351
16335
16322
16316
16319
16334
16351
16376
19
45
65
79
82
86
78
62
41
19
16374
16350
16333
16323
16317
16321
16332
16350
16372
16
37
61
81
86
87
76
66
42
22
16378
16352
16333
16322
16319
16322
16335
16357
16373
14
41
60
77
87
87
83
67
42
22
16382
16359
16338
16321
16319
16321
16331
16348
16374
13
36
56
77
88
85
80
65
47
19
16378
16357
16338
16323
16320
16323
16328
16348
16368
10
37
59
75
86
85
82
69
51
25
16381
16355
16337
16324
16318
16314
16327
16343
16368
8
30
58
73
86
90
87
67
51
26
3
16362
16340
16325
16316
16321
16326
16345
16364
8
36
55
74
87
90
81
72
52
28
3
16359
16338
16325
16317
16320
16329
16342
16361
0
30
52
73
86
91
82
70
53
30
1
16365
16342
16325
16317
16318
16325
16338
16360
1
29
50
69
83
88
85
73
58
29
9
16346
