70
18
10
5
7
14
14
14
5
6
10
16
11
9
3
9
14
16
7
0
9
12
16
11
1
5
11
17
11
9
6
10
15
15
7
5
10
16
15
10
6
8
14
17
10
8
6
12
20
10
8
6
9
16
14
7
5
10
14
14
12
6
7
10
15
10
6
6
12
17
15
10
4
9
14
14
9
7
9
16
15
8
8
6
13
16
14
8
2
8
14
14
8
7
10
15
12
10
2
6
15
17
10
4
5
13
13
12
6
10
9
13
15
6
5
11
12
15
9
5
8
13
16
11
5
8
14
18
11
6
6
12
12
14
6
5
7
16
17
10
4
11
11
17
11
4
5
13
15
13
6
8
9
14
13
6
4
11
14
17
8
4
6
15
13
10
8
7
12
16
15
7
2
7
14
14
7
2
11
17
19
10
4
5
14
18
12
6
3
11
18
14
8
8
10
14
15
10
5
11
21
15
10
6
9
15
18
12
5
8
12
18
15
8
7
11
16
17
9
6
8
18
15
10
6
8
16
17
12
6
7
11
15
18
10
7
9
15
13
8
5
10
14
15
11
5
7
13
19
11
6
7
8
18
13
9
2
9
15
17
9
7
6
14
15
14
2
6
13
16
14
7
5
13
13
11
9
6
7
14
13
12
6
10
14
13
10
7
8
14
13
11
7
4
11
17
14
6
1
8
12
14
10
6
8
15
19
13
5
5
14
18
14
12
8
8
13
17
5
5
10
15
19
10
3
7
10
19
13
3
5
11
15
14
8
7
10
14
17
7
6
9
15
18
10
6
4
15
17
14
6
6
15
19
12
9
5
10
18
15
9
4
10
17
15
14
3
6
12
13
13
8
6
8
20
11
7
6
9
18
17
8
4
6
15
16
9
8
4
10
16
11
6
6
10
16
14
8
8
10
15
17
10
2
10
18
15
12
6
9
15
15
11
9
5
12
19
15
7
4
13
15
11
9
4
6
12
15
8
6
6
11
16
10
7
2
8
16
12
5
7
11
14
14
10
9
7
14
17
14
6
7
9
16
12
7
4
10
18
13
8
3
7
15
16
7
2
4
12
20
11
7
6
9
14
8
6
5
8
16
15
8
7
9
15
17
10
5
9
10
16
11
7
6
11
15
14
5
6
11
14
15
5
3
6
19
15
10
3
7
7
16
12
5
6
12
15
13
7
6
6
17
16
7
3
12
8
16
9
6
9
12
15
10
3
6
9
20
11
6
5
9
14
17
11
4
8
12
11
12
6
5
14
14
12
9
7
10
16
15
6
1
12
16
16
6
4
7
15
14
8
9
16383
13
15
11
9
5
11
19
12
5
6
13
16
13
8
5
8
11
15
12
5
5
14
14
11
5
5
8
15
13
4
3
7
12
14
9
7
7
13
15
11
10
6
13
15
10
6
5
10
16
16
7
1
9
14
18
10
2
7
11
15
14
5
8
13
18
14
7
8
11
16
15
13
3
9
15
18
10
5
6
14
15
13
7
6
13
17
11
7
1
7
17
15
6
4
9
15
20
11
7
8
13
16
9
5
6
14
21
14
5
5
10
14
18
9
5
12
13
16
11
5
4
14
18
9
9
3
10
18
13
9
7
9
13
15
5
0
6
13
13
9
3
6
10
16
11
8
6
14
17
12
10
6
11
11
16
9
6
5
10
12
11
5
10
13
14
12
5
4
12
18
13
7
5
8
18
13
11
3
7
14
14
10
5
9
13
11
14
10
6
10
15
15
7
3
10
16
16
8
4
6
14
16
9
6
9
12
17
11
7
3
9
16
13
9
5
6
16
13
11
7
8
13
16
11
6
9
11
17
17
7
6
13
15
14
10
6
10
12
13
10
5
9
15
18
13
5
5
12
16
13
6
7
9
14
10
10
4
11
13
18
9
3
8
13
18
13
4
9
13
18
11
9
5
7
20
12
7
6
5
10
13
7
4
5
13
15
7
5
2
12
17
14
3
3
9
11
14
6
5
8
12
15
10
6
6
12
13
12
4
5
13
17
14
5
5
11
15
10
8
3
9
14
15
12
2
7
17
15
13
7
4
7
18
16
9
4
10
17
14
11
6
10
17
12
11
7
5
14
16
15
6
2
11
15
16
6
2
8
17
14
12
7
8
13
14
10
4
6
12
19
12
9
5
11
16
14
8
4
8
13
11
10
6
5
13
16
12
5
3
12
16
14
8
4
11
18
12
12
5
9
16
18
12
1
7
13
15
9
6
7
9
18
14
9
4
9
15
16
10
2
7
13
18
13
6
4
15
15
9
6
6
12
17
11
9
6
8
17
12
8
4
8
13
14
10
5
8
15
17
13
8
