85
6
1
1
7
22
22
22
17
6
0
16382
6
16
18
21
17
7
1
16383
3
11
20
20
14
9
5
0
5
11
18
19
20
12
5
16382
4
10
15
20
21
11
5
0
2
8
18
22
19
10
5
1
3
7
14
20
23
12
9
1
16383
4
15
20
20
18
11
1
16383
4
14
18
24
20
11
3
16382
3
11
18
21
16
15
3
16382
2
11
19
23
17
14
3
16383
16383
7
17
20
17
12
8
3
16382
9
16
23
18
16
7
0
1
5
12
21
19
16
13
4
1
6
11
19
19
19
9
1
0
2
10
17
21
17
9
2
16382
4
7
16
20
18
12
5
16382
0
10
15
22
17
14
6
1
2
8
16
18
19
15
6
2
16383
3
14
22
21
14
6
3
16382
6
14
19
21
19
9
2
16383
0
9
15
20
22
9
6
0
2
12
18
19
18
10
1
2
4
9
17
22
21
11
0
16381
4
9
13
22
21
14
6
0
5
7
18
20
20
11
6
2
3
7
14
20
18
16
8
2
3
2
12
20
19
18
9
4
0
5
14
20
17
18
10
4
16383
4
9
19
23
20
11
5
16383
3
10
16
19
19
15
3
16383
1
7
19
19
19
12
6
16383
3
9
17
22
20
16
6
5
0
6
14
20
20
13
10
4
16383
5
12
17
20
16
9
16382
3
5
13
19
19
20
13
4
1
3
11
18
23
20
10
4
0
2
7
17
19
18
15
3
16382
4
10
17
23
20
15
6
1
1
4
11
19
21
13
10
0
2
4
16
18
20
15
11
16383
0
4
13
18
20
17
9
6
2
0
14
17
17
17
17
5
16382
3
9
18
22
18
10
3
16381
16382
4
17
20
21
16
5
16383
16382
11
12
21
21
13
8
3
3
6
15
18
19
15
11
16383
1
8
9
21
18
17
13
5
3
7
7
17
22
22
17
2
2
5
9
16
18
19
11
4
0
1
10
16
21
22
12
7
1
4
7
13
22
21
14
6
2
16380
4
11
20
21
14
7
0
5
5
11
22
26
16
6
2
2
2
12
19
21
14
8
3
2
2
12
21
22
21
10
3
16383
3
9
17
21
18
13
6
16382
1
11
18
18
18
13
5
0
3
6
15
18
22
18
8
16383
16383
7
13
22
18
17
10
0
2
5
12
19
22
13
8
16383
16379
2
12
18
18
14
11
2
16382
6
7
15
21
18
13
5
16382
3
9
15
22
22
13
5
2
16383
3
18
20
20
19
5
2
2
4
13
19
22
17
11
4
16383
7
15
21
20
17
12
2
1
1
13
18
24
21
10
5
16382
5
7
19
19
17
11
5
0
1
8
17
20
18
13
5
0
0
6
17
22
22
13
11
4
0
7
8
22
23
15
10
1
16382
5
10
20
22
14
10
1
0
3
11
20
21
19
10
16383
16382
4
9
18
21
16
9
2
1
2
10
18
21
17
15
5
2
1
7
17
21
17
13
5
4
16383
8
15
17
18
17
9
7
16382
4
16
22
22
15
10
4
16382
4
12
21
20
14
14
1
16382
3
11
15
22
16
11
2
0
3
8
15
20
16
7
5
0
1
7
17
19
18
15
3
1
16383
6
15
20
21
17
9
16382
6
10
18
19
19
16
5
3
16381
6
13
21
23
15
5
1
16383
3
9
18
24
17
9
6
0
6
10
17
21
16
13
2
16381
5
8
20
23
19
14
1
16383
5
6
18
22
18
15
5
3
1
6
13
20
20
14
8
1
3
9
16
25
22
17
11
5
3
5
13
21
19
17
15
4
16383
2
13
17
21
17
10
3
16383
4
8
16
19
21
12
4
1
3
10
18
18
17
11
4
2
5
7
15
21
26
17
5
1
2
8
13
18
20
15
9
3
3
5
10
19
21
19
10
0
0
4
10
23
20
19
12
6
2
2
14
19
22
21
9
3
1
1
10
17
24
24
16
6
16383
1
5
17
24
19
15
6
3
6
9
19
20
22
16
8
2
0
6
13
18
19
18
10
3
16381
5
11
24
22
22
9
3
16383
2
13
19
22
21
13
8
2
7
8
17
23
27
14
6
16382
16382
9
17
24
24
15
1
16383
1
8
15
20
22
14
8
4
16382
7
13
20
24
14
10
3
0
3
8
21
18
16
10
2
16382
2
10
17
21
16
12
4
16380
1
5
14
19
18
14
3
16382
0
8
16
19
19
14
4
0
16382
5
16
18
21
14
8
1
16382
2
11
19
22
16
10
1
0
4
11
17
19
17
8
5
16382
1
15
19
18
16
10
2
16381
3
9
15
19
17
13
5
16382
2
5
18
19
17
15
9
2
2
3
11
19
21
15
3
2
1
9
10
16
21
18
10
1
1
4
9
22
23
17
10
1
16383
2
9
18
19
17
14
3
16383
14
