22
48
4
16342
16311
16371
16371
16371
39
79
99
89
53
6
16349
16314
16310
16327
16370
35
76
100
93
64
17
16352
16315
16307
16326
16359
30
70
94
96
68
23
16361
16325
16309
16318
16359
18
62
95
98
73
31
16365
16324
16310
16314
16352
12
57
91
94
75
35
16369
16328
16308
16315
16340
3
52
88
97
82
44
16381
16333
16308
16310
16338
16383
51
81
94
85
52
2
16342
16313
16306
16330
16375
41
81
99
89
54
9
16347
16315
16311
16327
16367
33
76
96
90
61
17
16353
16320
16302
16321
16360
27
71
95
91
66
24
16360
16325
16306
16318
16356
17
67
92
99
73
27
16369
16325
16309
16317
16351
9
61
90
97
74
32
16371
16334
16309
16312
16341
6
50
88
103
82
46
16378
16335
16310
16311
16338
1
47
83
97
83
51
4
16342
16311
16310
16331
16372
38
81
97
91
55
4
16346
16313
16307
16331
16369
32
73
95
91
60
15
16351
16320
16309
16319
16362
22
67
96
91
67
24
16361
16322
16309
16322
16356
23
63
92
97
74
34
16364
16326
16309
16319
16347
12
59
84
98
75
38
16371
16331
16311
16315
16343
7
53
89
96
84
41
16378
16333
16309
16310
16338
16383
43
83
101
85
47
0
16340
16309
16306
16328
16376
37
82
99
91
54
11
16343
16313
16309
16327
16367
31
75
95
89
60
13
16355
16316
16307
16324
16361
25
70
95
97
70
25
16360
16323
16310
16324
16355
20
66
91
94
75
31
16369
16323
16306
16315
16346
9
57
93
96
77
40
16372
16333
16311
16314
16344
2
53
88
100
82
45
16378
16335
16308
16311
16337
16382
46
84
96
85
51
16383
16339
16310
16310
16333
16375
43
78
98
87
57
10
16346
16316
16308
16325
16373
32
72
95
87
60
14
16351
16318
16307
16326
16363
26
72
95
91
69
25
16363
16321
16310
16322
16359
21
67
91
97
71
33
16367
16328
16309
16314
16349
10
54
90
98
78
35
16372
16330
16309
16317
16344
8
57
86
98
83
44
16376
16333
16310
16313
16339
16381
48
80
95
86
48
4
16341
16312
16311
16336
16378
37
74
100
90
59
9
16346
16315
16308
16327
16368
33
75
98
92
60
13
16353
16317
16307
16324
16362
26
70
94
92
71
23
16359
16322
16309
16321
16356
21
63
91
98
71
28
16364
16324
16308
16316
16349
10
57
89
101
79
37
16375
16330
16304
16310
16343
4
57
87
95
78
44
16380
16338
16312
16308
16340
16383
44
84
97
89
51
2
16345
16315
16309
16334
16379
42
80
96
89
55
10
16347
16317
16307
16327
16368
31
70
93
90
61
17
16355
16319
16310
16328
16362
27
70
98
95
68
23
16357
16322
16306
16316
16357
22
65
91
98
69
26
16363
16324
16309
16313
16348
12
56
94
97
79
33
16373
16329
16307
16315
16345
5
53
85
94
82
41
16379
16332
16310
16306
16339
16383
46
85
96
83
48
5
16341
16316
16309
16331
16374
37
79
94
90
58
8
16347
16312
16306
16329
16367
32
81
97
91
58
12
16351
16319
16312
16327
16362
33
70
95
95
65
20
16358
16324
16306
16320
16356
21
63
94
94
70
27
16360
16328
16310
16316
16351
15
61
93
94
79
37
16373
16329
16307
16314
16346
2
51
88
98
83
37
16377
16337
16304
16312
16343
2
49
84
98
84
51
2
16338
16309
16312
16334
16381
42
79
97
87
55
8
16344
16315
16310
16330
16370
36
76
98
91
59
13
16348
16319
16306
16325
16367
26
72
97
96
63
20
16352
16315
16307
16322
16359
21
72
94
97
72
29
16359
16325
16306
16317
16353
18
61
94
96
77
36
16369
16326
16309
16317
16347
9
58
89
97
81
40
16375
16329
16310
16315
16342
8
51
86
101
85
47
16379
16337
16313
16310
16337
16379
49
83
93
84
50
5
16339
16313
16308
16332
16372
39
81
99
91
57
11
16348
16313
16307
16326
16367
29
70
96
91
63
18
16352
16317
16305
16321
16360
28
69
92
91
69
22
16360
16322
16311
16322
16353
14
65
94
94
76
30
16370
16327
16306
16309
16344
10
57
90
95
77
37
16372
16333
16309
16314
16341
7
53
85
102
79
42
16380
16337
16311
16309
16340
16381
49
82
96
85
51
2
16341
16313
16311
16331
16376
41
81
97
89
59
12
16350
16314
16306
16331
16364
29
71
97
91
58
18
16353
16323
16308
16326
16362
23
69
95
95
71
26
16363
16321
16308
16316
16354
20
60
90
93
73
31
16366
16326
16306
16313
16341
9
54
88
98
81
40
16375
16333
16312
16312
16342
2
50
82
95
82
45
16381
16339
16311
16310
16339
16382
45
81
99
87
50
3
16346
16313
16310
16330
16374
34
78
97
89
58
14
16350
16314
16308
16323
16367
29
74
91
91
65
14
16356
16320
16308
16325
16361
25
68
91
94
72
28
16364
16322
16310
16318
16351
15
61
92
93
76
32
16366
16329
16304
16314
16349
8
55
90
95
81
39
16378
16332
16312
16312
16339
2
50
88
101
81
46
16382
16337
16307
16310
16336
16379
48
80
99
82
52
2
16342
16314
16309
16330
16375
39
75
97
91
57
10
16348
16313
16305
16323
16364
30
74
94
89
63
19
16354
16317
16308
16323
16360
23
69
95
95
70
25
16361
16321
16306
16319
16355
16
61
92
97
72
34
16365
16326
16311
16317
16346
10
57
89
99
77
43
16374
16330
16310
16313
16344
3
51
84
95
82
41
16383
16337
16306
16310
16337
16380
45
85
