97
51
56
60
67
68
68
68
68
60
56
48
36
27
20
11
16383
16374
16367
16357
16349
16341
16342
16341
16334
16333
16339
16341
16348
16351
16363
16373
16382
8
22
30
37
45
54
58
63
66
69
68
67
62
60
54
43
37
25
14
8
16378
16374
16363
16351
16345
16346
16337
16337
16337
16341
16342
16346
16353
16359
16367
16378
4
15
29
33
43
50
58
61
68
69
69
68
68
62
59
46
39
26
19
7
0
16373
16364
16357
16351
16345
16339
16336
16334
16336
16341
16342
16351
16357
16365
16375
1
6
21
31
38
43
50
60
64
70
67
69
69
61
57
50
42
34
23
13
3
16379
16370
16360
16353
16348
16343
16338
16338
16337
16336
16343
16348
16354
16362
16370
16378
4
15
25
38
41
50
54
61
67
70
70
70
64
62
53
47
40
33
16
10
16382
16372
16365
16353
16347
16343
16337
16336
16336
16338
16342
16350
16351
16357
16365
16375
2
8
18
30
40
45
53
64
69
71
73
69
67
59
60
50
40
31
21
15
3
16376
16366
16357
16351
16347
16340
16337
16334
16335
16338
16342
16350
16356
16362
16368
16380
6
17
30
37
45
51
58
63
70
68
71
65
65
63
53
49
36
28
19
8
1
16371
16365
16354
16350
16342
16338
16337
16339
16342
16339
16349
16352
16360
16366
16374
1
11
25
32
43
52
62
65
63
69
69
71
66
63
56
51
43
33
20
13
8
16378
16366
16355
16350
16344
16342
16337
16337
16337
16341
16344
16344
16354
16362
16373
16382
5
17
26
36
45
51
58
64
70
69
69
69
64
58
49
44
37
25
12
10
16382
16371
16362
16353
16349
16346
16339
16335
16337
16334
16340
16344
16351
16357
16365
16376
16383
14
21
29
36
46
57
63
67
70
65
70
64
67
57
46
40
34
24
13
3
16380
16364
16359
16353
16348
16342
16335
16337
16335
16335
16343
16349
16352
16362
16373
0
6
14
27
37
41
54
59
63
65
69
69
70
67
63
55
45
38
28
21
9
0
16375
16362
16359
16348
16342
16344
16338
16339
16340
16343
16343
16349
16356
16364
16377
16383
9
21
32
39
45
57
61
65
66
71
67
68
65
55
51
42
34
23
15
3
16377
16364
16359
16352
16345
16341
16339
16334
16337
16338
16342
16347
16355
16362
16369
16376
6
19
25
35
46
51
60
63
68
66
69
68
63
60
52
46
38
26
18
9
16380
16371
16367
16355
16347
16341
16336
16337
16334
16335
16337
16345
16354
16358
16366
16375
16382
10
19
31
40
45
54
61
66
71
67
70
63
62
53
47
41
32
23
18
3
16378
16367
16367
16356
16345
16341
16337
16331
16338
16337
16340
16349
16354
16363
16370
16377
4
17
28
30
40
53
58
63
68
70
68
71
62
59
52
46
38
33
21
9
16382
16374
16364
16357
16351
16342
16338
16338
16335
16337
16341
16347
16349
16355
16366
16374
1
13
22
30
41
47
57
63
66
68
67
70
64
60
59
50
42
31
22
14
1
16373
16369
16360
16351
16344
16339
16338
16335
16338
16340
16341
16350
16353
16361
16371
16382
5
18
25
33
44
54
59
62
68
65
68
68
65
60
54
44
39
30
13
8
16379
16369
16364
16355
16346
16342
16338
16338
16333
16337
16340
16345
16351
16358
16367
16376
3
12
23
32
42
47
59
63
65
71
69
66
68
62
59
50
37
30
22
9
2
16379
16368
16359
16350
16341
16340
16340
16340
16340
16340
16347
16347
16354
16363
16374
16381
9
18
29
40
45
53
63
65
70
68
66
68
65
60
54
41
37
25
13
5
16381
16370
16359
16354
16346
16339
16335
16339
16336
16338
16342
16346
16352
16355
16366
16375
2
16
22
32
43
52
56
66
65
69
70
64
64
59
57
49
38
33
16
10
1
16378
16365
16358
16349
16343
16339
16338
16336
16339
16339
16343
16348
16357
16367
16376
2
9
17
29
40
45
53
63
63
65
66
71
66
63
58
53
41
33
22
16
2
16377
16368
16360
16351
16344
16341
16338
16333
16336
16339
16340
16346
16352
16360
16366
16379
3
14
25
33
41
51
58
65
70
68
72
66
66
61
49
44
37
25
18
9
16381
16375
16362
16354
16346
16343
16340
16337
16335
16338
16338
16344
16349
16358
16363
16373
16382
8
20
32
37
46
54
58
65
68
69
70
64
60
58
49
41
36
23
17
5
16377
16370
16361
16351
16349
16339
16334
16331
16333
16339
16341
16347
16356
16360
16371
16379
2
18
22
35
40
52
58
61
68
68
73
67
67
58
54
46
39
29
17
11
0
16374
16368
16354
16351
16345
16338
16334
16336
16338
16340
16350
16347
16355
16364
16369
0
10
20
29
38
47
54
59
67
69
67
69
68
60
58
47
43
36
26
12
7
16381
16370
16362
16356
16347
16342
16337
16337
16338
16338
16338
16350
16356
16356
16369
16377
7
15
25
31
45
51
54
62
67
69
71
65
66
62
56
47
41
30
21
6
1
16371
16366
16362
16348
16347
16341
16337
16337
16334
16340
16346
16353
16355
16362
16373
16382
9
17
27
34
47
53
59
62
68
69
68
63
59
59
53
46
34
25
16
4
16380
16370
16361
16354
16345
16341
16340
16339
16339
16342
16342
16345
16357
16361
16368
16376
6
12
26
34
40
51
57
66
65
67
69
67
66
62
52
44
36
27
20
8
16380
16374
16364
16356
16349
16345
16339
16339
16336
16337
16338
16343
16349
16355
16365
16371
16383
11
18
27
37
46
67
