12
18
11
3
16377
16362
16362
16362
16358
16359
16366
16363
16366
16372
16379
3
8
22
24
33
38
39
45
44
45
39
37
30
23
19
10
4
16381
16372
16370
16361
16358
16363
16363
16366
16370
16370
16381
16381
10
18
23
33
39
38
41
44
42
43
36
30
26
19
11
6
16382
16374
16366
16366
16358
16359
16360
16360
16367
16375
16378
4
4
13
25
32
36
41
42
41
42
43
39
36
26
19
9
2
16377
16376
16368
16360
16362
16358
16360
16362
16366
16371
16380
4
10
15
22
31
35
40
41
45
42
43
40
32
25
20
13
6
16381
16372
16370
16362
16363
16360
16360
16362
16365
16372
16380
16383
6
17
19
29
37
43
39
44
46
41
39
35
27
19
14
3
16380
16375
16369
16364
16359
16358
16357
16357
16362
16371
16379
2
9
12
21
30
35
38
41
44
46
40
40
36
31
18
12
1
16382
16373
16371
16366
16361
16358
16357
16363
16365
16371
16377
2
8
14
19
33
33
39
40
46
43
45
37
34
30
24
16
8
16379
16378
16370
16366
16364
16359
16359
16362
16363
16366
16377
16378
2
13
21
29
34
36
45
45
44
41
40
36
29
24
16
7
16381
16378
16369
16369
16361
16359
16359
16360
16363
16372
16374
16382
7
11
21
25
32
37
40
42
43
45
41
36
33
25
17
10
16383
16374
16373
16367
16362
16361
16359
16365
16363
16370
16372
16382
1
11
18
27
34
37
41
42
46
42
45
39
31
25
22
7
16383
16381
16371
16369
16361
16359
16359
16362
16363
16367
16369
16379
6
12
19
25
31
36
40
42
42
44
39
36
30
24
20
12
2
16380
16374
16369
16365
16362
16364
16363
16365
16367
16374
16381
1
10
21
25
34
35
38
40
45
43
42
34
34
29
19
9
8
16382
16375
16367
16367
16359
16360
16360
16366
16367
16369
16377
16382
9
17
25
29
34
39
41
44
44
44
41
33
28
20
14
6
16381
16373
16373
16365
16360
16360
16360
16363
16365
16368
16375
16381
4
12
24
26
34
38
41
43
41
43
41
30
26
20
12
4
16383
16377
16372
16365
16363
16360
16358
16362
16362
16368
16377
16381
4
11
21
29
36
37
39
42
44
45
38
33
31
21
12
6
0
16378
16370
16364
16360
16359
16361
16363
16362
16369
16374
16381
5
10
20
26
32
40
42
43
43
38
38
36
28
19
14
6
16383
16378
16372
16365
16364
16359
16358
16361
16363
16370
16377
16379
16382
12
21
28
32
37
43
44
48
43
38
36
30
24
16
11
1
16375
16372
16368
16362
16359
16362
16364
16362
16370
16374
16375
6
10
19
23
31
38
39
42
42
46
41
36
35
25
16
12
2
16376
16369
16366
16365
16360
16361
16362
16358
16370
16373
16377
5
10
17
23
35
41
40
41
44
42
39
37
31
26
20
8
16383
16379
16370
16370
16367
16361
16357
16360
16361
16364
16374
16381
3
7
16
27
30
37
41
42
42
42
38
39
29
26
20
10
4
16380
16373
16366
16366
16360
16358
16360
16359
16367
16371
16379
3
9
17
25
32
35
39
43
45
45
41
38
33
26
18
13
5
16379
16374
16367
16363
16362
16358
16362
16362
16367
16370
16380
1
7
15
22
29
36
43
42
48
45
43
40
34
26
23
13
5
16381
16375
16372
16361
16358
16361
16362
16362
16363
16372
16377
2
6
15
23
28
33
41
44
45
45
41
39
32
27
19
11
4
0
16377
16368
16361
16361
16360
16359
16359
16365
16366
16373
16380
6
17
22
26
34
42
45
43
46
41
39
35
28
20
18
9
16383
16374
16366
16364
16360
16359
16361
16363
16365
16371
16375
16382
4
13
20
29
36
39
42
48
45
41
40
37
29
21
12
6
16383
16376
16373
16367
16362
16358
16363
16360
16364
16367
16373
16380
8
17
23
29
32
41
41
39
42
40
41
35
31
22
16
10
3
16380
16368
16364
16359
16361
16360
16361
16365
16369
16376
16382
4
10
18
27
32
38
43
44
46
45
41
33
29
19
16
7
3
16373
16374
16367
16366
16360
16358
16362
16364
16369
16378
16381
16383
14
20
27
29
36
38
44
43
42
37
37
33
22
16
9
2
16381
16375
16367
16361
16360
16358
16362
16361
16368
16375
16377
1
10
19
27
30
37
44
38
43
43
40
36
34
24
17
9
4
16378
16374
16367
16364
16362
16359
16359
16366
16370
16370
16377
1
11
19
24
32
38
42
42
41
44
43
36
34
21
18
11
2
16382
16373
16370
16365
16359
16362
16359
16362
16365
16372
16381
2
5
14
22
29
33
42
41
45
43
42
36
31
26
20
13
3
16381
16372
16367
16364
16363
16361
16357
16362
16367
16370
16382
0
8
15
24
29
36
42
42
42
40
41
40
31
26
20
11
1
16381
16374
16369
16368
16362
16358
16358
16364
16366
16370
16381
16383
8
12
22
25
33
42
41
45
45
41
39
32
24
21
13
3
16379
16375
16366
16363
16366
16360
16358
16361
16363
16372
16377
16381
6
12
20
26
34
40
45
45
41
41
39
29
28
22
16
2
16380
16375
16368
16362
16361
16358
16359
16358
16362
16368
16377
16382
6
13
22
28
34
39
41
45
42
43
39
34
27
24
15
5
16383
16373
16368
16365
16357
16360
16360
16359
16361
16367
16373
16377
5
10
21
24
31
35
42
45
46
43
40
33
25
25
14
8
16383
16375
16371
16361
16361
16359
16364
16360
16373
