23
16340
16303
16303
16334
106
106
106
100
61
2
16330
16299
16299
16342
22
80
111
101
54
16376
16319
16296
16308
16355
34
82
105
93
38
16362
16314
16296
16315
16373
48
93
110
85
30
16349
16304
16293
16321
16377
62
104
108
73
20
16342
16301
16300
16335
12
66
104
100
62
2
16330
16297
16302
16344
26
83
113
98
53
16372
16318
16294
16308
16357
36
88
110
85
40
16359
16313
16295
16319
16373
49
93
105
85
27
16347
16302
16294
16326
16377
55
100
104
72
11
16336
16297
16299
16338
12
72
103
102
63
16380
16325
16297
16304
16346
25
81
110
98
54
16372
16318
16297
16307
16357
35
89
109
92
38
16359
16310
16294
16318
16372
51
98
106
81
25
16345
16305
16294
16328
16379
63
101
110
72
14
16338
16292
16298
16339
15
71
109
104
62
16381
16332
16297
16306
16348
25
85
104
97
49
16373
16317
16293
16310
16362
35
86
110
91
36
16361
16311
16296
16318
16372
53
100
107
78
25
16343
16303
16297
16330
1
60
104
110
72
13
16336
16297
16302
16338
10
77
106
102
62
16382
16324
16294
16306
16349
29
84
107
90
46
16371
16314
16296
16313
16361
41
91
113
90
37
16358
16310
16296
16313
16375
49
99
107
81
27
16348
16305
16297
16330
4
63
105
105
69
9
16334
16299
16296
16337
15
75
109
101
61
16382
16326
16293
16305
16349
29
82
107
96
47
16367
16316
16295
16309
16364
40
93
109
87
35
16359
16309
16296
16317
16374
53
99
111
82
26
16348
16304
16298
16325
3
64
101
104
69
12
16335
16298
16299
16338
13
73
107
106
61
16381
16320
16297
16305
16348
29
80
111
95
52
16369
16312
16294
16311
16362
42
96
107
87
32
16358
16305
16295
16321
16374
55
98
107
80
25
16344
16301
16294
16330
4
63
101
103
68
8
16330
16300
16302
16341
17
79
108
102
59
16379
16324
16290
16308
16350
29
88
111
97
45
16368
16312
16295
16312
16364
43
90
110
86
33
16350
16308
16298
16321
16377
57
98
108
81
16
16338
16303
16295
16330
6
67
109
106
69
10
16331
16299
16304
16342
20
75
107
101
56
16379
16322
16294
16306
16354
31
88
108
96
45
16367
16310
16294
16314
16366
46
93
111
87
31
16351
16310
16295
16324
16380
57
100
108
77
16
16337
16300
16295
16332
6
70
103
104
65
7
16329
16293
16301
16343
21
79
108
100
52
16374
16321
16294
16312
16351
34
87
107
92
42
16365
16308
16293
16314
16365
46
93
110
83
30
16349
16305
16293
16324
16380
59
101
104
68
16
16342
16303
16303
16336
9
66
103
102
63
6
16325
16295
16299
16344
21
78
113
101
55
16373
16318
16295
16312
16359
29
84
111
91
38
16357
16315
16295
16316
16368
47
98
109
83
31
16349
16306
16297
16324
1
61
101
107
75
15
16339
16301
16300
16331
13
69
107
103
65
1
16329
16292
16304
16346
23
80
109
100
54
16370
16317
16296
16309
16356
33
87
112
92
43
16362
16311
16294
16318
16368
46
95
109
82
26
16347
16302
16294
16324
16380
57
100
105
75
15
16340
16298
16299
16337
12
69
107
105
61
3
16326
16296
16305
16349
23
84
110
97
47
16372
16315
16289
16307
16357
37
91
110
93
36
16358
16313
16298
16315
16370
48
92
107
81
27
16350
16304
16298
16327
1
64
107
104
73
13
16335
16298
16301
16337
13
73
107
99
60
16383
16330
16298
16306
16350
26
82
106
95
49
16370
16317
16295
16310
16359
37
92
114
87
38
16357
16306
16297
16319
16372
49
98
107
80
22
16346
16303
16294
16331
5
67
102
106
67
10
16331
16296
16302
16341
19
74
108
99
61
16383
16326
16295
16304
16349
33
84
110
94
46
16368
16314
16292
16314
16362
40
90
113
87
35
16352
16305
16294
16318
16371
52
98
106
82
22
16342
16302
16298
16329
7
63
103
102
69
6
16330
16296
16305
16342
20
76
107
99
56
16381
16317
16294
16304
16349
29
83
107
94
46
16364
16315
16296
16316
16371
47
94
107
83
30
16353
16308
16294
16321
16379
59
99
110
76
18
16342
16301
16298
16330
10
68
106
104
66
3
16333
16296
16305
16344
25
80
109
98
55
16376
16318
16295
16309
16353
34
90
108
92
41
16362
16314
16294
16318
16370
45
93
102
82
31
16348
16306
16298
16326
1
59
99
105
73
17
16337
16300
16298
16334
8
67
101
102
65
2
16331
16296
16303
16345
21
81
109
95
56
16374
16319
16294
16311
16354
36
85
112
92
42
16360
16311
16294
16318
16369
47
93
111
79
28
16350
16309
16298
16326
16381
61
99
103
73
17
16337
16299
16299
16335
9
68
107
106
64
2
16331
16299
16306
16347
23
79
109
94
51
16374
16316
16296
16309
16358
38
84
109
89
40
16363
16307
16295
16320
16371
51
95
110
84
28
16351
16306
16297
16326
16382
60
99
103
69
12
16334
16296
16300
16337
15
73
104
103
63
16381
16327
16295
16305
16350
22
84
107
95
48
16371
16321
16296
16312
16361
38
87
106
88
34
16358
16309
16291
16317
16369
49
97
108
83
25
16350
16300
16297
16326
0
59
99
103
73
11
16335
16296
16302
16338
12
71
107
100
61
16381
16326
16297
16305
16345
28
81
109
99
48
16368
16314
16293
16309
16360
42
90
105
86
31
16356
16311
16293
16319
16373
51
97
112
80
26
16342
16301
16297
16327
1
61
105
107
68
7
16334
16302
16301
16342
16
71
103
101
57
16378
16321
16297
16305
86
