56
33
26
26
22
12
12
12
9
5
1
16383
16381
16374
16371
16371
16368
16365
16363
16364
16358
16357
16356
16357
16356
16355
16357
16358
16359
16358
16362
16364
16366
16369
16371
16373
16375
16378
16383
1
6
6
11
17
21
23
25
29
31
35
38
41
45
44
46
45
48
49
51
51
49
54
45
46
44
41
43
38
35
34
31
24
24
22
17
15
10
8
0
1
16381
16376
16374
16371
16365
16366
16361
16365
16360
16359
16359
16357
16357
16357
16359
16358
16359
16360
16357
16359
16362
16367
16366
16371
16375
16375
16381
16380
4
8
9
14
19
20
25
29
30
37
38
40
42
44
44
48
49
49
48
50
47
51
46
49
47
43
41
41
35
35
27
28
22
22
20
13
12
9
7
16383
16382
16380
16375
16376
16373
16370
16367
16361
16361
16361
16358
16352
16358
16358
16353
16355
16357
16359
16363
16360
16363
16363
16366
16367
16371
16375
16379
16382
1
1
9
13
17
22
24
22
29
27
33
39
37
38
45
42
46
46
48
49
50
50
46
47
45
47
44
43
39
35
33
29
31
25
24
16
14
11
8
5
4
16382
16377
16374
16372
16370
16367
16365
16361
16359
16359
16357
16357
16353
16356
16359
16360
16357
16360
16361
16361
16367
16364
16367
16368
16374
16377
16379
16382
3
8
7
11
15
18
23
30
29
30
33
35
36
41
44
48
43
47
50
49
47
49
45
50
46
42
40
40
36
35
35
32
24
24
21
19
17
11
6
5
0
16380
16378
16376
16371
16370
16364
16365
16361
16365
16357
16357
16358
16357
16358
16356
16357
16359
16360
16359
16361
16362
16367
16366
16369
16376
16376
16382
16381
2
2
8
14
16
18
23
27
27
33
33
36
38
42
38
46
43
49
50
50
48
46
48
45
43
45
41
39
39
32
34
33
26
24
23
17
10
11
8
2
16383
16377
16376
16373
16375
16371
16368
16366
16365
16362
16361
16357
16357
16357
16356
16358
16356
16359
16360
16359
16360
16362
16368
16367
16369
16371
16375
16376
16382
4
5
10
12
16
20
23
26
27
34
30
38
38
42
42
43
44
48
45
47
50
49
50
44
46
43
42
41
38
36
33
31
25
24
18
14
12
10
10
2
2
16383
16381
16374
16378
16370
16367
16365
16360
16365
16361
16358
16359
16356
16356
16356
16359
16358
16356
16361
16360
16362
16367
16367
16373
16377
16373
16382
16383
16383
7
10
14
17
21
24
27
27
35
36
37
37
43
43
44
49
47
50
50
47
47
49
47
45
48
44
36
40
37
34
30
25
24
20
18
14
10
9
3
16381
16377
16376
16374
16370
16370
16369
16364
16361
16361
16357
16359
16360
16360
16351
16355
16358
16356
16359
16363
16361
16366
16366
16366
16372
16375
16378
16382
0
16381
6
10
14
16
21
23
25
31
34
37
35
41
40
42
45
47
49
47
46
45
46
47
49
44
44
41
40
37
35
35
27
26
24
18
19
14
8
6
0
16380
16377
16378
16373
16372
16370
16366
16365
16363
16362
16357
16359
16356
16360
16356
16360
16362
16357
16356
16361
16364
16363
16370
16369
16371
16376
16374
16381
16382
5
9
12
17
19
22
26
27
31
31
35
39
41
38
50
46
47
43
47
47
50
48
51
45
47
41
40
41
38
36
32
29
28
23
20
17
10
7
5
16383
16380
2
16374
16377
16369
16369
16366
16364
16363
16362
16355
16357
16356
16354
16358
16361
16363
16358
16362
16361
16363
16366
16367
16367
16371
16375
16378
1
4
5
9
10
11
17
21
25
28
30
36
37
44
41
39
45
46
46
49
51
48
50
45
45
49
47
43
42
39
36
31
33
27
24
25
17
12
9
9
4
5
16379
16379
16378
16372
16370
16366
16365
16363
16357
16359
16357
16357
16357
16356
16355
16359
16357
16357
16361
16361
16363
16363
16370
16371
16374
16378
16380
16382
1
2
9
12
16
18
21
27
24
33
32
37
40
45
44
44
44
49
45
46
47
51
50
49
46
46
43
46
41
36
33
31
27
22
22
19
16
11
11
7
1
16381
16379
16376
16370
16366
16365
16366
16360
16358
16357
16356
16353
16357
16357
16358
16358
16353
16363
16359
16362
16362
16366
16366
16367
16375
16378
16378
16382
2
4
11
10
19
21
22
29
29
35
34
37
38
39
45
44
48
51
49
49
47
53
48
48
47
42
43
39
37
36
36
28
25
24
20
13
12
10
7
16382
16382
16380
16373
16373
16371
16369
16365
16359
16357
16360
16357
16357
16353
16353
16358
16358
16353
16352
16360
16360
16361
16365
16364
16370
16371
16371
16377
16382
1
5
5
11
11
15
18
25
26
35
35
37
40
42
42
43
45
51
51
48
53
50
51
49
48
44
46
42
41
38
36
30
28
21
21
16
14
11
6
0
16383
16381
16375
16373
16371
16366
16367
16366
16360
16358
16358
16355
16353
16356
16355
16357
16354
16356
16352
16357
16359
16360
16365
16365
16369
16374
16379
16381
16383
0
4
7
10
20
20
21
25
29
32
35
35
41
45
46
45
44
50
49
51
48
51
49
43
47
45
42
43
38
35
31
30
27
24
17
17
12
9
8
4
16380
16377
16375
16374
16372
16367
16365
16363
16363
16358
16357
16358
16356
16353
16353
16356
16353
16357
16358
16361
16359
16362
16365
16369
16366
16375
16374
16378
16380
5
6
9
12
18
21
27
30
34
32
38
39
40
43
40
43
49
45
49
46
46
46
