21
46
76
90
86
16372
16372
16372
16338
16316
16315
16333
16356
17
50
79
89
84
62
24
16369
16337
16314
16313
16331
16355
13
54
79
89
82
61
28
16372
16338
16318
16315
16331
16358
12
50
79
90
86
59
26
16370
16336
16318
16317
16330
16358
11
45
78
89
85
63
26
16371
16338
16314
16315
16328
16358
13
47
78
88
83
64
29
16371
16339
16319
16312
16331
16361
13
49
77
88
86
65
31
16373
16339
16316
16315
16328
16355
9
48
77
90
86
60
27
16377
16341
16317
16315
16327
16358
9
50
73
93
83
61
30
16372
16339
16319
16311
16327
16356
9
49
76
91
82
61
29
16374
16341
16320
16316
16327
16355
13
45
76
91
85
62
31
16377
16342
16316
16316
16325
16355
7
49
75
88
83
68
31
16374
16340
16319
16314
16327
16356
11
49
79
90
84
69
31
16376
16343
16317
16310
16326
16354
8
47
75
92
87
65
27
16374
16342
16321
16314
16325
16355
10
47
80
88
86
65
32
16372
16338
16319
16312
16326
16355
7
46
75
90
91
65
30
16376
16341
16316
16312
16326
16358
8
45
79
92
91
65
30
16373
16338
16318
16313
16328
16354
11
49
76
91
86
65
32
16376
16338
16321
16313
16327
16352
10
45
77
89
87
70
30
16377
16340
16315
16313
16327
16352
9
49
74
92
86
65
30
16371
16344
16319
16312
16328
16353
5
45
77
91
86
66
30
16376
16342
16318
16316
16330
16350
7
47
75
89
89
69
33
16374
16342
16318
16314
16328
16351
8
44
74
90
85
65
35
16374
16337
16316
16311
16327
16352
6
46
75
90
88
64
31
16378
16345
16318
16314
16322
16352
7
42
78
90
85
63
31
16377
16342
16318
16312
16325
16355
10
46
73
91
86
63
30
16379
16340
16321
16316
16325
16351
4
44
75
91
87
66
32
16381
16343
16320
16315
16325
16350
5
47
75
93
87
70
37
16381
16342
16324
16310
16329
16354
6
44
75
93
86
65
36
16379
16344
16318
16309
16323
16351
4
40
74
90
88
67
35
16382
16347
16321
16311
16325
16353
4
43
71
89
83
64
34
16380
16347
16321
16314
16323
16347
1
40
72
88
88
70
31
16379
16346
16321
16315
16321
16351
2
41
69
86
90
72
33
16381
16343
16319
16309
16323
16351
6
42
72
90
88
69
35
16380
16347
16321
16313
16322
16351
4
42
73
90
86
67
36
1
16345
16322
16310
16325
16353
6
43
70
93
90
70
34
16380
16345
16322
16313
16324
16350
16383
42
71
89
86
71
39
16382
16344
16324
16312
16326
16350
16382
39
73
90
90
69
36
16383
16344
16321
16312
16325
16350
4
41
73
87
90
69
37
0
16346
16319
16310
16322
16347
4
41
71
88
89
71
38
16380
16346
16319
16309
16321
16348
16383
41
72
87
91
69
35
16383
16348
16323
16315
16321
16348
0
44
73
88
89
70
37
0
16349
16321
16312
16322
16346
16379
40
70
87
89
72
36
16383
16347
16318
16312
16322
16349
2
42
70
89
91
73
37
16381
16347
16322
16311
16323
16351
5
38
72
85
87
68
40
1
16349
16322
16313
16325
16348
0
40
71
89
89
69
36
16383
16346
16324
16317
16326
16351
2
41
72
89
86
68
34
16382
16347
16322
16315
16327
16349
2
39
70
86
85
72
34
16380
16347
16323
16314
16323
16347
1
40
72
91
89
68
38
16382
16350
16323
16310
16324
16348
2
40
71
90
87
70
38
16382
16347
16320
16313
16320
16349
1
39
75
91
88
73
37
0
16345
16321
16313
16322
16350
2
40
71
91
86
69
35
16382
16349
16324
16313
16325
16348
0
37
69
87
89
71
37
2
16348
16324
16314
16322
16352
2
38
69
86
90
70
38
16382
16348
16322
16309
16322
16346
0
38
70
88
87
70
40
4
16347
16323
16313
16324
16349
2
39
73
86
87
75
39
1
16349
16321
16315
16326
16349
4
39
72
85
89
73
41
16382
16349
16327
16314
16319
16347
16381
37
68
88
89
72
37
1
16349
16323
16311
16324
16344
16381
36
71
89
89
70
42
16382
16352
16323
16313
16322
16350
16381
35
71
89
87
73
40
0
16350
16324
16310
16322
16347
0
39
68
90
87
75
44
3
16350
16322
16316
16321
16349
16383
36
71
88
88
71
40
4
16350
16326
16315
16320
16346
16381
37
69
90
90
70
39
0
16349
16321
16310
16319
16343
16381
38
72
91
89
73
43
5
16346
16325
16313
16325
16344
0
34
68
88
88
74
42
3
16349
16323
16313
16319
16345
16383
35
65
85
88
74
42
5
16349
16325
16312
16323
16346
0
36
72
88
87
72
42
4
16355
16319
16311
16319
16344
0
35
66
87
90
76
44
3
16354
16327
16311
16323
16345
16379
36
67
83
88
74
41
2
16350
16324
16309
16321
16341
16381
33
68
88
90
72
42
4
16354
16326
16311
16319
16347
16377
35
71
89
92
73
47
6
16355
16320
16313
16322
16345
16378
33
65
90
88
76
45
8
16354
16323
16313
16318
16341
16378
34
69
88
91
73
44
8
16351
16325
16312
16319
16345
16377
30
66
88
91
74
45
10
16354
16326
16310
16320
16341
16378
32
69
86
91
74
43
8
16352
16324
16311
16316
16341
16376
32
66
88
93
77
50
10
16354
16323
16312
16319
16340
16378
34
63
86
93
75
46
11
16353
16328
16312
16316
16338
16375
33
64
84
90
77
46
11
16356
16326
16311
16317
16341
16375
26
66
84
89
77
50
11
16357
16319
