50
16370
16373
16377
2
25
25
25
31
37
36
29
24
17
3
16381
16372
16371
16371
16372
16378
2
10
25
33
34
37
31
26
19
10
0
16378
16370
16370
16371
16373
16383
7
15
26
32
38
33
35
27
17
9
16382
16375
16371
16370
16371
16377
3
10
20
31
33
41
36
27
21
14
2
16378
16373
16373
16373
16374
16381
3
15
22
31
34
36
30
26
17
8
16383
16374
16371
16366
16369
16374
1
9
18
29
34
38
35
34
21
17
5
16382
16370
16368
16367
16372
16380
7
13
22
31
34
37
31
31
21
11
2
16376
16371
16370
16370
16374
1
9
15
25
33
32
35
32
25
16
6
1
16377
16370
16369
16372
16379
1
13
26
27
33
36
31
29
26
12
3
16383
16372
16372
16365
16374
0
5
12
25
30
35
35
33
27
19
8
16383
16373
16371
16369
16374
16377
16381
7
19
27
36
36
37
31
23
16
4
16380
16376
16373
16370
16374
16377
4
11
22
31
35
37
35
27
21
12
16382
16378
16371
16369
16369
16374
1
9
18
23
30
37
37
31
26
15
4
16381
16374
16368
16370
16372
16377
1
10
18
29
36
37
38
30
22
13
3
16382
16370
16369
16368
16371
16378
3
14
22
33
37
35
32
26
18
12
2
16377
16369
16370
16368
16377
2
8
17
24
33
36
36
28
24
13
6
16382
16374
16367
16367
16373
16375
1
13
24
28
33
41
32
25
21
14
2
16379
16373
16372
16368
16378
16381
7
16
27
33
34
34
28
26
17
6
16382
16377
16369
16365
16370
16374
5
9
19
30
30
36
37
30
20
14
3
16377
16371
16371
16373
16377
16379
2
13
22
33
33
37
33
25
18
8
1
16375
16368
16368
16373
16375
16382
8
16
25
30
33
35
31
24
16
9
16379
16373
16370
16371
16371
16380
2
12
19
29
35
35
34
30
20
10
1
16378
16370
16372
16371
16375
16381
4
15
24
33
34
35
31
21
15
4
1
16377
16373
16368
16369
16375
16383
14
22
28
33
34
33
26
24
10
6
16381
16369
16370
16367
16375
16378
6
16
22
30
33
34
33
27
19
10
16383
16377
16366
16369
16369
16378
16383
9
19
29
36
35
38
34
22
13
7
16381
16376
16373
16370
16374
16379
3
11
24
32
37
37
31
29
19
13
1
16381
16372
16366
16371
16377
2
9
17
28
34
35
35
32
26
19
6
0
16375
16375
16370
16371
16378
1
11
18
27
34
38
35
29
20
16
3
16381
16373
16367
16369
16373
16375
4
15
26
27
37
33
34
27
19
9
2
16378
16374
16365
16369
16377
16382
6
20
23
29
35
35
30
22
12
6
16382
16375
16369
16368
16373
16378
5
13
22
27
36
37
36
27
19
10
2
16380
16370
16371
16366
16378
0
6
16
24
30
35
34
33
25
18
13
16382
16377
16370
16371
16373
16380
0
13
20
25
32
37
34
31
22
13
3
16377
16373
16369
16369
16374
16381
5
12
21
33
36
36
32
26
17
7
2
16374
16369
16370
16372
16373
2
9
17
28
34
35
33
31
21
14
2
16383
16376
16370
16369
16371
16380
3
17
19
34
35
40
36
31
23
15
4
16382
16370
16371
16370
16378
0
6
18
26
29
36
37
34
26
16
9
16379
16372
16371
16373
16374
16377
16382
7
21
31
37
39
34
30
24
17
5
16381
16373
16367
16371
16371
16377
6
15
25
27
35
32
33
27
23
13
1
16375
16370
16371
16372
16376
16382
9
17
24
37
38
38
32
26
15
4
16381
16374
16372
16370
16371
16378
1
14
19
28
35
39
30
27
23
11
16383
16379
16372
16366
16370
16373
16379
9
18
23
27
35
32
30
25
17
9
16383
16379
16370
16367
16370
16377
1
9
21
26
32
37
35
32
24
15
4
16376
16371
16370
16367
16374
16379
6
17
23
33
33
38
37
30
22
8
2
16378
16374
16372
16371
16376
16383
7
17
26
33
35
34
29
24
16
8
1
16369
16368
16368
16373
16379
3
13
19
31
33
34
35
30
22
12
4
16380
16372
16370
16371
16374
16379
9
18
27
35
38
36
30
26
17
5
0
16375
16369
16369
16373
16377
16382
9
18
27
36
38
35
29
26
13
8
16380
16372
16373
16371
16371
16378
6
15
24
30
36
37
38
30
22
10
0
16377
16370
16369
16371
16377
16383
8
15
26
32
34
37
32
26
16
4
16380
16376
16370
16368
16371
16379
1
11
23
26
39
35
34
27
23
15
5
16379
16372
16368
16367
16374
16379
6
16
27
31
36
40
32
30
19
8
16383
16377
16369
16366
16372
16374
2
11
20
29
35
36
35
29
24
13
7
16379
16376
16371
16369
16374
16381
4
15
22
30
32
34
35
27
20
12
5
16379
16369
16369
16373
16373
16382
9
17
26
32
37
36
33
24
17
5
16382
16372
16371
16371
16370
16380
0
12
21
30
31
36
34
31
19
9
3
16377
16373
16371
16370
16377
16383
7
15
26
34
38
38
32
24
15
6
0
16377
16370
16371
16370
16377
3
9
23
31
34
35
34
29
28
17
5
16383
16374
16370
16366
16372
16378
2
11
23
30
33
38
31
24
18
10
1
16376
16373
16366
16374
16376
16383
7
17
25
35
33
36
35
29
17
7
2
16369
16372
16371
16373
16379
3
11
24
26
36
35
23
