57
26
15
4
16375
16350
16350
16350
16346
16340
16339
16339
16339
16336
16343
16350
16350
16357
16369
16374
3
14
23
33
43
52
56
63
67
67
71
69
64
59
58
45
37
29
22
8
2
16373
16369
16353
16346
16347
16338
16338
16337
16336
16340
16338
16349
16354
16360
16372
16382
11
15
30
38
47
55
56
65
67
68
70
64
65
61
54
41
36
27
18
6
0
16372
16364
16354
16349
16341
16339
16335
16339
16337
16337
16346
16349
16358
16364
16375
0
11
21
31
40
46
54
61
64
70
66
69
67
61
57
49
43
33
23
13
0
16380
16364
16357
16353
16345
16343
16337
16335
16335
16338
16341
16348
16355
16361
16374
16380
9
17
23
35
45
50
54
64
66
69
70
65
63
59
53
46
38
32
18
12
16382
16371
16364
16357
16348
16342
16340
16338
16332
16335
16340
16346
16353
16356
16366
16373
16381
8
22
28
37
50
51
62
64
67
67
69
66
59
60
48
43
35
28
13
7
16373
16368
16363
16352
16348
16342
16342
16337
16337
16336
16342
16347
16351
16358
16366
16375
1
14
24
34
42
50
56
60
65
68
67
70
65
61
59
45
40
34
20
15
3
16375
16365
16359
16350
16344
16340
16336
16334
16339
16340
16339
16347
16358
16361
16371
16383
4
17
25
34
47
50
62
65
65
69
70
68
61
61
54
50
39
29
18
8
16382
16374
16363
16356
16350
16344
16336
16338
16338
16336
16342
16345
16351
16358
16363
16374
16382
6
21
27
39
49
55
62
63
68
68
72
69
65
60
53
47
34
29
14
5
16383
16368
16360
16351
16347
16344
16338
16338
16333
16340
16345
16345
16350
16357
16365
16377
5
14
21
35
44
50
60
62
63
69
68
69
67
62
54
46
39
31
22
10
1
16374
16366
16358
16349
16340
16337
16338
16337
16338
16339
16342
16347
16354
16362
16370
16378
9
14
28
33
43
53
59
63
63
69
64
64
63
60
53
46
32
25
12
8
16383
16373
16363
16355
16348
16342
16340
16336
16337
16337
16341
16344
16350
16359
16366
16377
0
6
21
32
37
45
57
62
67
65
68
71
68
62
59
51
41
33
26
11
6
16378
16367
16358
16353
16344
16344
16341
16336
16333
16336
16341
16344
16351
16362
16367
16379
7
14
25
33
41
50
54
59
67
69
71
68
69
60
55
48
37
28
18
12
2
16378
16366
16358
16350
16346
16343
16338
16338
16340
16338
16345
16351
16352
16364
16369
16380
9
24
26
35
43
52
58
60
63
68
67
66
62
55
49
43
34
26
18
8
16382
16374
16363
16360
16349
16344
16339
16337
16332
16338
16336
16347
16350
16354
16370
16375
1
11
18
29
41
50
55
59
62
67
71
68
67
59
53
50
38
34
23
13
3
16378
16368
16364
16353
16346
16343
16338
16336
16337
16338
16345
16344
16353
16361
16367
16378
4
14
24
35
44
49
58
63
68
68
67
67
66
59
54
46
39
31
21
9
2
16375
16369
16358
16349
16344
16341
16335
16336
16338
16339
16343
16349
16354
16365
16375
16381
10
18
29
34
41
52
60
61
69
66
70
65
63
58
51
45
37
25
15
6
16380
16369
16363
16350
16349
16340
16336
16341
16337
16336
16339
16348
16352
16356
16365
16376
1
13
23
32
38
50
52
62
65
68
69
65
64
65
55
47
40
35
21
12
5
16376
16371
16359
16349
16344
16341
16337
16338
16336
16341
16341
16346
16356
16362
16370
16377
8
16
22
33
42
52
58
63
66
69
65
68
63
62
54
44
35
29
17
7
0
16375
16365
16354
16350
16343
16340
16336
16338
16341
16340
16343
16349
16355
16364
16375
16380
9
19
29
40
45
56
61
66
69
69
68
67
61
54
52
43
32
21
14
6
16375
16370
16362
16356
16347
16341
16339
16339
16339
16337
16337
16346
16353
16358
16367
16376
4
13
23
33
40
49
56
65
66
69
70
70
65
61
53
45
40
29
21
11
1
16374
16365
16361
16350
16341
16342
16337
16333
16336
16339
16341
16348
16355
16361
16369
16380
6
19
28
37
41
50
63
65
66
67
67
68
64
54
50
47
34
29
15
6
16381
16369
16367
16354
16351
16341
16337
16340
16336
16334
16338
16345
16351
16361
16370
16375
0
12
21
33
43
45
55
62
64
66
69
69
64
62
54
51
43
34
26
13
2
16378
16369
16361
16354
16345
16343
16338
16333
16335
16337
16346
16349
16352
16364
16369
16379
5
17
24
33
44
49
60
61
65
70
71
66
63
58
50
45
42
30
19
10
1
16370
16363
16354
16347
16343
16338
16337
16337
16337
16341
16343
16351
16354
16364
16374
16382
9
19
29
38
44
52
58
65
69
71
68
64
61
58
50
46
36
26
15
3
16377
16371
16360
16351
16344
16343
16335
16335
16340
16337
16339
16346
16349
16360
16369
16376
16383
14
20
32
42
49
57
62
68
69
70
67
67
60
56
49
40
29
18
13
16382
16378
16366
16361
16351
16344
16342
16339
16335
16337
16337
16343
16344
16353
16364
16370
16381
9
15
29
36
43
54
59
63
65
67
67
65
62
61
54
49
41
30
16
4
16383
16370
16362
16355
16347
16344
16340
16337
16336
16336
16342
16344
16347
16355
16366
16375
1
11
21
28
40
49
56
61
63
68
68
69
69
60
60
50
42
33
23
10
4
16381
16371
16359
16346
16345
16340
16339
16340
16340
16336
16340
16346
16351
16364
16371
16381
7
14
24
38
45
54
54
62
66
68
74
70
66
58
46
