22
23
19
12
8
16383
16383
16383
16381
6
8
19
19
22
21
13
8
3
16379
1
1
6
16
17
21
23
20
17
10
3
0
16381
1
5
10
17
21
24
21
17
9
4
0
16381
1
4
12
18
22
24
21
17
10
5
16380
16379
0
6
11
12
22
20
20
19
10
5
2
16380
1
1
5
17
24
25
19
17
12
4
0
1
1
4
7
16
21
25
25
19
11
6
16383
16383
16382
16383
6
13
18
25
22
23
13
6
16383
16382
1
2
6
14
18
22
20
17
13
9
0
0
16382
16383
12
16
17
23
22
18
14
6
2
16381
16382
2
6
12
17
21
17
22
12
7
1
16380
16382
16382
5
13
15
19
19
22
13
10
3
16383
16382
2
7
14
18
22
23
21
15
7
3
0
16383
16382
3
8
16
19
24
21
13
4
3
16383
16381
16383
3
12
17
21
22
20
16
11
3
16380
16378
16383
3
10
14
19
24
22
18
11
5
16381
1
1
3
12
15
20
22
23
18
11
5
1
16378
0
5
9
17
19
25
20
17
14
7
16383
16381
16381
0
10
12
19
21
22
18
12
3
3
16383
16377
1
10
17
19
22
24
20
13
2
2
16383
16382
4
4
15
22
20
22
17
12
3
1
0
0
1
7
14
17
17
21
20
11
8
3
0
16382
16383
7
14
19
22
21
20
10
5
0
16379
16380
4
1
9
14
21
21
19
10
5
0
16383
16378
0
5
10
15
22
22
26
16
11
4
1
16379
2
7
13
16
21
25
19
17
8
6
16381
16381
16381
3
12
16
21
20
19
12
9
1
16382
16378
0
2
11
16
22
21
21
15
10
4
1
16383
16383
6
7
15
20
23
22
17
12
8
2
16381
16381
0
14
14
21
21
20
16
6
6
0
16382
16383
1
5
18
21
23
19
19
12
4
2
16383
16382
3
10
17
18
23
23
17
12
7
16383
16381
16383
4
6
14
25
21
22
21
12
4
2
2
16380
2
8
11
17
21
27
17
9
8
0
16380
16380
0
4
14
17
24
20
21
9
7
2
16383
16382
2
5
14
13
22
22
17
16
7
5
16383
0
16382
6
8
17
23
20
20
17
9
2
16382
16380
0
3
7
18
24
24
23
14
5
5
16381
16380
16381
4
9
17
18
22
19
16
8
1
16383
16383
16382
1
9
18
20
23
23
19
10
4
3
16378
0
3
11
13
21
22
20
18
10
6
2
16379
16377
2
10
18
21
24
21
15
10
5
0
16380
16381
3
4
12
18
24
23
14
12
7
1
16377
1
2
8
13
18
21
21
18
10
6
0
16380
16381
0
10
13
17
22
20
19
12
7
4
16381
16381
3
7
12
18
22
20
14
14
2
1
16380
16378
2
9
13
15
20
26
17
12
7
2
16383
16382
2
4
11
15
21
21
23
13
7
1
16383
16381
16381
0
13
19
23
21
22
14
7
2
1
16381
16382
5
10
19
22
23
18
15
9
6
16381
16381
16381
3
9
16
23
23
20
19
10
2
16381
1
2
7
10
17
20
20
18
16
12
4
1
16382
16382
4
8
16
19
20
23
16
9
0
1
16378
16380
3
8
17
20
21
22
17
13
8
16382
16381
16379
3
10
15
17
24
23
18
11
5
3
16379
16382
1
4
14
18
22
20
22
11
7
16383
16379
16383
1
6
13
18
23
22
23
13
5
1
16381
16382
1
10
12
17
23
22
16
13
8
2
0
16382
3
5
11
19
23
24
16
11
8
2
16379
16382
16383
5
11
21
22
21
23
19
12
3
16382
16381
2
4
11
18
21
21
20
12
6
4
0
16379
16381
3
8
16
22
21
26
17
8
5
16383
16381
16382
4
12
18
19
26
21
13
10
4
0
16382
16380
3
10
15
24
25
21
19
9
8
0
16379
16380
3
10
16
21
23
20
17
12
3
16383
16381
1
3
4
14
20
21
22
18
11
8
1
16382
0
16382
9
18
17
22
24
18
12
7
16383
16380
16381
3
10
14
19
25
23
17
15
8
16383
16381
16382
1
8
17
21
23
21
19
11
9
0
0
16381
3
6
15
18
25
23
19
13
6
2
16382
2
0
10
11
20
22
21
20
13
8
3
1
16382
2
6
15
16
22
25
21
18
8
1
16381
16382
0
9
12
20
18
20
23
17
8
0
16383
16382
0
5
12
16
17
23
21
16
7
4
16381
16379
16380
3
9
16
22
24
21
17
7
2
0
16383
16383
6
12
13
21
25
21
22
13
6
16383
16382
16383
1
6
13
20
22
21
14
9
6
2
16382
16383
1
5
14
18
24
21
18
14
6
16383
16383
16382
3
9
11
19
22
25
18
12
8
16383
16383
16378
1
7
16
20
19
21
20
10
6
16379
16382
16382
16383
10
16
21
22
20
19
13
5
2
16380
16381
3
5
12
20
21
22
25
17
6
16383
16381
16383
0
9
14
21
24
25
20
17
8
1
16382
16383
16383
4
10
18
20
23
21
14
12
4
16381
16381
11
