54
10
11
11
12
14
14
14
13
16
13
17
17
17
19
13
17
16
15
15
17
14
13
12
15
14
16
12
13
8
9
10
9
5
6
5
5
6
7
6
4
2
0
4
7
2
3
3
5
5
4
6
6
5
4
7
6
11
7
12
14
9
10
15
12
9
13
13
12
14
17
14
13
14
16
12
17
20
15
15
16
15
18
14
13
11
14
9
11
11
10
6
8
10
10
4
3
5
1
3
3
16383
5
2
1
5
5
3
1
3
6
4
7
4
5
9
5
9
8
11
11
12
12
12
11
16
19
17
17
13
13
19
17
17
13
19
12
17
16
17
18
14
13
12
15
14
11
10
9
10
10
7
7
8
5
9
6
5
7
4
5
4
2
5
1
4
2
4
2
3
6
6
4
7
7
5
8
9
11
10
7
9
14
11
13
17
15
13
14
14
18
17
16
20
13
17
17
15
18
16
14
16
12
14
16
15
10
11
11
10
9
9
9
8
7
7
8
7
5
4
4
6
6
6
5
4
2
7
5
6
4
4
5
6
6
5
9
5
8
9
10
10
9
12
16
17
17
16
14
17
14
16
16
14
17
12
16
16
17
17
18
14
15
15
16
14
11
13
11
9
10
9
5
4
6
5
6
6
4
6
1
5
4
2
1
7
3
1
5
9
5
7
7
3
6
10
9
8
8
8
11
9
10
8
11
14
12
21
15
16
15
15
14
14
16
18
15
15
14
18
14
17
15
14
13
11
11
10
9
13
10
5
9
8
6
8
5
6
5
5
3
6
2
3
4
4
6
5
5
6
5
6
7
6
7
8
6
6
9
13
11
11
15
13
17
13
13
14
13
16
16
17
18
19
16
14
19
14
11
16
13
14
14
15
13
17
13
11
10
9
10
9
8
10
7
7
9
4
3
3
4
2
3
3
5
5
5
6
4
7
3
3
6
9
8
3
6
6
10
11
10
8
15
8
12
11
16
19
14
17
16
17
16
15
19
16
17
17
16
15
14
16
14
15
11
10
11
13
12
8
9
10
3
7
5
7
6
5
4
0
4
2
3
2
4
5
5
5
5
4
6
7
7
7
7
9
10
10
10
10
11
15
12
10
13
12
12
13
17
13
18
14
14
16
15
14
17
15
17
16
17
13
12
15
12
12
11
11
9
10
11
7
10
9
8
8
9
3
4
6
5
1
3
2
2
6
5
4
4
6
4
6
8
6
8
9
11
10
13
9
10
13
13
11
14
14
14
16
14
18
18
16
19
13
20
18
15
14
14
12
14
13
15
12
10
11
12
11
15
13
11
7
8
8
8
6
5
0
6
6
1
6
1
4
4
6
5
5
4
4
2
5
2
6
9
8
5
13
10
10
11
11
13
15
13
13
15
15
19
14
14
18
16
15
13
16
13
17
15
17
16
14
18
16
9
14
11
9
11
8
7
8
8
10
10
4
6
7
5
6
4
5
5
3
5
2
8
1
5
6
4
4
5
5
9
11
10
11
10
10
7
14
10
15
14
12
14
16
15
15
15
10
17
16
16
16
15
13
12
18
14
12
11
15
10
13
14
10
10
8
12
9
5
7
11
4
4
6
3
3
7
5
5
2
5
3
4
2
2
7
6
4
6
5
8
8
9
14
12
10
11
10
16
15
13
13
13
16
17
15
13
18
20
12
17
18
17
17
16
16
17
13
14
11
13
13
11
10
11
10
7
6
7
6
5
5
3
0
6
5
5
2
3
2
1
5
3
7
8
7
5
6
12
7
8
8
11
11
10
11
8
14
14
14
14
14
15
15
17
16
17
15
17
16
16
17
14
15
16
16
12
15
16
13
13
12
10
13
8
11
9
8
10
6
9
4
7
3
5
5
7
5
3
7
3
2
5
10
5
2
8
7
6
8
8
7
11
9
11
9
11
11
14
14
14
11
16
16
17
17
19
13
18
17
13
17
18
16
16
17
15
12
15
11
13
11
10
10
13
10
7
10
9
4
6
5
5
5
3
5
3
5
2
4
9
3
3
8
5
5
3
8
9
7
7
9
10
9
8
11
10
14
11
14
17
13
15
17
15
19
16
15
16
14
16
12
18
15
16
12
16
11
13
10
12
16
11
11
7
8
9
10
7
8
10
5
4
3
3
3
5
4
1
4
4
3
7
5
8
9
7
8
7
6
9
8
9
10
11
17
10
8
15
14
17
14
14
16
17
19
19
18
17
18
18
17
15
13
17
14
13
14
14
9
11
12
10
10
8
9
6
13
5
7
8
7
6
2
7
7
4
2
2
3
7
7
5
8
6
3
9
8
4
10
12
11
10
10
14
13
12
14
15
17
