24
10
19
25
25
16382
16382
16382
16375
1
5
21
27
25
17
7
0
16381
16378
6
13
21
24
19
16
1
16377
16375
0
13
19
23
21
14
3
16382
16380
16379
7
16
25
25
18
11
16382
16378
16377
6
14
25
26
21
9
1
16377
16381
3
13
21
27
26
13
1
16379
16376
16380
11
21
24
26
14
4
16380
16379
16380
2
15
24
24
18
8
0
16381
16380
16382
13
22
27
23
14
16383
16381
16379
0
14
21
27
20
18
4
16381
16376
2
9
15
26
21
21
6
16382
16376
16379
5
14
25
29
18
8
1
16378
0
16383
12
23
25
24
13
2
16381
16377
2
8
18
24
25
17
8
16381
16377
16379
4
13
23
26
20
10
16383
16376
16382
0
13
20
27
26
13
3
16381
16376
0
9
18
26
25
18
5
16380
16378
16377
5
17
25
24
19
13
16383
16378
16382
1
11
21
27
23
11
1
16377
16382
1
10
20
22
23
16
5
16377
16375
16380
6
15
24
24
20
7
16382
16378
16379
6
13
22
28
20
10
16382
16380
16378
0
15
22
26
21
16
4
16379
16377
16383
10
24
27
23
15
8
16382
16377
16381
8
18
23
26
21
10
16383
16379
16381
3
15
24
26
22
14
1
16380
16378
16383
13
20
24
23
16
6
16381
16376
2
11
18
23
23
18
10
16381
16380
0
4
15
24
26
23
11
1
16375
16379
1
11
20
25
24
14
4
16380
16376
16381
10
15
25
24
20
11
16381
16378
16379
5
13
22
27
20
11
1
16381
16378
4
17
23
25
22
9
5
16379
16376
0
8
19
23
24
18
6
16383
16377
16382
10
18
25
26
18
11
0
16378
16380
1
12
22
24
23
11
3
16378
16376
1
9
20
25
23
16
10
16378
16374
16382
8
17
24
26
20
8
16381
16374
16381
2
14
22
26
21
9
16382
16378
16378
2
9
20
27
18
14
5
16377
16379
1
11
20
24
25
16
5
16380
16379
16382
6
18
25
25
18
9
3
16376
16380
6
17
21
26
21
11
2
16380
16375
16383
11
18
24
21
14
7
16380
16378
16382
4
13
25
23
17
8
16379
16380
16380
4
15
20
25
17
10
16381
16378
16380
3
11
20
24
25
14
6
16382
16381
3
7
21
26
27
16
5
16383
16376
16383
2
14
21
24
17
10
1
16377
16381
3
13
21
25
20
15
2
16379
16381
16382
9
21
27
22
13
8
16380
16382
16383
8
19
24
25
15
6
16383
16378
16383
7
15
21
28
22
13
1
16380
16376
1
13
21
27
20
17
8
16378
16376
16382
7
20
25
24
18
5
16380
16382
16382
4
12
23
22
21
8
16381
16376
16378
2
10
25
24
20
15
1
16380
16381
2
10
20
24
23
15
6
16383
16380
2
7
19
26
23
20
11
16382
16382
16381
6
12
21
27
18
10
2
16377
16378
16382
13
22
22
24
11
6
16382
16375
1
9
17
25
27
16
8
16382
16376
16382
8
14
24
26
19
12
1
16379
16380
3
12
18
27
22
15
4
16374
16379
5
6
20
26
23
19
7
16381
16377
16382
6
16
27
21
17
10
0
16379
16379
9
19
21
27
18
9
16382
16378
16378
16383
13
24
26
21
14
8
16379
16376
1
10
15
22
25
17
9
16383
16379
16381
4
13
22
26
21
12
2
16378
16380
1
10
22
28
23
10
4
16381
16377
0
8
18
26
27
18
2
16380
16381
16382
5
16
23
26
20
11
1
1
16380
1
11
25
26
20
14
0
16380
16380
1
11
21
23
22
13
6
16380
16379
16383
8
20
28
24
16
9
16383
16376
16382
3
15
25
22
19
10
16383
16374
16378
4
12
21
23
22
15
1
16380
16377
2
9
20
21
24
14
6
16382
16377
16381
6
20
22
22
20
11
2
16379
16378
2
13
22
25
18
13
4
16377
16381
2
10
19
25
21
13
8
16381
16379
16382
10
17
25
26
21
9
16383
16376
16381
3
15
23
25
23
10
16382
16382
16381
1
13
23
26
24
14
5
16381
16381
0
9
19
24
24
15
8
16382
16378
16382
6
13
22
27
22
9
0
16378
16379
2
16
21
27
25
12
3
16380
16378
16381
10
18
26
22
16
5
16383
16380
16381
5
17
23
25
18
6
2
16378
16381
5
11
26
22
21
10
0
16382
16379
1
14
22
24
23
14
3
2
16381
16382
9
17
28
20
19
6
2
16378
0
7
17
26
23
18
10
0
16379
16380
0
14
24
24
21
16
0
16378
16377
3
13
17
25
24
17
8
16383
16378
16382
8
15
25
24
19
8
16383
16379
16381
4
16
25
22
24
14
0
16376
16382
16382
12
21
26
18
12
6
16382
16379
16383
6
17
23
27
18
9
16381
16378
16381
3
15
22
23
19
11
0
16379
16379
4
10
19
26
23
13
1
16379
16376
2
6
20
27
27
20
10
16378
16380
16379
7
15
22
26
15
6
1
16376
16381
2
13
21
24
20
12
2
16381
16381
1
12
20
24
24
16
5
16380
16377
16382
8
16
26
25
17
12
16383
16379
16378
3
14
25
26
18
14
6
16379
16378
16382
11
23
23
23
16
7
16381
16381
0
23
