61
10
3
3
16382
8
8
8
11
13
20
23
25
22
13
10
4
2
16382
16379
16383
4
13
15
22
19
23
20
17
10
6
4
1
16381
3
7
16
17
17
22
21
18
18
14
7
2
1
16382
16381
8
9
17
17
22
21
23
18
10
8
2
16382
16383
16383
7
9
17
18
19
20
21
20
12
9
16383
16383
16383
16383
3
6
16
15
20
22
23
20
17
11
3
16380
16380
16382
2
6
15
18
22
21
23
21
17
5
6
16381
16383
16383
5
3
10
14
18
23
21
21
18
13
5
0
16382
16382
0
6
10
15
24
19
20
22
16
11
5
16383
16381
0
3
3
8
13
19
21
22
21
16
14
4
3
2
1
1
2
10
12
20
22
22
23
18
14
6
5
0
16381
4
1
7
14
20
21
22
20
19
12
9
3
16383
16382
0
5
8
13
18
24
25
22
18
14
10
5
3
16381
16383
0
10
9
19
20
27
24
22
14
11
7
1
3
2
16383
5
8
13
25
23
20
20
17
10
6
3
16381
16382
0
6
9
12
20
20
22
21
18
12
6
1
16382
1
16383
3
7
11
20
24
22
21
18
13
8
1
0
16382
1
2
10
10
18
22
23
22
19
14
8
8
16382
1
16383
2
10
12
18
19
23
22
21
12
10
4
1
16380
0
3
7
10
18
22
21
22
19
13
9
7
3
3
16382
1
3
10
15
21
24
24
20
17
10
8
2
16381
0
1
2
8
17
17
23
23
19
17
17
6
0
2
16383
0
3
7
11
17
22
21
23
19
14
6
4
16382
16383
16383
4
6
10
20
20
24
20
17
11
10
3
1
1
3
2
5
6
18
24
23
22
20
17
12
6
2
1
16383
5
7
10
14
19
24
24
19
16
10
8
16381
0
16383
16382
7
13
13
18
21
22
20
14
14
5
4
16382
16381
2
4
9
11
21
19
19
19
18
13
10
0
0
1
16380
4
7
13
18
22
23
20
18
17
7
5
2
0
16382
1
12
12
17
21
25
19
20
12
10
6
1
0
16383
16383
6
12
18
23
23
26
21
12
7
5
16383
16381
1
4
5
10
17
23
24
22
18
14
10
3
1
0
3
0
2
11
14
18
21
22
21
17
12
5
2
0
1
16383
9
12
19
26
20
23
21
15
16
7
1
16383
16383
16383
5
5
14
17
19
22
19
17
10
9
4
16383
16381
0
3
6
11
19
21
23
23
20
13
6
6
0
0
16383
3
6
11
16
20
23
23
20
16
10
5
3
1
16383
4
8
11
15
22
20
21
19
20
13
7
4
16382
16382
4
7
10
13
18
23
21
22
16
12
8
3
1
16382
16382
2
6
11
19
23
22
23
19
10
6
1
0
16379
16379
2
6
10
18
20
23
22
18
13
7
4
0
16381
0
16383
4
14
13
23
22
22
21
12
13
5
0
16383
16382
2
6
11
17
19
22
20
23
15
10
3
1
1
2
2
9
10
13
20
22
24
21
11
11
6
2
16381
16381
2
1
10
13
18
21
21
21
19
14
6
4
16382
16383
16383
6
7
14
18
22
20
21
14
15
11
5
1
16381
2
0
5
12
17
20
23
23
20
14
11
4
0
16382
16381
4
6
12
18
17
23
25
21
15
12
4
1
16383
16381
2
6
8
18
21
26
22
17
14
10
4
3
16383
16383
16383
4
11
12
19
22
23
22
19
11
6
1
16382
0
16383
5
10
12
20
22
22
21
20
12
8
5
16383
16383
0
2
9
14
19
22
24
19
15
17
9
3
16378
16383
16383
2
5
13
19
21
19
19
21
15
12
6
16382
16382
16383
16383
7
11
17
22
24
22
18
13
9
3
16383
16382
16379
4
3
9
17
21
23
25
21
17
10
8
3
1
16382
3
8
8
17
21
21
20
20
19
13
5
6
16382
0
0
6
10
13
20
21
26
20
15
12
9
5
0
16383
1
3
7
12
18
21
25
19
15
17
12
3
2
16382
16383
1
8
12
18
22
21
23
16
15
7
2
3
2
16383
3
8
8
16
21
25
22
18
15
10
7
3
1
16382
16383
5
10
18
22
23
22
18
17
12
6
0
2
16381
0
4
10
14
17
23
17
18
18
12
5
2
16382
2
16383
4
8
12
18
20
23
20
16
13
8
1
2
16382
1
3
10
14
19
17
25
21
19
12
8
2
0
16383
0
16383
9
13
16
22
24
24
15
14
10
3
1
16379
16381
0
6
11
17
19
24
22
18
19
8
6
0
16383
0
2
2
6
12
19
21
19
18
15
10
5
0
0
16382
16381
3
8
14
20
25
23
17
15
13
8
2
0
16381
2
5
8
15
18
23
20
22
18
11
9
5
0
0
16383
16380
6
14
19
21
22
18
18
13
10
3
1
16381
2
2
4
13
16
17
21
24
19
14
6
7
0
0
16382
16382
5
8
16
23
22
25
18
16
11
9
2
