20
6
6
6
0
1
1
1
6
5
11
15
21
20
22
20
20
17
14
6
4
16383
0
16379
16382
1
4
10
18
20
20
22
23
23
17
16
11
7
1
16381
16381
3
3
10
9
15
18
18
22
23
19
16
13
10
5
5
0
0
16383
16383
5
10
15
18
19
22
19
22
18
14
15
10
6
16382
16383
0
1
4
7
10
18
22
23
22
19
19
15
9
9
7
1
3
16382
16383
16383
4
10
15
20
23
22
22
21
18
17
6
5
4
2
3
16382
1
3
9
13
17
18
23
22
22
18
14
10
9
3
16383
16380
16382
1
1
9
10
18
17
21
19
22
17
12
10
6
3
1
16383
16381
2
4
6
8
17
21
18
22
21
21
16
11
10
1
2
16383
0
16383
3
5
6
15
16
21
19
22
19
16
15
12
6
3
4
0
16382
0
6
6
13
17
20
19
22
21
19
13
8
7
3
16382
16381
16381
16383
6
12
9
15
17
21
20
22
20
19
13
10
5
2
16381
1
16382
16383
5
10
16
17
22
24
23
21
19
17
9
4
6
3
0
16381
0
4
9
13
15
21
22
23
22
18
15
11
8
7
5
16382
16383
16383
4
7
11
15
17
22
22
21
20
16
14
8
5
1
16382
16383
16383
3
5
10
14
16
17
21
18
17
16
15
13
5
1
0
16382
16380
1
3
10
9
14
17
22
20
19
18
13
14
6
4
16382
16383
0
16383
4
5
11
17
18
20
22
19
20
21
14
10
3
5
3
16383
0
6
9
9
15
19
19
23
20
21
17
13
10
6
0
16382
1
16381
2
6
8
15
15
19
22
23
20
18
14
11
3
4
16382
0
16382
1
3
6
10
15
20
24
20
21
17
14
16
11
3
0
16382
16382
16381
2
7
10
15
17
19
22
24
17
18
15
10
4
0
16380
16381
16380
16382
4
7
12
15
18
22
21
19
20
16
9
3
4
1
16381
16382
16383
3
10
11
16
17
22
23
22
20
14
11
11
6
3
16383
16382
1
0
6
9
17
17
18
21
26
19
18
13
8
2
0
16383
1
1
0
2
7
12
18
18
19
23
18
18
16
12
7
4
16382
16381
16381
16383
4
7
12
14
18
24
20
23
19
15
14
9
3
16379
16381
16381
16383
2
9
12
13
19
19
25
21
17
16
13
8
8
1
16379
16383
1
16383
5
10
13
16
19
22
20
21
19
16
10
4
2
16382
16383
16383
3
5
6
9
17
19
23
18
21
19
15
9
8
2
2
16380
16382
1
7
8
11
17
18
23
23
21
21
18
12
8
2
1
2
16383
0
16383
5
13
16
14
21
25
20
22
20
15
8
7
1
1
16379
16383
16380
6
6
11
14
22
24
23
23
20
19
13
8
2
0
16382
2
2
3
5
12
11
20
23
23
24
17
19
12
7
2
3
16382
3
1
2
8
12
13
18
19
27
22
23
20
13
9
3
1
16381
16383
0
1
5
9
16
17
18
19
22
23
19
14
11
8
3
16383
16381
2
0
6
7
9
13
19
25
20
22
22
15
15
8
5
2
1
1
1
3
8
9
15
16
22
23
22
20
18
13
8
4
16383
16381
16383
16383
1
4
8
11
17
17
22
22
21
22
14
9
7
6
16381
16382
16383
3
16382
6
11
15
19
22
24
22
17
16
9
5
3
3
16382
16383
16383
8
6
8
15
18
19
20
26
21
17
15
9
4
1
16382
16382
16379
3
6
8
15
22
21
20
24
15
14
13
18
8
9
8
1
3
2
16382
8
14
17
19
20
26
19
17
14
11
7
16383
4
16382
16383
16382
6
6
11
16
21
21
22
21
19
16
10
8
16383
5
16382
16382
16383
2
5
7
17
15
21
21
23
19
16
11
9
5
0
16383
16382
16382
2
6
8
13
18
20
24
23
20
20
13
9
5
2
0
16383
16383
3
0
11
9
16
22
20
20
19
18
12
13
8
5
2
0
16381
1
5
10
9
15
17
18
21
26
22
19
14
8
6
16382
16382
16383
16382
4
6
12
11
19
20
25
17
22
16
14
9
4
1
16383
16382
0
2
3
9
13
17
22
19
25
22
18
13
13
7
0
16381
16383
1
16381
6
5
11
14
18
23
22
24
21
16
13
8
4
1
16381
16381
16378
2
7
7
14
16
17
29
22
18
16
13
8
7
0
16383
2
0
3
3
10
13
18
20
21
23
18
19
17
11
10
6
0
16383
16380
16383
3
8
8
15
19
23
24
22
17
16
12
11
5
1
16383
16381
16380
4
7
10
12
20
22
23
21
22
21
13
12
6
2
16383
0
0
16382
3
12
15
18
22
21
21
21
19
17
7
9
1
1
16383
0
16383
3
6
15
16
18
23
22
20
21
14
10
10
1
2
16382
16380
16381
4
4
8
12
20
18
24
20
20
18
11
8
1
5
2
16382
1
2
6
9
14
15
21
22
21
21
18
17
13
16381
