99
11
9
5
1
1
1
1
16382
1
3
5
9
14
21
20
21
24
23
22
18
16
13
8
7
4
2
3
16383
16383
16382
3
5
8
11
11
17
17
17
21
20
21
18
13
12
8
6
5
1
16382
1
16383
1
3
7
14
12
18
20
19
22
21
19
21
14
14
7
3
2
4
16382
16382
16383
2
1
7
11
14
16
18
20
25
23
23
20
17
15
12
9
3
0
1
16380
1
1
1
3
8
9
11
16
17
20
22
21
22
18
18
14
12
6
6
1
16383
16380
16381
2
1
4
8
7
11
18
18
19
19
21
17
16
16
13
8
9
2
1
0
16383
16383
16382
5
6
9
10
18
19
16
19
22
22
17
14
15
10
6
3
0
2
16382
1
3
2
6
11
9
15
20
19
20
23
21
18
15
12
10
9
8
5
16383
16380
16383
2
2
3
3
9
16
16
16
20
20
24
18
22
16
13
7
8
3
2
1
16383
16382
16383
3
6
10
10
15
17
19
19
26
21
22
19
16
8
4
6
3
16383
16382
1
16382
2
3
6
11
11
17
21
19
21
21
21
19
18
15
10
6
5
1
16383
16381
16379
16383
5
4
9
13
13
21
20
17
20
22
20
18
13
12
8
3
4
16382
16381
16382
16383
2
2
9
10
11
14
18
24
19
19
19
19
14
13
7
5
5
16383
16383
3
0
1
0
6
11
14
15
17
17
21
20
20
22
21
11
11
5
4
1
16383
1
1
16382
1
3
5
9
14
16
20
23
21
22
20
20
17
14
6
4
0
16381
16381
16380
16379
2
3
5
8
11
17
21
23
21
22
20
18
17
12
10
10
5
6
2
16383
16382
0
16383
1
6
10
13
18
19
21
20
18
18
18
16
14
11
8
2
16383
16382
16383
0
1
2
6
8
15
17
18
22
23
22
19
17
17
15
10
8
5
1
1
16382
16383
16381
16382
2
9
11
11
16
21
20
19
19
19
15
15
11
6
9
1
2
16383
16380
0
1
3
6
9
14
17
15
18
19
21
23
22
18
16
12
7
3
16383
3
16383
16381
0
3
4
7
8
17
18
20
24
22
23
20
17
19
11
10
8
3
16383
0
16382
16383
3
2
6
12
15
17
20
21
19
22
21
20
17
16
14
6
5
3
16383
16383
16383
16382
2
7
6
10
12
16
19
25
21
22
23
15
15
9
11
9
3
16382
16383
16383
16383
16380
1
0
11
15
13
16
20
17
24
21
21
14
14
12
9
6
16383
1
16379
16383
16383
1
2
10
9
13
14
21
21
22
21
20
18
15
14
8
5
1
0
16382
16382
16382
1
3
6
10
11
15
14
22
21
25
19
18
15
13
11
9
3
1
16381
16383
16381
0
1
4
8
11
13
19
18
21
22
22
19
15
15
14
9
7
3
1
16382
16380
16383
0
3
6
8
10
13
16
21
22
26
19
18
16
13
9
11
3
0
16379
16381
1
16379
2
4
8
9
15
15
17
23
23
24
22
18
18
13
10
8
2
3
0
1
2
16383
4
3
9
12
13
17
23
21
22
18
20
17
14
9
5
4
0
0
1
16379
2
0
5
7
9
11
13
19
21
20
19
23
21
16
16
8
6
4
16383
16382
16383
16383
16383
16383
7
8
9
12
14
22
23
21
23
21
18
14
13
8
2
0
16383
16382
16382
16382
4
4
9
10
11
15
19
18
20
18
20
21
18
14
9
6
3
4
1
16383
16382
1
3
6
5
13
15
18
21
19
23
23
22
21
18
8
8
6
1
16382
16382
16383
16381
1
2
10
12
14
12
17
21
22
17
24
23
18
16
13
10
4
1
16382
16380
16382
16381
4
2
10
13
12
17
19
20
20
21
24
14
14
14
9
5
3
1
16383
16382
16382
16382
4
6
5
12
16
20
20
22
22
24
19
17
16
11
8
4
3
16380
16381
16382
16381
0
4
12
12
15
16
21
20
22
21
21
18
13
14
11
4
4
0
16382
2
1
16382
5
8
10
13
18
18
23
23
18
22
20
18
11
7
11
4
5
16383
16383
16380
16383
2
6
7
13
13
17
22
20
20
21
21
19
14
9
8
6
2
0
0
16379
16383
1
3
6
9
14
16
19
20
19
20
23
19
18
17
10
7
2
2
1
16382
16376
16381
0
6
7
8
15
17
18
22
20
21
21
20
13
13
9
4
2
16382
16383
16378
1
1
3
3
9
12
13
18
23
19
23
17
16
16
14
9
6
3
1
16383
16380
16383
16381
16382
5
6
10
15
14
20
22
25
20
22
22
16
10
9
5
10
16383
16382
16383
1
4
2
6
10
11
15
20
20
22
21
23
20
13
13
10
10
4
2
0
16381
16382
4
2
6
5
10
12
16
21
19
23
22
20
18
14
11
8
5
16381
16383
16381
16383
1
1
2
8
8
12
14
16
21
21
22
17
21
14
14
10
5
6
4
1
16380
16383
0
2
6
10
11
