63
16
23
23
23
16382
16382
16382
16379
1
4
14
23
25
19
13
3
0
16378
16380
5
12
19
22
23
17
6
2
16381
16382
1
9
20
26
24
20
13
2
16380
16377
1
8
14
21
25
21
15
7
1
16377
16379
2
9
18
23
25
20
13
7
16383
16381
16383
6
13
20
25
21
13
4
16381
16382
16383
7
11
18
22
24
16
12
4
16382
16380
0
6
17
21
20
22
18
4
16383
16378
16381
2
10
20
22
23
19
8
3
16381
16380
16383
6
18
25
25
23
12
5
16382
16377
2
4
13
21
25
21
17
8
5
16379
16379
4
12
17
23
23
21
11
2
16381
16378
16383
6
16
22
23
25
19
8
0
16381
16381
2
14
18
20
22
20
12
4
0
16381
2
8
17
24
23
23
10
5
16382
16380
0
2
10
17
26
24
14
9
5
16383
16379
3
9
18
22
19
21
14
6
16380
16383
16380
6
13
20
24
23
16
10
2
16383
16383
4
6
17
22
20
19
14
7
16379
16382
2
8
17
19
26
22
16
7
1
16382
16383
1
10
20
24
25
20
11
4
16382
16383
0
8
17
24
21
21
16
4
16382
16382
1
0
10
17
21
20
18
7
3
16378
16380
2
9
17
23
25
21
10
4
2
16382
0
6
16
19
18
20
18
8
16383
16379
16383
16383
10
22
24
24
18
12
5
16379
16383
16382
5
18
20
27
19
14
11
1
16382
1
3
12
22
25
23
18
13
6
16380
16382
1
8
19
21
29
19
15
8
16381
16378
16382
6
13
19
24
24
20
12
6
16378
16381
2
10
17
25
21
21
13
5
16381
16379
16381
5
18
18
24
22
15
7
0
16381
16382
1
11
17
23
24
18
14
5
16382
16381
2
10
15
23
23
23
13
6
16381
16378
16379
5
13
19
23
25
19
10
3
16382
16375
16382
9
17
20
25
18
13
9
0
16382
16383
4
10
23
24
24
14
10
1
16382
16379
2
11
18
24
22
19
14
8
16382
16379
1
2
12
16
21
23
16
8
2
16383
16383
4
10
15
24
22
21
10
1
16381
16381
1
10
21
23
22
22
16
9
0
16379
16381
3
13
17
26
22
20
9
2
16382
16379
2
6
18
22
24
22
16
7
16379
1
16383
1
10
23
23
24
18
9
5
16381
16379
4
9
18
22
25
19
11
4
16380
16380
1
8
15
18
23
23
14
7
0
16381
16382
1
8
18
24
26
20
12
0
16382
16378
1
6
13
25
25
21
11
6
1
16380
16379
4
13
16
24
22
19
14
0
16381
1
1
6
17
24
23
22
13
6
16382
16379
16381
4
13
19
25
22
18
7
3
16381
16381
1
10
17
25
25
17
11
1
16382
16380
16383
5
15
24
27
19
15
7
4
16378
1
4
11
20
25
22
19
13
4
16379
16378
16381
6
16
19
23
24
17
5
2
16377
16382
7
9
17
26
26
18
8
2
16382
16379
3
7
15
17
26
21
12
9
16380
16378
16382
4
15
19
27
23
14
10
3
16383
16383
1
11
15
19
19
20
10
4
16381
16381
3
7
13
22
24
21
19
4
0
16381
1
3
10
19
24
25
15
11
2
16379
16382
16383
7
13
25
23
20
16
5
1
16380
16381
3
12
17
23
23
18
11
2
16381
16377
0
5
17
20
24
19
18
7
16381
16381
16382
5
14
21
24
20
14
7
16382
16377
16381
2
10
14
22
21
20
12
4
16383
16381
16382
4
15
24
27
22
15
8
1
16379
16381
4
8
15
23
25
19
10
4
3
16379
2
7
17
19
24
21
11
8
16380
16383
16381
4
12
20
22
22
17
8
1
16379
16376
3
8
14
20
27
23
14
6
16381
16382
16382
7
12
21
22
20
17
10
2
16383
16381
1
9
20
25
25
18
12
5
16383
16383
16381
4
11
20
25
22
18
7
16382
16383
16380
2
11
17
22
26
18
10
1
16381
16380
2
7
17
20
21
20
13
6
1
16381
16379
7
11
16
21
25
13
9
2
16379
16383
16383
9
19
21
26
18
9
8
16383
16379
0
5
14
21
26
21
16
11
5
16381
16382
3
10
18
28
25
22
13
6
16381
16377
16382
8
18
19
22
21
13
6
2
16380
16383
5
13
19
20
20
18
10
2
16382
16383
16382
4
17
21
30
22
15
8
1
16381
0
2
13
18
19
25
22
10
4
16379
16382
4
9
19
23
20
19
16
6
16383
16381
16381
3
13
20
29
20
18
9
2
0
16379
2
11
18
22
24
19
7
2
16382
16381
4
9
15
21
24
25
13
2
16383
16380
16381
2
14
21
27
25
21
11
0
0
16382
2
7
14
20
27
25
14
7
0
16380
16383
5
17
20
25
23
20
8
2
0
16382
2
9
15
24
24
21
16
9
2
16379
16382
5
14
18
23
22
12
8
3
16378
16379
4
8
20
26
24
17
13
0
1
16378
16382
11
15
20
28
22
15
11
16382
16381
16381
4
9
18
22
21
17
9
1
16382
16380
0
10
20
24
26
19
15
7
1
16382
16382
4
12
25
