14
10
13
13
15
14
14
14
15
15
13
16
17
14
15
19
17
16
15
15
13
14
17
14
14
17
16
13
11
12
12
11
9
11
9
7
8
8
5
4
6
8
6
4
3
3
8
3
7
4
5
4
3
9
4
5
9
10
10
13
13
11
12
14
17
16
14
15
14
17
13
14
17
16
19
15
18
13
19
14
19
14
11
14
13
11
9
11
9
10
11
7
8
8
7
6
10
8
6
5
4
6
6
5
2
6
4
3
6
2
10
7
6
11
10
8
9
10
10
9
11
14
14
14
13
13
17
14
19
18
16
15
22
21
16
16
15
17
13
12
11
15
15
9
8
10
7
10
9
10
10
6
7
8
7
4
3
5
2
4
6
4
7
6
6
7
6
9
9
9
5
5
11
9
11
9
12
14
15
10
11
14
17
16
17
14
19
19
13
17
16
16
17
16
14
15
16
14
14
12
15
9
11
13
8
7
9
5
6
4
7
6
5
6
6
8
6
4
7
2
7
4
3
5
2
7
8
7
8
9
10
10
12
11
11
11
14
15
14
16
15
17
17
17
18
15
15
16
14
18
16
15
17
17
13
8
13
10
10
16
11
8
8
7
7
7
5
1
1
4
3
4
0
2
6
1
4
6
6
4
2
8
5
8
7
11
9
7
7
11
11
15
15
11
13
13
13
15
19
16
17
16
15
15
17
16
14
13
18
14
13
15
17
16
17
13
12
8
7
6
12
7
8
8
8
5
5
3
5
1
3
6
2
3
6
5
5
6
4
10
9
7
7
8
9
13
9
13
11
18
11
16
16
14
15
18
13
18
16
18
18
19
18
15
17
17
18
13
16
13
13
7
8
8
9
11
9
6
9
9
6
9
5
6
5
1
4
3
2
1
5
4
7
4
5
7
8
9
9
9
12
11
10
13
11
14
12
13
16
11
13
16
18
17
16
18
14
19
15
21
19
14
17
15
14
18
18
11
14
15
14
10
13
14
8
7
8
6
3
7
4
4
3
5
7
4
3
4
5
2
6
4
9
4
5
4
9
10
8
14
8
10
14
14
13
17
13
14
16
16
16
18
14
20
12
13
18
14
17
13
18
13
13
11
14
13
13
10
13
8
12
12
7
6
5
5
3
3
2
5
5
1
1
4
6
8
6
6
6
6
6
4
5
8
15
9
11
11
13
10
11
14
15
14
14
16
17
14
18
20
14
14
16
19
15
17
15
18
13
14
15
13
13
13
11
9
9
8
9
9
8
9
8
6
4
3
4
7
4
5
5
1
5
2
7
3
7
6
7
6
9
5
7
12
14
9
13
15
14
11
13
11
16
16
16
15
20
19
15
17
15
17
18
15
16
15
13
16
12
12
9
9
9
8
8
6
8
7
4
5
4
5
8
8
5
4
4
2
1
3
3
3
16383
5
5
8
7
7
7
5
9
9
8
9
12
12
13
11
16
17
18
14
20
16
15
17
17
17
18
14
19
13
14
16
11
13
14
9
14
12
11
13
8
6
7
10
8
4
6
7
6
5
3
4
2
16383
4
4
7
4
6
5
7
5
11
6
9
13
11
13
9
11
11
8
14
14
16
13
15
16
18
14
16
21
13
16
17
16
13
14
13
17
14
13
13
12
10
9
10
9
11
7
8
6
6
3
4
3
7
4
7
3
9
9
4
4
2
4
6
6
11
7
7
7
10
13
6
11
10
12
14
17
13
14
20
18
13
15
16
17
19
18
18
16
14
16
17
15
15
14
15
11
11
14
12
9
5
8
6
10
7
6
8
7
6
4
4
3
2
5
6
5
6
2
5
4
7
8
6
6
9
9
8
13
10
12
9
11
14
17
12
15
11
16
17
16
18
17
16
18
14
12
13
14
15
17
15
14
13
12
13
10
10
10
12
8
8
9
5
5
6
7
1
2
5
6
5
5
3
6
4
5
6
5
9
10
9
7
12
8
9
13
10
10
14
13
11
15
14
14
15
18
14
16
15
15
16
16
15
15
13
16
16
15
15
15
14
7
11
8
9
7
6
8
5
8
4
6
7
2
4
2
5
5
5
2
7
5
6
4
6
3
4
7
5
10
9
10
9
14
11
13
14
15
12
14
15
17
14
15
15
12
17
17
16
15
17
13
15
12
11
15
15
11
9
12
11
8
7
10
7
7
7
5
6
5
9
6
1
6
2
4
6
5
7
6
5
7
6
7
4
9
7
10
9
11
9
13
13
12
17
12
17
17
13
13
20
16
15
17
17
15
19
18
14
13
17
12
13
12
13
14
11
8
9
11
9
7
7
7
8
5
8
4
5
5
4
3
5
2
3
5
6
9
