64
16382
2
12
23
14
14
14
3
16382
16378
16383
12
21
27
22
13
4
16378
16380
16380
9
19
26
20
14
7
16379
16377
16382
4
15
24
25
18
10
16383
16376
16378
4
16
25
28
22
14
1
16378
16379
2
10
20
27
22
16
4
16381
16378
1
8
19
25
24
14
6
16383
16376
16381
8
18
22
23
18
8
16383
16378
16380
4
15
21
28
21
9
3
16378
16380
8
15
20
28
26
13
6
16379
16377
16383
8
20
26
26
14
3
16378
16378
16382
6
19
25
20
18
9
16383
16379
16381
4
21
25
22
20
8
0
16382
16378
3
14
24
26
22
9
16383
1
0
5
13
20
24
23
12
5
16382
16379
4
9
21
26
27
16
8
16383
16376
16382
9
17
25
25
18
7
16382
16380
16379
6
14
22
24
19
10
0
16379
16383
8
15
25
26
26
11
3
16381
16376
3
12
20
26
24
17
2
16381
16377
16383
10
24
24
25
18
6
16377
16378
16380
6
17
26
23
19
9
16382
16380
16383
5
14
21
26
22
13
16382
16380
16379
2
11
24
29
26
15
3
16380
16379
1
10
19
22
22
16
6
16380
16379
16381
8
23
25
23
17
7
16383
16377
16382
4
18
21
26
19
12
2
16379
16379
6
18
22
27
22
10
5
16375
16381
4
12
21
26
21
12
5
16381
16379
4
11
17
25
26
19
5
16381
16378
16382
7
20
25
24
20
9
16382
16379
16381
7
17
27
28
21
10
16381
16381
16381
4
11
24
26
24
12
0
16379
16378
7
9
23
26
20
14
2
16381
16378
16379
8
16
25
23
21
5
16381
16379
1
9
17
24
24
16
8
16382
16377
16379
6
17
23
26
22
10
16383
16381
16380
2
13
20
26
20
12
6
16378
16374
0
10
23
25
23
17
3
16381
16378
16383
10
15
22
25
18
6
16381
16377
16381
6
19
25
22
23
13
2
16382
16380
4
14
24
27
24
13
3
16381
16381
5
10
22
24
24
14
8
16382
16378
16383
10
20
26
26
16
5
16382
16380
16381
7
20
25
22
16
9
1
16380
16380
3
18
24
25
22
9
2
16381
16383
3
16
21
23
23
12
4
2
16379
5
11
25
25
21
15
2
16381
16379
16380
10
17
23
27
15
7
1
16378
16383
7
18
26
21
18
10
2
16378
16379
6
16
23
27
20
9
16383
16378
16379
4
11
18
26
21
15
4
16379
16381
16383
11
22
26
25
17
8
16381
16379
16381
11
18
26
25
20
9
16382
16379
1
5
17
25
23
19
10
0
16378
16383
3
16
23
23
20
14
1
16379
16381
3
11
21
27
23
16
7
16379
16379
16382
10
19
22
29
18
10
1
16379
16382
8
18
25
26
23
6
16383
16379
16381
5
13
23
27
20
10
16383
16377
16379
1
13
24
25
23
18
16383
16377
16377
3
9
19
25
26
19
7
16383
16380
16383
8
21
27
25
16
9
16381
16380
16378
6
19
27
25
23
9
2
16380
16379
4
17
24
26
23
11
1
16376
16381
3
15
22
27
26
11
5
16379
16375
16383
7
19
24
25
18
7
0
16379
16380
9
20
23
22
15
8
0
16380
16383
8
20
23
26
22
10
2
16377
16378
6
15
24
27
23
11
3
16378
16377
2
9
22
25
22
17
5
16380
16377
16381
9
19
24
23
21
11
16379
16378
16382
10
16
25
22
18
5
16381
16382
16380
4
12
25
25
19
9
2
16379
16378
1
12
25
26
24
12
0
16380
16379
16381
11
23
27
24
15
1
16381
16379
16383
9
19
25
20
17
5
16381
16375
16382
8
17
25
25
21
15
1
16376
16381
6
15
25
24
21
12
4
16379
16379
4
13
22
25
23
13
4
16381
16381
2
13
19
26
25
21
3
16380
16377
4
8
21
25
25
18
7
16382
16378
16382
4
13
23
28
20
10
1
16375
16381
1
13
21
27
20
15
1
16377
16379
16383
11
20
22
21
17
5
16378
16378
16381
8
20
22
23
17
4
16381
16378
16383
5
18
24
26
20
13
16383
16377
16381
5
15
21
27
21
12
0
16380
16377
1
12
20
24
20
13
4
16376
16379
0
11
18
25
24
16
7
16382
16379
16381
4
20
27
26
14
9
16383
16377
16381
2
17
23
25
19
10
4
16376
16378
3
14
21
25
20
15
16382
16380
16378
16382
11
22
25
25
14
4
16379
16379
16383
9
19
26
22
18
7
16383
16379
0
6
23
26
25
17
8
16383
16378
16379
8
17
22
25
19
12
2
16376
16376
5
14
22
26
21
12
4
16382
16379
1
10
21
30
26
14
6
16378
16380
2
7
21
25
23
19
3
16378
16379
16382
8
20
24
25
19
11
0
16378
16383
6
14
25
23
20
12
16383
16378
16382
1
14
22
27
22
13
0
16379
16380
1
12
23
23
27
14
5
16381
16376
16383
7
21
25
24
19
5
16380
16377
16382
8
17
27
25
21
8
2
16379
16379
2
16
22
24
24
8
4
16381
16378
3
10
22
26
24
15
2
16377
16379
1
12
18
22
25
16
7
16379
16379
16379
5
15
27
23
19
6
16382
16377
16378
6
13
26
25
20
10
2
4
