21
10
7
4
16381
4
4
4
8
13
17
21
23
19
14
15
9
3
16380
16381
16383
16383
5
11
16
20
20
21
17
13
8
1
0
16383
0
1
9
10
15
23
23
21
17
14
11
2
2
16381
0
2
5
12
16
22
22
21
16
15
8
6
0
16383
1
16383
4
9
11
14
20
21
21
16
11
4
2
16383
16379
1
3
7
13
18
22
20
18
15
11
7
2
16381
16380
16381
3
4
11
16
18
22
20
19
14
11
5
2
16381
16383
3
7
9
15
20
19
21
21
15
7
4
16382
16379
16382
0
6
10
18
19
19
23
19
15
10
2
16383
1
16383
16383
8
11
16
19
21
24
17
15
10
8
3
16382
16381
0
3
7
14
19
17
20
21
16
15
7
16383
1
16383
1
8
6
14
15
19
19
17
21
16
5
2
3
16383
0
1
3
10
18
19
19
24
16
13
10
4
1
16378
16382
16383
4
10
16
19
22
20
19
13
10
4
1
0
16382
0
3
6
16
17
18
22
19
18
10
6
0
16382
16381
16383
3
9
10
18
22
22
20
15
11
9
1
16381
16381
16383
1
8
10
14
18
22
21
21
9
9
1
0
16382
16382
16381
5
8
16
21
22
24
20
14
12
6
16382
16382
0
1
2
13
13
19
24
22
19
15
9
5
16382
16382
16380
3
5
11
15
18
22
21
19
17
12
6
16383
1
16381
0
3
5
12
16
22
23
22
20
17
10
5
16382
16381
16381
2
3
13
18
21
22
24
17
17
8
6
0
16381
16382
16381
3
11
13
20
21
21
18
13
12
6
16383
16379
16381
2
5
7
14
17
21
19
18
14
11
5
16382
16383
16382
1
1
7
10
18
20
22
24
15
14
7
5
16383
16381
2
3
8
14
17
22
25
20
17
12
10
3
1
16380
16380
0
4
9
13
20
23
25
16
17
9
4
0
16381
0
16383
2
11
11
15
22
24
20
15
11
7
6
1
16380
16382
2
10
11
17
22
22
18
20
10
7
16383
1
16380
1
1
9
13
15
20
21
24
21
10
7
2
0
16380
16383
4
4
12
18
18
20
22
15
20
8
5
0
16378
16381
1
4
8
12
19
21
20
22
17
9
4
2
2
16383
4
4
8
17
18
19
21
22
17
11
6
4
16381
16383
16383
4
11
11
16
22
22
18
17
11
4
16383
1
16380
16382
2
2
14
14
22
22
18
19
14
8
4
1
16381
1
16383
4
13
13
21
24
22
19
13
10
2
0
16381
1
2
3
8
15
16
22
20
20
15
12
5
2
16382
16381
16381
4
8
11
16
20
23
20
21
11
8
3
16380
16383
16383
2
6
15
16
18
26
23
18
10
8
5
16382
1
1
4
6
11
17
21
22
21
15
10
7
4
0
1
0
2
4
9
15
21
21
21
16
18
10
5
1
16379
16380
1
4
8
15
21
22
24
23
16
9
2
1
16377
16382
16381
3
8
12
18
18
21
19
15
10
3
2
1
16381
0
3
7
14
15
19
22
22
22
15
6
0
16382
16380
16383
1
6
10
17
19
22
18
17
15
9
5
16382
16381
16379
2
6
11
15
18
25
22
19
15
9
7
1
1
16381
2
3
8
11
20
21
24
19
17
10
4
3
3
16380
3
3
8
9
20
24
16382
16383
3
16382
6
11
15
19
16382
0
5
12
14
23
18
20
19
15
7
2
0
16381
16382
1
7
11
15
20
21
21
17
14
11
6
16381
16383
16379
1
3
8
14
18
22
22
21
16
10
5
1
0
16382
16382
2
5
15
19
20
21
21
18
10
8
1
16381
16379
16383
5
7
12
16
21
24
22
20
16
12
16383
16383
16376
16382
16382
7
12
19
23
22
23
17
13
8
4
0
16380
16380
0
2
10
15
19
23
21
21
17
5
4
16383
1
16382
0
2
6
13
14
20
21
20
11
14
6
1
16382
16381
16382
0
6
11
15
20
22
18
19
15
5
3
0
16381
16382
1
5
7
16
16
21
18
18
14
11
5
16382
16383
16378
2
6
12
13
19
21
21
22
17
12
1
16382
16383
0
16383
3
9
12
17
22
21
22
14
12
6
1
16379
16381
0
3
9
11
17
17
25
20
21
13
7
2
1
16381
0
4
7
11
18
20
19
21
17
12
7
1
2
16380
16382
0
5
9
14
19
22
23
17
18
10
5
0
16382
16380
4
5
12
15
17
21
24
19
14
12
6
16380
16381
16381
16383
2
8
14
18
21
18
20
19
14
6
16383
16379
16382
1
1
6
9
15
17
24
18
18
11
7
4
2
16382
16379
2
8
11
17
21
18
19
18
12
5
3
16383
16382
16380
0
3
11
17
21
23
21
19
15
12
3
0
16381
16381
1
5
6
14
17
23
23
16
15
10
4
0
2
16381
0
0
6
12
15
25
20
22
17
12
4
16383
1
16382
1
2
4
13
15
24
23
21
14
10
10
2
16383
16382
0
2
5
9
16
17
22
18
11
