51
15
12
10
8
6
6
6
6
5
6
7
4
10
13
14
13
15
13
15
12
12
9
8
9
6
2
5
6
10
10
10
7
14
14
17
12
14
12
11
11
8
9
6
2
4
6
6
6
7
11
14
14
15
13
11
14
12
12
6
11
8
4
6
5
8
6
7
10
11
11
11
11
13
15
17
13
9
6
8
8
9
3
6
5
7
10
7
12
16
14
13
15
14
12
13
10
10
4
8
3
7
4
8
6
5
10
10
10
13
12
16
13
14
10
8
9
5
4
8
3
7
9
11
12
14
14
17
14
14
13
8
13
11
11
1
7
2
7
7
5
10
7
8
7
17
14
14
15
15
11
13
11
10
6
9
5
7
5
10
8
10
14
12
13
14
12
13
12
12
11
11
6
8
9
4
7
4
9
9
10
8
11
16
13
11
14
11
13
9
6
11
6
4
6
9
4
11
8
14
12
13
17
14
12
13
10
9
8
7
8
7
5
9
9
9
12
11
11
14
16
13
14
13
12
11
9
11
5
7
3
7
6
5
7
10
10
11
14
13
13
17
16
12
8
8
5
7
9
3
5
11
8
8
17
11
13
13
16
13
14
13
10
10
8
6
8
6
6
6
13
8
8
13
13
13
15
12
13
10
10
12
8
4
6
6
6
7
5
9
10
11
14
14
14
14
13
16
11
10
10
8
6
4
0
9
7
7
9
10
11
13
13
14
14
15
12
11
9
5
8
8
3
4
3
7
7
14
10
11
14
14
17
14
12
14
10
12
9
7
5
6
8
4
7
9
11
13
12
16
14
16
14
14
9
11
8
8
5
4
8
7
4
11
10
14
16
14
17
15
15
13
11
9
9
6
8
6
10
7
5
9
8
11
8
11
12
14
13
13
16
13
11
8
7
6
8
9
6
11
9
10
11
14
19
16
16
14
15
12
14
6
7
10
5
6
6
9
10
11
8
9
14
17
13
14
17
11
14
14
6
8
7
4
9
5
6
9
11
14
14
16
15
18
14
12
10
8
10
6
8
7
2
7
7
7
11
11
11
16
14
16
16
10
11
9
10
9
5
6
6
6
8
11
10
10
12
14
13
10
16
14
15
8
12
10
6
6
4
10
7
5
8
8
13
15
14
14
11
16
14
12
8
8
8
4
9
9
8
5
7
10
10
12
11
15
13
14
11
13
10
11
6
11
8
5
5
8
6
9
8
13
14
14
11
11
14
15
7
11
10
12
5
5
8
7
8
8
7
10
11
13
13
18
13
15
13
11
8
7
9
8
3
7
4
10
8
10
12
9
17
13
12
13
18
14
9
11
8
8
5
4
8
9
7
10
13
13
13
14
14
13
15
12
9
12
6
11
6
5
8
8
5
7
12
10
10
13
12
12
13
16
14
11
10
7
9
5
6
7
7
11
9
9
14
12
15
16
16
13
10
12
11
11
9
5
6
2
1
7
4
8
13
12
11
15
17
15
14
11
11
8
7
5
6
5
8
5
8
9
9
13
16
15
15
13
14
12
10
12
8
5
6
6
5
3
7
8
10
12
14
14
17
14
14
16
12
11
11
8
7
6
1
7
8
6
6
10
11
11
15
14
11
14
12
14
10
8
9
5
3
7
2
6
6
11
12
14
11
17
17
16
14
10
10
11
8
5
3
6
4
6
9
7
11
14
11
13
15
15
14
13
16
8
8
5
5
6
5
5
7
5
13
11
16
14
9
13
13
15
13
10
8
7
9
10
4
5
2
7
7
8
9
17
16
17
20
17
14
14
10
7
8
2
3
6
5
8
8
8
9
17
11
14
15
14
12
12
14
7
5
9
2
4
2
7
9
6
7
10
13
14
11
10
13
11
11
11
11
6
5
3
7
7
5
8
9
11
16
10
11
14
16
13
14
8
6
6
4
6
5
6
7
9
7
10
10
13
11
15
11
15
11
8
7
6
11
8
3
7
4
8
10
11
7
11
13
16
16
14
12
12
12
9
9
6
4
6
8
5
7
7
6
11
11
14
11
14
11
9
11
11
7
8
6
4
5
6
6
6
10
13
14
13
15
14
13
11
10
10
8
8
8
5
4
2
8
9
7
10
9
10
11
17
19
13
12
14
14
9
6
7
6
6
6
7
7
11
12
10
12
16
13
13
13
9
14
10
8
13
3
5
4
6
9
5
9
13
12
13
12
13
12
12
9
8
9
7
6
4
8
5
7
9
5
9
12
12
15
17
15
12
11
8
10
8
9
5
6
8
5
7
11
10
14
11
12
12
13
14
11
11
11
8
9
5
4
7
7
6
6
9
8
14
15
12
15
14
13
12
10
8
9
7
