18
9
11
12
15
22
22
22
19
18
20
20
21
17
16
15
12
10
9
6
5
2
0
0
0
3
0
2
6
4
6
9
9
9
10
16
16
15
21
19
19
17
18
17
18
14
11
13
8
8
7
5
5
1
0
2
16383
16383
2
0
2
7
6
10
13
14
13
18
17
17
18
19
21
17
18
17
12
13
9
9
5
5
5
4
5
2
16382
16383
4
1
3
7
7
7
14
15
15
15
16
17
17
20
22
22
20
18
16
14
14
7
9
6
4
3
1
1
3
2
16383
16383
2
6
5
11
11
11
13
17
15
17
16
20
20
21
18
17
17
15
13
12
9
5
5
6
0
2
2
2
16381
16382
3
2
6
4
7
7
6
15
17
18
20
19
18
22
21
16
16
19
13
13
12
10
6
10
5
5
16382
3
4
16380
1
2
1
4
8
7
13
13
14
19
17
20
19
19
20
21
22
17
16
16
12
11
10
8
6
3
3
16382
16383
0
1
5
2
3
8
9
8
11
18
15
17
21
20
22
20
19
21
19
14
16
15
13
9
7
9
1
2
2
1
2
2
0
2
6
4
5
10
10
12
12
13
19
18
22
19
19
22
17
18
18
13
14
12
8
8
5
2
5
16382
2
1
2
0
16383
6
6
8
9
11
15
11
17
18
21
20
22
18
22
18
18
16
15
9
14
13
5
5
3
16383
2
16382
1
4
16382
0
6
3
7
13
9
13
18
16
21
19
21
19
18
18
20
14
14
11
13
10
7
6
3
16383
3
1
0
16383
1
1
2
3
6
8
10
13
15
17
19
21
16
20
20
21
20
18
16
16
16
10
7
9
4
5
2
1
4
2
16383
1
16382
4
2
7
9
12
16
12
17
15
21
18
18
21
21
18
18
17
17
13
7
10
7
4
3
3
1
1
3
1
2
2
5
3
6
8
10
12
13
15
18
17
19
18
18
22
18
16
14
15
10
9
7
6
3
1
16383
16383
1
1
3
5
4
5
6
7
10
12
13
16
19
13
20
21
20
18
22
17
15
12
15
7
11
7
3
6
1
1
0
2
16383
2
6
2
6
6
9
15
10
13
15
17
17
19
21
17
20
18
16
15
17
14
10
9
7
5
2
16383
2
0
0
0
1
16383
4
4
6
9
11
13
15
13
16
18
23
18
19
18
20
15
17
13
13
7
8
4
2
0
3
4
16382
1
3
2
6
9
7
8
10
13
13
15
17
19
21
18
18
18
20
18
19
15
10
10
7
8
5
1
2
16383
2
0
1
1
16383
4
5
5
7
10
12
13
19
20
20
20
21
19
16
18
16
14
12
10
11
9
5
5
5
1
1
16383
2
16383
2
2
1
9
8
8
14
14
17
14
18
17
17
17
19
18
20
16
17
14
10
8
11
7
5
16383
5
16382
5
1
2
1
3
4
1
10
13
9
14
15
16
16
23
18
17
22
21
22
16
17
13
10
8
9
8
4
2
4
16383
1
3
2
1
1
4
8
11
11
13
13
20
17
17
16
23
23
19
19
21
15
12
10
11
7
8
4
3
1
0
16380
16383
16383
0
3
3
8
5
6
9
13
14
15
17
20
18
21
22
21
17
16
18
12
10
13
7
8
9
4
16383
4
16383
3
1
16383
16382
4
5
6
9
11
16
14
15
19
19
21
16
20
17
16
18
16
13
10
8
9
5
6
16382
3
1
0
16383
3
1
4
8
4
9
10
11
13
18
17
19
17
20
21
20
21
21
16
15
14
9
8
4
5
2
1
1
16383
2
1
1
1
2
5
9
10
12
10
14
13
17
20
21
19
18
17
17
18
14
11
11
14
7
7
2
2
1
0
2
16382
16382
4
1
3
10
5
7
11
13
14
17
17
18
17
19
20
19
16
20
14
13
10
9
8
3
5
4
0
4
2
1
16381
1
0
4
9
9
9
12
13
16
16
20
19
20
18
19
19
15
17
16
13
9
13
8
5
5
0
5
3
0
16383
3
2
5
9
6
8
10
12
14
16
18
17
18
20
19
21
16
18
17
14
12
9
10
1
6
4
1
1
0
0
16382
6
3
4
4
6
7
8
20
16
15
19
19
20
20
17
17
19
19
15
15
11
10
8
8
0
1
2
16382
4
0
16382
0
1
3
7
8
13
11
14
20
17
19
21
17
22
19
19
19
17
14
12
14
8
6
6
5
2
2
1
16383
2
3
16383
6
6
6
11
6
13
13
16
16
19
18
21
21
22
19
17
12
15
13
10
8
5
5
3
3
0
0
0
0
16383
4
2
6
10
7
11
11
17
13
17
17
24
19
22
17
19
17
18
14
13
7
9
5
5
1
2
1
2
3
1
2
2
5
6
10
9
8
10
14
14
19
19
19
17
21
