98
6
3
8
8
19
19
19
21
19
19
24
22
19
22
15
15
14
10
11
10
8
7
4
2
0
3
1
16383
6
3
7
5
10
11
11
16
19
21
23
22
19
21
18
18
16
17
11
10
8
4
5
1
4
16382
2
16383
16382
1
1
5
7
7
11
13
14
15
15
20
18
23
17
21
22
16
16
13
13
10
9
5
3
2
1
16383
1
0
0
3
6
7
6
10
17
15
16
17
21
19
20
21
22
21
20
17
15
11
10
8
7
4
4
1
1
5
3
3
2
5
5
6
9
8
16
19
18
19
24
17
19
22
14
16
18
14
12
10
9
5
2
0
2
1
16383
16383
2
2
3
5
7
9
10
15
13
18
16
18
23
20
21
21
17
18
15
16
9
9
5
5
3
1
1
0
3
1
16382
3
7
4
5
10
10
13
15
18
24
21
17
18
21
18
16
13
18
16
8
5
6
5
4
2
16383
4
2
16382
4
5
6
7
13
15
13
17
21
18
21
20
20
21
20
19
18
13
9
11
11
7
6
3
4
3
0
3
16383
2
2
5
6
8
13
12
18
14
18
21
20
21
21
21
21
21
16
12
13
10
4
4
1
3
4
3
1
2
4
3
7
4
8
10
13
15
18
14
24
20
21
20
20
19
17
14
10
14
11
9
6
5
5
2
0
1
16383
4
3
5
6
7
11
11
14
18
18
17
22
21
22
19
19
17
18
14
11
9
5
6
1
5
3
1
1
2
16383
2
2
7
8
12
11
15
15
18
21
20
21
22
22
20
18
16
13
11
12
11
4
6
4
2
4
16383
16383
16383
2
6
7
2
8
10
15
13
18
18
21
22
25
23
24
19
19
13
13
11
11
9
5
4
3
3
0
0
16383
0
3
3
7
7
9
12
14
15
18
19
24
22
21
22
21
18
14
15
14
9
8
8
3
3
2
0
2
0
4
2
5
6
10
10
9
13
17
17
20
21
24
19
19
18
20
18
14
14
10
8
4
5
4
1
1
0
1
2
4
3
3
6
9
11
9
14
18
16
20
18
23
21
18
17
18
17
14
10
13
4
6
2
5
0
1
16383
4
1
2
3
5
9
11
10
18
13
17
20
17
20
21
20
19
19
16
14
15
12
8
5
3
6
1
0
2
2
1
2
3
2
10
6
15
11
18
18
20
18
20
21
19
19
19
17
16
13
9
9
6
7
2
1
16383
2
16382
1
0
1
8
13
9
9
13
18
18
18
15
21
20
22
23
19
16
17
13
11
9
6
3
8
2
0
2
3
2
1
3
4
9
8
14
9
12
17
18
20
24
21
21
23
18
17
14
13
14
14
5
7
4
1
2
1
16383
3
1
3
3
7
7
10
15
12
15
22
22
22
17
20
19
17
21
16
15
10
9
7
10
4
2
3
3
1
1
2
16383
3
3
8
6
9
10
16
21
18
19
20
19
21
20
18
18
14
14
11
12
9
2
5
2
2
16382
16380
0
1
0
6
8
10
9
10
13
18
18
17
23
20
17
22
18
14
16
16
10
8
5
3
6
5
2
5
0
16381
2
2
5
5
6
8
10
14
17
17
20
23
22
17
21
19
20
16
13
9
10
5
8
4
2
1
2
16383
2
1
2
2
5
8
9
12
10
16
14
15
20
18
19
20
22
17
18
15
13
11
9
8
8
4
3
1
16382
1
0
4
0
2
8
9
9
15
14
15
17
20
22
18
22
18
20
17
18
14
14
8
5
1
1
16382
1
16383
4
1
1
2
3
6
8
11
9
11
20
17
20
19
20
21
22
20
14
13
17
10
10
7
8
4
6
1
3
1
3
2
2
1
3
7
8
6
15
17
18
19
18
24
21
17
19
18
18
10
13
11
9
8
7
3
3
1
2
16382
2
1
4
5
7
9
13
14
16
17
18
16
22
22
18
19
20
16
18
17
11
9
5
6
2
1
16382
3
16383
0
1
2
6
6
9
10
15
17
17
17
21
23
20
21
19
17
18
17
12
13
10
4
4
7
4
1
0
0
3
5
3
5
6
8
14
9
13
17
18
18
19
22
21
20
19
18
15
14
12
12
5
7
4
2
2
16383
1
3
16383
3
3
7
7
10
12
11
18
16
20
20
16
22
18
22
19
19
16
14
10
5
10
6
3
1
2
1
16381
1
4
2
4
5
9
12
10
12
16
19
20
22
20
19
22
15
22
17
13
11
10
9
8
4
2
1
16383
1
0
16383
3
5
4
5
6
13
16
17
20
20
15
21
18
20
19
18
18
14
14
11
6
7
3
4
4
3
16382
16383
1
2
4
4
6
7
11
13
17
17
17
21
18
16
20
17
18
19
14
12
11
6
6
4
7
4
16383
16383
1
