60
1
16383
16382
16380
6
6
6
11
16
19
19
18
20
18
11
12
9
2
1
16382
16383
2
3
9
8
14
20
17
21
22
19
17
14
10
3
2
1
16382
0
2
5
11
15
20
23
27
20
19
18
11
7
6
4
16382
16383
3
16381
3
11
15
19
22
22
22
17
15
13
9
7
3
2
1
16380
16382
7
6
10
18
22
19
22
22
17
14
12
5
3
16382
16382
16381
16383
2
9
13
19
16
18
24
21
22
17
12
3
0
16382
16382
16383
16383
4
7
11
13
17
21
19
19
19
12
9
7
3
16383
16381
16382
16382
4
5
8
14
17
19
18
22
21
17
12
6
5
2
16380
16381
16383
2
6
12
15
17
19
17
21
13
15
14
8
5
3
2
16383
16381
2
6
10
11
18
17
19
20
21
18
11
9
7
0
0
16382
16381
16383
1
9
13
17
19
23
21
21
18
10
9
4
0
16383
16381
16383
1
5
11
11
14
18
22
23
20
19
15
10
5
1
3
16381
16382
16383
4
6
10
13
21
21
20
22
20
14
11
6
6
16383
16380
3
16382
0
9
10
14
21
18
24
20
20
15
8
10
6
0
16380
16383
16381
2
5
10
13
20
21
20
20
18
16
11
8
8
3
16381
0
0
1
5
7
14
18
18
24
23
20
19
14
7
5
2
16382
16382
0
16382
2
9
11
17
18
20
22
19
23
15
10
6
4
1
16382
16383
16382
1
10
11
18
16
24
23
19
18
14
10
5
4
1
16383
16380
16382
3
9
12
15
20
19
20
17
18
16
12
9
3
1
16383
16381
16381
16383
5
10
13
19
23
21
21
22
11
14
10
6
3
1
16382
16382
4
4
4
11
14
19
18
19
18
19
15
10
4
3
16381
16379
16382
1
4
7
13
17
20
21
23
23
21
10
13
7
1
2
16382
1
16382
2
7
10
12
20
20
24
15
20
17
10
4
4
16379
16383
16382
16383
2
4
11
14
16
22
23
23
18
16
8
10
3
2
16380
16383
0
4
9
10
15
18
25
20
18
18
17
10
8
4
5
16382
1
1
2
6
7
15
15
20
23
19
20
17
14
6
1
3
16383
16382
16381
4
3
11
15
18
19
23
21
21
14
14
10
6
3
1
16382
16382
0
2
4
14
14
19
23
24
20
17
15
10
7
0
2
16377
16383
16382
3
7
11
18
18
23
25
19
20
14
12
5
2
2
16383
16382
16382
3
9
11
17
16
20
23
23
22
18
14
6
4
4
16383
1
16383
4
4
10
12
19
23
25
22
19
19
12
8
4
1
16383
16383
16383
4
7
7
11
20
19
20
22
19
15
19
10
6
2
16382
0
3
16383
2
9
14
20
20
21
17
20
16
17
9
7
16383
0
16381
16383
2
6
9
13
14
21
22
21
23
18
15
10
6
3
1
1
16381
1
16382
6
13
16
17
21
22
20
20
18
11
9
5
3
16381
16382
16382
2
6
5
13
18
21
20
21
23
14
11
9
5
16381
16381
16379
16382
16382
7
11
12
18
17
24
22
22
16
12
9
6
3
1
16380
16383
16383
3
10
11
15
19
19
16
17
19
14
15
4
3
16382
16380
16383
0
4
7
9
17
18
20
26
19
18
18
13
6
2
16381
16380
16382
16383
2
6
6
13
18
21
17
19
21
16
12
6
4
4
16380
16382
16381
3
2
11
13
17
23
24
20
19
14
14
9
5
3
16383
16382
16381
2
4
5
14
18
20
20
27
18
17
16
10
6
1
2
16382
16381
0
2
8
9
18
18
22
18
21
20
15
8
7
2
16381
16383
16381
16383
2
6
13
16
18
19
23
20
19
16
16
7
7
16383
16383
16378
16383
2
5
11
15
17
22
20
23
19
15
11
7
4
0
16382
16383
16380
2
4
9
13
14
20
21
18
19
18
12
8
1
3
0
16383
16383
16383
5
7
12
15
19
25
21
20
19
13
9
5
2
16383
16381
0
0
4
8
12
12
19
19
21
18
17
16
10
6
2
16383
16380
16383
16383
16383
6
10
11
16
18
21
23
17
14
15
8
3
2
0
16380
16380
3
8
10
14
17
20
23
18
19
13
11
8
3
3
16380
16381
16382
5
7
10
11
14
20
20
23
19
12
13
6
5
16383
16382
1
16383
2
6
6
14
16
21
23
18
20
20
13
10
4
3
16383
16379
16381
0
4
7
10
16
20
20
21
19
19
12
10
6
2
0
16381
16381
16381
4
9
9
15
15
23
23
22
20
13
10
8
1
3
16382
16382
16381
3
7
9
17
18
18
23
17
17
18
10
9
4
2
2
16382
1
4
3
9
15
14
21
22
19
17
15
12
6
3
1
0
16381
16383
2
8
8
14
20
21
24
19
20
18
13
6
5
2
1
16381
1
16383
3
10
10
18
18
21
24
20
17
16
12
7
4
16383
16380
16381
2
1
5
10
13
18
23
24
20
17
14
10
8
1
16383
16382
16379
16383
2
3
11
18
