62
16380
3
10
15
23
23
23
17
12
8
16381
16382
16382
5
7
14
21
21
22
12
9
6
2
16382
16381
4
8
17
21
24
21
18
9
4
16383
16381
1
3
8
17
19
25
23
16
10
8
16381
16382
16381
16383
11
16
20
23
25
17
12
2
1
16383
16377
7
10
16
19
21
23
20
10
7
16382
16383
16381
2
7
13
22
25
23
19
11
7
3
16382
16380
0
13
16
22
24
20
19
12
5
16382
16377
16382
1
8
17
21
22
23
18
9
6
1
16381
16382
2
9
14
19
23
23
15
12
6
0
16380
16382
3
11
16
21
27
21
17
15
5
16383
16382
0
3
11
17
19
26
22
15
10
4
1
16383
16382
3
11
17
20
21
22
17
11
5
1
16382
1
3
6
15
21
21
21
17
13
3
16380
16381
16382
3
9
16
22
20
22
17
13
6
16383
16383
0
1
13
14
23
24
23
16
9
6
16382
16381
1
2
11
15
20
22
22
15
14
5
1
16381
0
16383
8
16
17
22
18
17
6
4
2
16380
16382
7
9
14
23
21
23
12
9
5
16381
16383
16379
1
7
16
19
19
22
17
11
4
16380
16380
2
6
9
14
21
24
21
16
7
3
16383
0
16381
2
6
15
18
24
22
16
13
4
16383
16382
1
5
9
15
20
25
20
19
11
2
1
16382
3
1
8
16
20
25
21
18
12
5
2
16383
0
4
8
18
22
23
22
12
15
6
16382
16375
0
0
11
14
19
23
19
17
8
4
16382
16383
16383
3
10
17
21
20
21
16
8
4
16383
16381
16380
2
10
16
24
24
24
16
10
4
16382
16382
16380
4
10
15
22
23
21
14
9
9
16382
16382
16383
3
9
14
20
23
21
16
12
4
0
4
16383
4
7
18
19
27
21
14
16
3
16382
16382
16381
2
11
14
21
21
22
20
11
6
1
16382
16381
4
8
17
21
20
22
12
10
5
5
16380
0
1
9
16
21
23
20
19
10
3
16382
16383
16382
6
10
15
18
21
20
19
10
5
1
16381
16382
2
10
16
20
23
23
15
11
5
16380
16380
16383
9
9
14
22
21
22
18
8
7
0
16379
2
2
10
17
22
25
19
14
10
2
1
16380
1
5
6
15
20
24
25
16
10
4
16381
16382
16382
2
14
15
22
23
21
16
13
4
0
16380
0
2
8
17
20
25
20
20
12
4
16379
16381
16382
2
9
18
20
20
22
17
12
4
0
0
16382
5
13
14
22
20
24
17
10
2
2
16379
16378
1
12
17
18
23
18
16
13
4
1
1
1
4
9
18
22
20
20
16
10
3
16383
16381
16382
6
10
14
23
20
22
17
12
1
16382
16378
0
5
9
13
21
25
21
15
7
6
0
16382
0
16383
13
14
19
25
19
17
8
5
1
16380
16381
4
12
14
24
24
21
15
9
4
1
16382
16383
2
6
13
21
21
20
15
12
3
16382
16381
16382
2
7
16
24
21
22
15
8
4
2
1
16381
2
9
15
22
23
19
14
8
4
0
16381
16381
5
10
16
21
22
19
14
10
2
1
16380
16380
4
7
15
22
19
22
19
10
4
16383
16378
0
3
8
19
21
22
19
15
10
7
1
16383
2
3
11
16
22
23
23
15
12
1
1
16382
16382
2
12
17
22
22
20
16
13
6
16381
16383
16381
3
10
13
22
21
22
17
11
1
16383
16381
16378
16383
9
14
22
25
20
19
12
3
0
16383
16382
2
9
17
21
25
18
15
10
6
16383
16383
16381
4
13
16
19
22
25
14
7
4
2
16380
16380
3
11
17
20
26
21
14
11
6
1
16380
1
3
11
15
23
24
23
18
11
4
0
16382
16383
7
9
15
22
23
18
16
9
5
16381
16381
1
8
10
14
23
26
22
15
12
4
1
0
3
16383
11
17
18
21
19
19
8
6
16382
16382
16381
4
10
16
20
25
23
20
11
6
1
1
0
16383
10
15
20
22
22
20
12
2
16381
0
16382
6
8
16
22
22
23
16
10
6
1
0
1
1
9
22
22
23
23
16
12
4
2
1
1
3
11
16
19
23
22
16
11
5
2
16383
2
3
10
15
21
21
25
16
13
5
16383
16382
16382
5
9
15
21
24
23
16
10
7
16382
16381
1
3
7
17
18
23
19
17
13
5
16381
16380
16380
0
9
15
20
20
22
19
10
2
16382
16381
1
6
7
14
21
22
22
20
11
3
16381
16382
16382
6
9
17
23
21
24
19
14
7
1
16378
0
2
9
12
21
28
21
17
11
6
16383
16381
16383
5
12
17
19
22
23
17
11
6
2
16382
3
4
8
14
22
21
24
18
12
4
1
16380
16381
1
9
16
21
24
21
14
13
9
2
16382
0
1
12
15
18
23
18
15
11
6
16382
1
16383
0
10
14
21
18
21
14
9
4
0
16383
0
3
7
15
20
21
18
20
9
6
16381
16383
3
4
13
17
20
21
23
16
10
2
16383
16380
16379
4
16
