58
19
14
19
21
20
20
20
20
14
15
17
11
11
9
9
5
3
3
3
1
16381
1
2
5
2
8
9
13
13
15
17
18
19
21
22
21
20
19
18
17
14
13
11
11
7
3
1
2
1
1
1
1
16383
5
2
5
6
9
12
12
14
10
18
20
22
22
20
16
18
20
13
11
12
9
7
3
2
1
1
1
3
1
0
2
5
7
7
9
8
16
18
18
18
19
21
19
19
17
19
15
16
15
10
9
4
4
3
4
2
3
2
0
3
16383
2
10
7
9
11
14
15
16
16
20
18
20
23
19
17
14
14
11
14
8
8
6
5
3
1
3
16382
1
4
1
2
3
6
7
9
9
15
15
18
17
22
17
18
21
19
21
12
15
13
12
11
6
5
2
2
2
1
16383
3
16383
5
8
3
12
6
14
13
15
19
17
19
22
21
19
19
21
18
14
10
9
11
6
5
4
2
1
16383
2
16383
2
2
9
5
7
7
11
10
11
18
22
20
21
20
16
20
18
17
14
13
10
12
7
6
2
4
0
2
1
16382
16383
1
1
7
2
9
10
13
17
16
19
20
20
19
20
17
21
21
13
16
13
9
8
5
5
3
0
16381
2
3
2
1
5
3
4
7
8
10
17
15
17
18
20
20
20
20
19
13
13
16
9
13
6
6
3
2
16383
1
16381
16381
4
1
2
5
9
4
10
12
16
18
17
21
19
23
24
20
21
20
17
13
13
11
10
6
6
5
1
0
1
16383
16381
16383
5
5
4
8
13
10
14
13
18
17
20
20
18
24
18
15
18
14
14
15
11
8
5
2
1
2
16383
0
1
2
1
3
7
11
11
11
12
11
17
18
18
18
21
21
16
20
17
14
13
10
9
6
4
5
2
3
0
16382
1
1
4
1
3
8
11
13
11
14
18
17
15
20
18
20
19
17
20
16
12
18
11
8
6
3
1
2
16382
16383
16382
2
16383
2
6
4
7
10
14
14
14
17
16
19
22
20
20
19
17
17
14
13
9
8
6
7
6
16383
1
1
1
16383
8
6
5
5
7
6
11
15
15
16
18
17
18
20
20
21
19
17
17
13
10
7
6
3
3
2
16383
3
1
0
16381
2
5
4
8
10
13
9
12
15
16
19
18
18
19
18
18
18
17
10
12
13
9
5
3
3
1
2
16381
16383
2
5
4
5
6
7
10
12
15
13
18
20
18
18
23
21
20
21
17
14
11
9
9
5
4
4
1
2
16382
16383
16382
5
16383
3
5
6
12
14
12
17
19
17
20
24
19
21
18
17
13
17
18
13
9
4
2
2
5
2
1
0
1
16383
2
4
9
8
11
11
15
19
15
21
16
21
23
19
19
16
19
14
14
14
7
7
5
3
2
16383
0
2
16380
2
3
4
6
8
9
10
13
13
18
16
17
21
16
20
16
20
18
16
14
11
9
7
6
7
6
3
1
1
16381
16383
0
4
2
2
7
10
12
10
15
17
20
21
20
21
22
20
20
17
14
14
9
8
8
11
6
5
3
16383
1
16383
1
1
7
6
8
9
14
11
16
16
15
19
19
21
20
20
21
17
14
11
10
12
13
6
5
4
3
16383
0
16383
1
1
0
5
5
9
12
11
14
17
17
21
20
21
20
23
17
17
15
14
13
9
8
6
7
16382
3
2
2
2
16382
3
3
2
4
9
11
13
14
18
14
16
23
19
20
17
20
15
15
14
14
12
9
5
5
1
16383
16382
3
16382
2
4
2
5
5
9
11
10
10
18
15
22
18
20
21
17
20
18
18
15
14
13
7
11
0
2
4
3
1
2
0
2
2
4
4
7
8
12
15
17
16
18
20
22
20
24
23
18
18
14
16
13
8
7
5
4
3
2
16381
16380
3
16383
4
4
3
5
9
8
14
18
16
20
17
18
20
20
17
20
23
19
16
14
11
7
10
3
5
3
1
1
0
16381
16382
0
2
9
7
11
12
11
17
17
17
22
23
19
18
17
18
15
13
12
10
11
8
9
3
16383
16383
1
16382
2
16383
4
2
5
4
6
11
13
10
13
16
18
22
21
20
18
17
15
18
14
9
9
8
4
16383
6
2
4
16381
0
2
2
4
2
8
8
12
12
16
17
13
21
14
20
21
19
17
16
16
17
13
11
9
8
3
2
4
16383
2
0
1
0
3
2
7
9
9
15
11
15
19
19
19
22
21
21
20
18
17
17
12
13
5
6
6
4
6
16383
1
0
1
1
1
2
5
9
8
6
13
14
19
18
19
17
21
20
17
20
19
11
12
12
9
7
3
3
2
2
3
2
16382
16383
1
4
3
7
8
12
13
14
17
20
22
20
20
21
20
19
16
15
17
16
8
8
5
5
2
4
16380
16383
16383
0
2
4
