26
9
13
18
17
16383
16383
16383
6
10
17
20
15
6
2
4
9
11
15
18
13
6
1
1
10
17
15
15
6
4
3
5
14
16
17
15
7
2
6
10
19
21
17
10
8
2
7
13
16
16
10
5
16380
6
9
14
15
17
11
4
6
9
13
18
17
14
8
2
3
9
18
19
18
9
5
1
8
12
18
18
12
5
2
3
6
14
14
16
10
7
2
4
11
18
18
17
7
1
6
12
15
21
19
9
4
4
4
10
16
18
12
9
2
5
6
14
18
17
12
10
2
7
12
16
18
14
10
4
3
6
10
20
21
14
7
3
8
13
15
17
19
8
4
0
7
14
15
17
9
7
16382
5
9
16
19
18
10
6
4
7
13
18
14
15
10
3
4
10
16
15
16
13
5
3
5
12
18
17
10
8
4
5
8
17
16
17
8
4
4
4
11
15
20
15
7
1
3
8
17
18
18
9
2
2
5
13
15
22
13
9
7
8
7
14
17
16
9
6
3
4
9
18
19
14
9
4
1
9
12
18
19
10
6
5
1
10
17
18
15
6
0
5
6
14
21
16
17
8
1
5
10
18
17
14
8
5
2
9
11
15
19
12
8
1
5
9
15
17
13
9
3
2
6
13
20
18
10
6
4
2
8
16
19
14
9
5
4
7
11
18
16
15
6
5
3
10
17
19
16
9
5
4
6
12
17
19
14
7
5
0
9
17
20
19
12
1
1
6
10
16
19
15
10
16383
5
7
12
20
19
17
7
1
5
8
17
14
12
7
4
2
9
15
15
17
9
9
3
6
8
20
16
14
6
3
3
5
15
18
18
13
5
4
3
9
16
18
17
12
4
4
6
13
17
17
13
8
4
3
10
14
22
17
7
8
2
7
14
20
19
13
7
3
2
11
12
17
19
9
3
3
6
14
15
21
15
4
4
16383
8
18
17
17
10
4
2
4
11
20
16
12
6
4
3
9
15
18
15
13
6
0
6
11
20
20
13
7
3
1
7
17
19
16
13
8
2
2
11
14
20
12
10
2
3
4
13
15
16
11
4
4
6
6
16
19
15
7
2
1
4
14
15
18
14
7
2
5
8
17
18
17
11
3
1
7
13
15
18
13
7
5
4
11
14
20
14
12
5
3
3
11
15
22
11
7
2
3
8
14
18
17
10
6
16383
6
13
16
16
12
7
5
2
9
14
15
12
11
6
1
6
11
20
20
11
5
3
4
6
14
19
19
13
8
2
4
10
18
19
17
9
3
3
8
7
19
14
15
3
3
3
9
18
17
13
6
6
3
7
13
18
15
10
5
3
5
12
17
15
16
10
4
6
5
10
15
19
11
7
2
5
9
18
17
16
9
4
4
8
14
18
16
12
4
3
2
11
13
18
17
10
2
1
6
13
20
18
12
4
1
5
13
14
15
15
9
4
2
7
14
17
18
14
7
5
3
6
14
20
16
10
5
4
6
10
13
17
12
8
4
5
7
12
14
18
11
6
3
4
13
18
19
12
9
6
3
2
13
17
14
12
5
0
4
13
15
16
18
7
2
5
8
16
20
18
8
7
2
7
13
17
18
11
8
5
2
8
15
18
19
13
6
6
6
10
15
19
14
9
2
3
5
13
17
17
13
7
2
16383
10
15
21
15
14
3
3
8
13
16
17
13
8
1
0
9
15
15
16
7
4
4
6
12
18
18
15
6
2
2
12
13
21
18
11
4
1
5
12
17
18
14
6
4
1
7
14
21
16
11
2
3
8
10
15
20
13
8
4
4
9
14
20
15
9
6
3
2
10
16
16
14
11
7
2
8
17
16
19
13
8
16382
3
11
15
20
14
8
5
3
7
13
12
17
9
5
2
16382
10
17
20
16
6
3
4
5
15
19
19
17
9
0
4
7
13
21
18
10
3
4
8
11
20
15
8
5
3
2
9
14
17
18
12
3
1
4
15
16
18
14
6
3
3
11
17
21
13
11
8
1
7
11
16
17
13
7
4
2
11
14
17
17
10
1
5
4
12
18
18
14
8
3
3
10
13
18
17
13
6
2
5
11
16
21
17
7
1
2
10
18
18
14
12
3
16383
6
8
18
18
14
11
5
3
9
12
16
12
12
10
1
2
9
17
18
18
5
1
5
6
12
16
14
13
9
2
4
6
15
19
12
9
2
3
5
13
13
15
13
7
2
6
9
14
17
17
10
1
0
5
12
20
21
14
8
5
3
6
15
18
17
5
3
3
5
13
17
17
14
3
4
16380
9
13
16
14
11
4
3
4
8
17
18
16
6
6
4
9
15
19
18
11
7
1
5
7
18
17
12
8
1
1
6
13
20
16
9
1
