25
4
2
16382
6
23
23
23
19
11
1
16379
1
6
21
22
23
11
5
16382
1
7
14
21
20
18
6
16382
16381
4
13
20
25
16
6
16382
16382
2
9
20
23
18
9
16381
16383
16383
4
17
22
22
13
4
16383
16378
4
15
25
23
13
7
1
16382
1
10
22
25
18
13
16383
16379
2
10
21
21
16
12
3
16377
0
2
19
22
23
17
7
16382
16379
16383
14
24
22
18
9
2
16380
1
12
18
23
16
13
4
16377
16383
11
18
23
23
14
2
16381
16383
4
11
19
21
16
8
16382
16381
1
13
21
22
23
8
1
16380
0
7
20
26
21
12
2
0
16382
8
13
24
24
14
6
16381
16381
1
14
19
24
18
9
1
16381
2
8
21
23
21
8
1
16381
1
6
21
23
22
13
7
16381
16382
6
14
24
21
17
7
16380
16378
4
14
21
23
21
13
0
16379
16382
9
21
20
25
13
4
16381
16382
5
15
21
23
19
7
16382
16377
2
14
21
21
18
10
16382
16379
16383
11
19
20
21
12
4
16381
2
5
12
20
23
18
8
16381
0
5
14
20
22
19
5
16382
16379
0
14
19
21
19
12
2
16378
16381
5
15
24
21
14
4
16382
16382
16383
14
25
25
15
9
2
16378
2
13
21
24
17
8
0
16378
16383
9
20
23
19
14
1
16379
16380
7
17
22
21
12
4
16381
16380
4
13
22
22
19
10
0
16383
16383
11
21
24
18
10
0
0
16382
6
17
21
22
14
4
0
16381
6
16
21
25
15
7
16379
16383
6
9
21
26
18
9
16382
16380
2
13
17
20
23
13
6
16381
16382
6
17
22
20
12
7
0
16382
4
17
22
23
18
8
16381
0
0
8
19
21
17
10
16383
16379
16383
5
19
19
20
13
2
16382
16383
6
15
26
22
18
3
1
16382
2
14
22
23
19
8
16383
16381
0
9
18
21
20
8
4
16381
0
5
17
22
23
15
2
16382
16379
4
13
20
20
15
8
16383
16382
16383
9
21
21
19
7
1
16378
2
8
16
26
17
11
3
16383
16383
6
18
24
24
14
4
16382
16381
6
13
21
26
17
11
16382
16381
2
12
22
22
21
12
4
1
16381
5
14
22
21
17
4
16381
16383
7
13
21
22
16
8
3
0
1
11
25
20
17
7
16381
16378
16379
7
20
22
18
10
1
16378
0
4
13
21
22
18
7
0
16382
4
10
21
21
20
8
16382
16381
16383
11
17
21
17
10
4
16379
16378
6
16
23
25
15
3
16381
16378
8
16
17
22
17
6
16381
16380
2
13
21
21
18
6
0
16376
16383
10
18
22
22
13
3
16381
16382
8
15
22
21
14
5
16379
1
4
14
20
27
17
11
16383
16377
16383
10
19
22
22
13
0
16379
16382
4
15
23
23
12
7
16381
16382
3
12
20
22
19
8
16382
16377
4
12
20
22
22
11
16382
16380
1
4
14
23
25
17
5
0
16383
4
13
21
22
17
5
16381
16382
3
8
21
25
21
12
0
16381
1
10
16
21
19
13
4
16383
16382
6
17
24
23
16
4
16378
16380
6
13
22
23
18
10
0
16379
1
12
18
18
21
12
3
16380
16382
8
17
24
21
13
4
16380
16381
4
16
22
22
18
7
0
16382
1
11
18
23
23
10
0
16383
1
3
18
24
21
14
4
2
16382
8
17
23
22
15
8
2
16382
3
10
18
20
19
9
1
16381
1
12
21
24
21
12
3
16381
16383
6
19
24
23
15
6
2
16380
5
14
22
24
20
7
16382
16380
2
7
20
21
17
12
16383
16379
0
6
18
22
23
10
2
16383
16379
3
16
21
20
14
6
16379
16380
2
12
19
21
16
9
16383
16380
16382
8
21
24
18
14
2
16376
16382
10
17
22
26
15
5
16381
16381
6
11
24
21
18
8
16382
16381
16382
8
20
23
22
10
0
16380
16383
8
13
22
22
9
10
16383
16383
9
14
21
22
18
4
16383
16381
3
14
22
23
18
12
0
16379
3
10
20
23
21
14
2
16380
16383
7
17
24
24
14
1
16382
16383
2
17
22
25
17
5
16382
16381
0
12
23
24
19
11
16382
16379
0
8
19
24
21
13
3
16382
16383
4
14
24
25
14
7
16379
16380
3
13
22
23
19
9
1
16382
16382
9
22
22
23
14
5
16380
1
6
17
25
21
16
6
16382
16382
3
8
26
22
15
10
16382
16377
16383
13
19
22
20
11
1
16382
1
8
19
22
22
16
3
16378
16381
8
13
21
18
14
6
16379
16378
2
13
21
21
19
7
16382
16382
0
10
20
26
20
11
5
16379
16382
6
16
21
25
14
7
16381
16379
5
14
23
22
20
6
16382
16383
2
11
15
25
18
12
16383
16382
1
11
17
23
25
14
2
16380
16381
4
14
25
24
16
9
16383
16379
16383
12
22
23
22
9
16383
16381
2
6
14
22
16
16
2
0
16379
5
14
22
20
15
8
16383
16379
1
10
21
20
18
9
16383
16383
3
11
20
22
21
9
1
16379
3
