12
7
8
7
7
16
16
16
17
14
15
16
16
14
15
10
11
6
9
7
8
6
7
2
6
7
7
11
11
12
14
17
18
15
16
12
13
10
13
9
10
6
5
7
5
4
3
5
7
6
7
10
13
15
13
12
17
18
16
14
11
13
11
11
6
6
6
7
6
5
7
8
2
7
9
12
11
11
15
17
14
17
12
13
15
16
9
8
6
4
6
5
4
5
7
5
10
11
9
9
6
12
16
12
18
13
14
14
14
11
11
7
10
5
2
6
2
2
4
4
4
8
12
13
13
13
14
13
15
17
14
17
15
13
8
9
7
6
5
6
4
5
6
9
3
10
9
10
16
15
17
16
16
14
15
13
14
9
10
8
10
9
4
4
8
7
4
4
9
8
15
13
14
12
14
13
13
15
13
12
12
8
10
8
6
3
5
2
3
5
6
5
10
11
11
12
15
15
11
15
15
16
13
11
8
8
6
8
6
8
5
2
4
7
6
11
11
9
13
11
16
13
17
16
14
13
14
10
10
9
7
8
8
4
5
7
3
10
9
10
13
10
13
12
16
16
17
18
17
16
11
9
8
5
5
6
4
2
4
4
8
4
7
9
11
10
13
13
13
14
15
12
15
13
12
10
10
9
6
6
4
4
7
11
3
9
10
9
10
11
16
13
15
14
13
11
12
14
11
13
9
6
6
5
2
5
4
5
7
7
9
7
12
13
13
14
15
15
12
15
8
14
10
10
10
6
5
4
4
2
7
3
9
10
12
11
14
14
14
13
13
11
15
15
14
11
8
7
6
8
8
0
3
8
8
4
6
9
12
13
13
14
18
16
17
12
17
13
11
11
5
8
8
7
6
4
5
5
5
6
5
9
12
15
13
16
12
13
16
20
15
9
11
12
10
5
5
6
4
4
6
2
5
6
6
9
12
11
13
17
15
11
16
12
14
12
14
11
8
8
9
4
3
4
2
1
2
8
11
11
10
15
14
13
20
15
14
17
13
11
11
11
7
11
9
2
4
5
7
7
10
8
11
11
14
15
12
15
17
16
10
16
12
9
8
11
6
4
6
5
6
6
6
8
8
9
12
11
12
13
16
16
14
16
19
11
13
10
9
8
7
3
4
4
3
7
6
7
10
9
12
12
14
15
13
18
17
17
11
16
15
11
9
8
2
8
4
6
3
6
7
5
6
10
14
11
14
12
12
15
15
16
14
17
11
9
7
7
5
4
5
3
6
9
7
7
6
13
14
13
14
15
17
13
12
14
10
12
12
7
3
8
6
4
6
6
5
8
5
7
7
8
13
13
15
16
14
15
14
13
14
10
12
10
8
6
7
4
7
6
9
7
7
6
7
12
11
12
16
14
14
16
13
15
14
10
10
9
6
2
6
4
6
8
7
6
8
12
13
12
13
14
13
16
13
14
11
10
11
14
13
7
6
4
5
3
5
6
4
6
6
11
12
13
15
13
16
13
14
16
17
13
12
9
10
6
5
10
4
7
9
2
2
7
10
8
12
15
14
11
15
16
14
15
13
9
10
12
5
5
5
3
6
5
8
8
8
6
7
10
11
13
14
14
16
18
17
16
12
16
13
14
6
7
7
6
10
5
8
7
6
8
9
15
13
15
18
17
18
17
13
15
9
12
11
8
8
9
5
5
6
7
7
6
7
14
13
11
10
10
16
15
19
17
12
14
13
11
11
8
6
6
6
4
4
4
9
9
8
13
13
15
14
12
16
15
16
13
11
12
11
11
9
6
4
3
5
7
5
7
6
6
10
10
11
13
14
15
15
14
13
15
14
10
12
8
6
8
4
7
5
6
7
7
6
8
10
13
10
15
13
14
12
13
15
13
14
14
10
11
11
8
4
6
6
7
6
6
7
8
12
11
10
14
13
14
19
17
17
14
13
12
10
9
10
5
5
10
7
7
7
7
8
8
12
14
16
12
15
14
14
16
17
11
11
10
7
7
7
5
6
4
5
7
6
8
9
9
11
11
12
16
15
15
14
14
17
12
13
12
9
9
7
7
7
6
7
5
7
13
6
8
13
12
17
16
12
18
16
13
13
14
11
10
9
5
5
4
5
6
10
6
5
9
10
13
14
6
16
17
14
19
13
13
13
13
10
7
9
7
4
6
5
8
7
7
8
9
11
12
14
12
13
15
15
17
15
17
13
11
10
7
5
11
5
8
10
5
5
6
11
9
10
9
17
13
13
21
15
14
11
13
13
11
10
10
8
7
6
6
6
5
7
10
6
9
12
13
10
14
14
12
13
17
12
16
10
11
11
10
7
9
4
8
4
9
6
7
8
12
12
12
13
15
