17
14
16
11
14
16
16
16
17
21
21
23
18
17
16
17
15
17
17
13
12
12
9
8
8
8
9
5
4
2
2
2
1
2
16383
2
3
1
6
6
7
5
5
7
10
9
10
12
10
12
13
8
15
14
13
17
20
18
18
18
19
20
21
14
17
15
14
15
17
13
14
9
8
7
8
7
4
8
2
5
1
3
5
5
4
1
3
2
3
5
0
1
7
11
12
11
11
11
11
15
14
14
15
15
18
19
17
18
17
20
16
18
18
16
16
14
16
14
12
12
10
9
9
5
5
4
5
4
3
3
3
2
2
4
2
7
5
7
4
0
4
5
10
9
9
9
13
9
13
13
16
16
15
18
20
20
18
15
16
21
22
17
19
15
14
18
15
10
13
10
10
9
9
6
7
4
3
2
4
1
6
5
1
0
2
6
3
2
5
5
6
7
7
12
7
11
11
12
15
14
15
9
14
15
15
18
17
20
16
13
19
17
14
14
15
16
14
15
11
8
11
3
7
10
4
4
6
2
2
1
0
1
0
3
3
1
5
2
5
6
6
5
10
6
10
13
10
11
16
16
17
16
15
17
21
15
18
20
14
18
14
13
15
15
15
14
13
11
8
11
8
7
7
5
7
0
3
2
7
3
3
2
1
4
3
4
2
5
8
5
9
8
10
12
9
14
13
16
17
14
16
18
15
14
17
21
18
19
13
18
15
11
15
16
14
10
11
11
11
9
8
6
5
3
3
4
4
1
1
5
1
2
5
1
0
6
4
4
4
4
3
8
9
12
11
11
13
17
15
21
18
15
19
21
17
18
19
15
15
13
18
15
17
14
10
8
12
9
9
5
4
5
4
1
3
2
4
2
1
1
3
3
1
1
4
7
6
7
3
8
10
10
11
9
15
13
14
15
14
17
18
17
18
20
17
19
20
20
19
14
16
12
13
13
12
9
7
11
6
6
6
4
2
0
3
5
7
16382
1
4
16382
1
3
4
5
4
5
9
7
11
9
9
10
13
12
13
18
15
18
16
20
18
16
17
19
19
18
17
16
17
16
15
18
13
13
9
10
8
8
8
5
6
8
5
4
3
4
16383
3
2
2
4
4
4
4
8
8
9
12
8
9
13
12
13
14
17
14
18
18
19
22
17
16
16
15
16
19
14
16
16
17
14
13
12
6
9
11
9
8
4
4
3
4
16383
4
16382
3
4
1
6
2
5
0
2
5
8
8
9
12
13
7
13
10
14
15
14
18
17
18
17
15
21
18
21
15
16
16
18
14
14
14
11
10
9
11
8
6
7
6
6
2
5
2
1
16382
2
16383
2
1
4
4
4
4
6
5
6
8
8
10
14
12
13
14
15
15
20
19
18
18
17
15
17
19
17
19
16
17
14
14
14
14
14
14
10
10
13
8
8
4
5
2
4
4
3
16383
0
16382
2
2
3
6
5
3
8
9
12
8
10
10
13
12
16
17
16
15
12
14
16
19
18
18
19
16
22
17
18
13
17
17
12
10
12
10
6
9
7
7
4
6
2
6
5
2
2
3
4
16383
2
4
5
6
4
5
7
6
10
13
12
12
11
12
16
16
17
19
17
15
17
20
17
18
21
18
17
18
14
14
14
14
14
11
13
7
8
5
10
8
5
0
4
3
6
5
3
3
0
1
4
2
2
6
4
8
7
11
9
10
10
11
12
17
16
19
22
15
19
19
18
20
20
18
16
18
14
15
14
17
11
14
12
10
8
8
6
4
1
5
9
4
5
4
1
1
16383
16383
4
7
2
6
7
7
7
8
6
13
4
13
15
15
15
17
16
16
20
16
15
19
17
19
19
21
18
14
15
15
12
12
8
11
9
11
5
7
5
5
5
4
5
2
16382
3
7
4
3
0
1
8
2
4
16383
5
6
10
9
8
10
12
14
11
18
14
18
20
19
17
18
18
16
20
17
18
16
13
13
14
9
10
14
13
5
5
10
9
3
5
6
4
5
2
3
16383
2
16383
3
1
2
5
3
5
9
9
9
12
9
13
11
12
14
17
14
17
15
20
20
22
23
19
20
16
17
16
11
13
10
14
11
12
10
8
11
10
4
5
6
5
4
4
1
4
0
5
4
16382
1
8
8
1
6
5
8
8
8
13
10
11
14
14
16
18
21
19
15
20
21
19
21
17
21
17
15
20
13
15
14
12
10
13
10
10
5
5
9
5
4
4
5
2
3
3
1
2
16383
4
5
6
4
3
7
6
11
8
9
12
12
14
14
13
17
15
19
18
20
16
21
16
17
21
17
16
15
18
15
14
11
12
11
7
6
8
8
9
6
4
3
5
0
2
3
1
1
4
5
5
6
