66
4
1
7
13
12
12
12
4
4
4
10
16
16
11
6
3
16383
5
15
18
20
10
5
2
5
11
19
16
14
9
6
2
9
17
20
15
11
8
1
6
11
17
19
15
5
16383
9
6
13
19
17
14
3
1
2
10
18
18
13
10
7
1
6
13
19
17
9
7
7
3
11
11
15
14
7
3
3
9
13
17
16
11
3
2
5
9
13
18
13
7
4
3
10
18
18
17
9
6
1
6
10
17
18
15
4
2
4
8
12
19
15
13
9
2
3
10
15
18
11
8
2
1
10
11
20
14
10
7
2
1
11
16
16
14
8
2
4
7
17
17
19
9
4
3
3
13
17
17
13
6
3
6
6
14
14
13
8
4
3
4
12
15
18
15
8
2
3
7
16
19
14
12
6
16382
3
10
18
18
12
7
4
4
5
15
17
16
10
3
3
5
11
16
13
13
5
1
2
8
14
18
13
7
3
3
4
10
18
14
15
5
16383
3
9
15
15
13
10
6
1
6
13
18
16
13
6
6
2
10
14
18
17
8
0
1
7
11
16
17
13
5
4
2
7
15
17
17
8
6
5
4
10
15
14
16
3
0
3
7
14
17
13
11
2
1
5
12
18
19
11
5
0
2
9
15
18
14
10
0
16383
6
13
18
19
12
5
2
1
7
11
14
15
12
3
1
6
11
17
16
10
5
4
3
5
15
17
14
10
5
4
7
11
16
18
15
6
3
4
11
14
17
14
9
5
16382
5
14
17
18
9
4
16383
2
6
17
20
11
9
2
2
5
12
19
16
11
4
4
2
9
17
16
13
8
3
4
6
13
18
17
11
2
1
5
10
17
20
15
8
6
16383
6
11
18
11
11
5
0
16383
10
17
17
13
11
4
1
6
12
15
15
12
5
0
5
9
12
21
11
8
16383
1
5
11
15
17
14
6
3
3
11
13
17
13
8
4
2
3
11
14
16
10
7
0
3
9
13
17
10
9
4
3
7
15
16
17
12
5
1
4
9
18
14
14
7
6
2
8
13
17
18
10
5
4
9
10
18
18
17
8
2
1
3
15
19
15
12
3
16379
3
14
16
16
15
8
8
4
6
14
17
16
12
6
4
4
8
17
16
14
5
5
3
8
15
16
17
10
4
3
6
9
14
16
15
10
1
2
6
13
16
15
9
2
1
3
8
18
18
11
7
16383
1
8
8
18
17
10
4
16383
5
13
19
20
14
6
5
5
10
11
17
16
10
7
0
8
9
15
18
17
6
4
5
9
14
19
17
12
4
1
6
9
17
18
13
8
4
5
7
13
14
17
9
2
1
7
12
19
17
10
10
2
1
7
16
15
14
8
2
5
4
8
15
17
12
8
2
2
10
12
19
17
8
4
5
6
10
16
17
12
7
0
1
11
12
20
15
11
1
4
7
9
18
13
12
9
2
0
11
14
19
14
9
5
2
7
11
18
17
14
9
1
4
8
17
17
16
8
3
1
3
10
18
17
13
10
0
7
7
17
19
16
10
4
2
4
12
15
17
16
5
3
2
9
14
19
15
11
3
4
3
15
16
18
14
6
4
5
5
14
14
14
11
7
4
4
10
15
16
10
6
4
3
7
15
18
14
11
6
7
8
13
17
13
18
6
3
5
8
15
16
11
6
3
3
6
13
17
17
8
7
2
5
8
14
18
14
14
2
2
4
11
16
17
9
4
1
2
8
14
19
13
10
5
0
4
13
16
18
12
5
1
1
11
15
18
12
5
1
0
8
9
16
15
9
5
6
1
9
18
17
16
10
2
16383
6
15
19
17
13
8
3
1
7
18
17
14
8
4
3
4
12
16
21
13
7
3
3
8
16
18
13
8
6
2
7
12
21
16
14
5
1
4
6
16
18
12
8
5
3
6
15
19
16
10
7
2
4
10
18
19
11
9
4
3
6
14
18
18
13
8
4
2
7
18
20
15
8
2
3
2
13
15
18
6
5
6
1
13
15
18
18
7
1
2
7
12
20
18
11
4
16383
6
7
15
18
15
10
0
1
6
11
17
19
11
5
4
4
10
13
16
9
6
2
3
6
13
17
15
8
7
1
5
9
16
17
13
10
1
2
5
13
18
16
11
5
3
4
10
18
16
15
9
2
3
5
13
20
18
11
3
3
3
11
16
15
9
7
3
2
7
14
17
14
9
7
3
6
13
16
15
15
7
4
3
6
16
17
13
10
2
2
4
9
16
16
9
10
3
1
7
13
17
17
12
4
16383
2
10
15
18
14
7
1
3
6
14
18
15
10
3
1
4
11
20
17
10
8
0
3
9
15
20
20
8
2
1
6
11
16
16
14
6
5
3
7
14
