19
13
9
9
3
2
2
2
16382
4
4
4
7
11
16
17
15
19
18
20
22
20
16
14
13
8
6
3
2
16383
0
1
2
2
7
13
11
17
21
22
22
25
23
19
16
15
10
10
4
3
2
16382
16382
16382
16382
2
4
10
14
15
17
23
21
24
21
21
16
13
10
9
2
7
4
0
16383
16383
16381
2
9
8
13
16
19
18
22
20
18
18
20
17
10
8
4
1
1
2
16380
0
2
3
7
8
9
13
17
21
22
23
23
18
18
14
12
5
6
4
2
0
1
16382
2
4
8
10
13
15
18
19
23
20
24
20
18
15
14
8
8
2
5
16379
1
16382
16383
16383
4
8
12
15
16
19
22
22
22
18
17
14
12
8
5
1
2
2
16382
1
4
3
5
6
9
16
17
19
21
22
23
18
20
13
13
8
7
16382
3
1
1
1
2
0
5
10
12
17
20
18
23
22
21
17
18
14
15
10
3
5
5
1
16383
16383
16383
2
6
9
13
16
18
18
21
25
21
21
17
17
14
9
7
4
1
1
16383
4
4
4
7
6
13
18
19
23
19
23
24
22
20
13
11
9
5
5
2
1
0
1
16382
6
5
5
15
17
18
23
22
21
19
21
20
17
10
9
6
2
0
16383
0
0
0
16383
4
8
10
14
19
22
25
21
23
21
16
20
14
11
6
4
0
2
0
16382
1
3
5
7
11
13
17
17
24
22
23
20
18
19
9
11
11
7
16383
2
2
16382
16383
4
3
10
15
13
18
18
21
20
21
22
19
14
13
8
5
6
3
16383
16381
0
1
5
6
8
12
10
17
21
22
21
25
23
17
15
12
12
9
1
2
1
16381
16382
3
4
5
9
11
14
17
19
19
23
21
20
19
16
13
10
7
4
1
16383
16383
16380
13
7
10
7
4
3
3
1
23
23
26
21
22
14
16
12
7
2
3
1
16383
16381
16382
3
3
8
14
14
19
21
21
23
22
20
19
17
13
10
9
7
4
16383
0
1
16381
1
4
10
9
14
16
21
20
20
25
24
18
18
14
11
9
2
3
16383
16383
1
16383
1
3
6
12
14
18
17
19
25
22
20
17
14
16
12
9
5
2
16382
0
16379
5
16383
4
6
14
17
15
18
21
21
24
17
22
16
14
11
9
5
3
16382
0
16381
0
0
4
8
11
14
18
21
21
22
23
21
20
18
13
10
9
0
2
2
16382
16382
0
2
3
10
11
12
18
20
21
19
23
22
19
14
13
11
10
0
4
1
16381
16383
1
2
6
10
9
15
15
18
19
20
22
20
20
16
12
12
9
6
2
1
16382
16383
16382
16383
3
6
9
14
17
17
15
23
23
22
20
16
16
12
6
2
3
16381
16382
16383
2
1
4
4
8
13
18
20
19
22
21
21
20
18
15
7
7
5
0
0
16383
16382
1
1
3
6
12
13
17
18
21
21
22
17
21
16
11
12
6
4
0
16383
3
2
16383
2
3
7
10
16
17
18
20
20
22
17
19
16
10
14
8
3
2
0
0
16382
2
16383
4
8
10
14
17
18
20
21
23
19
18
18
16
12
8
7
2
1
16383
1
16383
16382
5
7
11
9
14
20
22
23
21
20
19
14
16
12
7
7
1
1
16382
16382
16382
1
3
6
8
9
17
20
19
23
19
18
22
17
14
13
10
2
2
2
0
0
2
16383
4
8
10
14
13
19
16
22
22
23
19
17
18
8
9
8
1
3
2
16382
16381
2
3
5
9
13
17
21
23
18
20
21
17
18
15
12
10
9
5
3
16382
2
1
2
4
4
9
15
18
19
21
21
21
23
19
19
12
11
10
8
4
4
1
2
4
1
1
5
9
11
16
17
19
20
21
22
24
19
14
11
9
8
5
1
1
16382
16381
1
2
6
7
12
14
17
21
20
21
22
22
18
19
11
13
4
7
3
16383
16383
16382
16383
3
4
8
13
13
19
19
23
21
22
22
18
15
16
10
5
2
16383
2
16382
0
16383
2
6
7
8
14
16
20
21
21
17
20
20
17
14
13
8
4
3
16382
4
16383
16382
2
5
9
14
12
20
23
22
19
23
19
22
16
11
11
7
4
1
2
16381
16383
1
0
0
9
9
11
20
18
21
20
23
22
23
16
13
10
11
6
2
16383
1
16382
16383
1
6
7
10
14
16
23
22
22
21
22
17
17
11
8
9
1
16383
2
16383
16383
3
2
5
7
10
13
13
17
21
20
21
20
17
15
16
10
7
5
4
5
16383
0
16383
2
6
8
9
13
18
17
21
18
24
19
15
18
14
8
7
1
1
0
16382
2
16383
1
1
6
12
14
13
19
20
21
23
22
22
19
12
9
6
8
4
0
0
2
1
16383
0
5
9
14
15
21
21
26
19
22
22
14
15
14
9
4
2
1
16383
16383
2
