90
11
12
10
9
7
7
7
7
11
8
10
14
11
13
15
16
13
9
9
6
6
7
8
7
11
13
11
13
14
15
13
10
13
9
9
7
5
8
10
10
11
13
12
17
13
12
12
11
8
8
5
9
8
7
9
14
13
12
11
14
15
11
10
9
9
5
5
7
7
8
9
11
14
17
11
14
13
11
8
4
9
8
6
7
8
12
11
13
17
14
14
13
11
9
8
4
10
8
9
13
10
13
16
12
14
12
10
8
6
7
7
8
6
9
9
10
10
14
13
14
17
11
13
8
9
6
5
7
6
9
10
12
15
14
14
10
11
10
10
8
9
4
8
11
10
10
14
12
13
12
12
14
11
8
6
5
8
3
9
13
10
14
11
14
16
13
13
12
10
9
5
4
9
6
12
11
13
10
13
15
17
9
9
6
12
9
8
8
8
12
9
13
12
13
12
14
11
9
7
6
9
10
6
9
11
10
11
11
14
16
12
12
14
8
7
8
5
7
7
12
13
8
15
13
11
10
11
9
5
9
5
6
6
6
10
11
13
14
11
14
15
11
9
9
6
6
2
8
9
8
12
13
10
12
14
10
12
9
5
10
4
5
4
8
9
13
14
15
12
14
12
8
10
9
8
7
6
9
10
9
10
11
12
16
15
16
11
14
10
6
5
7
8
10
13
11
15
15
15
15
13
11
10
9
9
6
5
8
5
9
8
15
17
16
17
12
10
9
8
8
8
3
10
6
9
11
13
18
14
16
12
9
8
8
3
6
7
9
8
11
12
11
12
13
13
13
10
12
10
10
6
6
10
9
13
11
13
11
12
12
10
10
11
9
7
6
6
8
8
7
9
13
15
17
14
15
12
11
10
10
6
5
6
8
11
7
13
14
11
14
13
12
11
8
10
10
9
9
11
11
9
16
13
17
14
17
13
8
7
5
7
8
5
11
10
12
15
14
13
13
14
15
12
10
10
9
10
8
9
11
9
13
14
16
13
15
13
13
8
9
11
6
8
7
11
12
12
16
15
15
10
12
12
9
5
8
5
9
1
10
14
11
13
14
14
14
10
12
11
8
5
4
8
11
10
12
10
17
16
13
11
12
12
9
5
6
9
9
7
10
7
12
14
12
11
12
15
8
7
9
8
9
5
9
6
12
9
15
14
11
13
14
9
6
7
5
5
6
5
11
12
10
9
13
14
13
10
9
9
9
8
6
6
11
8
11
10
11
11
16
12
14
10
5
6
6
5
6
10
11
11
13
13
16
11
14
14
11
10
7
6
9
4
7
9
10
10
12
16
10
14
10
11
11
7
5
9
7
13
5
11
15
13
13
12
14
15
12
8
8
7
7
7
6
9
13
13
13
13
11
10
9
9
9
5
5
7
6
11
9
12
11
15
16
11
13
13
8
12
8
6
3
5
8
13
11
13
13
15
14
12
12
12
8
11
9
5
9
6
10
11
12
13
16
12
13
16
8
9
9
10
6
9
11
11
9
15
14
12
11
9
11
11
8
7
7
10
9
11
8
9
12
12
14
16
11
11
11
6
8
5
4
6
5
8
11
14
14
18
13
10
11
10
7
5
5
6
5
5
10
12
10
13
12
12
11
11
11
7
6
6
7
6
9
11
13
11
16
16
11
15
10
9
11
10
6
10
11
11
12
15
18
14
21
12
13
7
13
5
8
9
6
7
8
12
12
14
13
12
13
10
13
9
9
6
9
6
10
10
10
13
13
14
13
8
11
11
8
9
8
7
6
7
10
7
11
14
15
17
11
11
10
8
8
9
5
5
7
10
8
11
13
11
12
14
12
9
11
10
8
6
7
8
7
8
12
15
14
13
13
13
11
9
9
7
9
11
4
7
11
14
12
12
15
14
8
13
8
8
9
6
2
6
12
8
11
7
17
13
12
13
12
12
6
5
7
8
6
7
10
11
9
16
15
12
13
12
8
6
4
5
8
11
5
11
13
13
14
11
12
11
9
10
7
8
8
7
11
10
10
12
16
12
14
12
10
14
9
10
5
4
10
9
8
10
11
12
14
14
11
11
11
10
8
6
5
7
6
6
10
12
13
16
15
14
10
12
10
7
7
5
7
6
6
13
11
14
17
11
12
11
15
11
5
7
6
7
6
9
11
13
11
12
15
14
14
8
8
7
7
7
8
10
14
10
11
17
14
13
14
13
13
5
11
8
8
8
10
10
9
14
16
14
15
10
12
10
7
6
4
10
7
10
11
9
8
9
17
13
15
11
10
8
8
4
5
8
8
7
15
11
11
13
10
15
14
9
8
9
10
3
8
8
5
8
7
13
14
12
13
7
12
9
