65
16
20
24
15
16383
16383
16383
7
13
20
22
13
5
16383
16383
4
14
21
24
19
8
1
16383
0
8
20
22
22
12
2
16382
4
8
15
21
22
13
8
5
16381
6
20
24
22
18
6
16382
3
2
13
21
23
22
7
4
16382
1
7
20
25
20
14
4
16379
0
5
18
25
25
11
2
0
2
6
16
18
24
16
4
0
16381
4
11
23
21
20
8
16383
16383
2
8
19
25
21
10
1
16380
1
8
17
25
22
14
6
16381
16380
8
16
22
22
16
9
16383
0
2
17
21
22
20
9
16383
16383
3
11
20
25
22
14
4
16376
16381
6
16
26
22
12
7
16383
16383
8
15
23
27
21
8
0
16382
3
15
22
22
21
11
16383
16382
2
8
21
22
21
17
4
16381
16382
9
20
17
20
17
3
16380
16381
7
17
21
23
19
9
2
16379
4
15
21
24
21
10
4
16382
2
11
21
21
19
13
5
16382
4
12
18
25
24
16
5
1
16378
7
16
23
22
17
6
16383
16383
5
10
25
27
22
6
2
16382
16382
13
20
24
22
13
4
16383
16382
8
17
25
21
15
6
16383
16383
6
14
25
25
19
5
16382
16381
3
11
21
19
21
10
2
16380
3
9
18
23
19
15
5
16379
16383
8
15
24
17
15
5
16382
16380
7
17
20
22
20
6
4
16379
1
11
20
24
17
9
0
16382
16381
12
16
22
23
11
1
16381
2
6
13
22
23
16
5
16383
16381
5
11
27
24
18
7
16383
16383
2
11
19
24
18
12
16382
16381
3
11
23
19
25
12
5
0
0
9
18
23
20
16
6
16383
16382
6
13
20
24
17
11
0
1
2
15
21
27
19
10
3
16379
1
8
20
24
21
17
3
16383
16382
7
17
25
21
15
5
0
16381
5
13
23
26
18
6
16383
16379
2
11
22
24
19
12
1
16379
1
9
18
21
20
14
3
16382
16381
6
15
20
21
14
6
1
16383
4
15
20
22
22
9
0
16379
2
12
23
26
21
11
4
16381
3
12
15
25
23
14
1
16381
16383
7
19
23
23
19
8
0
16380
4
11
18
22
17
6
1
16380
16382
11
20
24
20
9
4
16379
0
10
18
21
20
12
4
16382
16380
9
17
23
23
17
5
0
0
2
12
23
25
18
8
4
1
1
7
21
23
19
10
16382
16380
3
10
18
25
22
14
7
16383
3
8
18
22
24
18
5
16382
0
4
16
20
21
16
9
16383
0
16383
11
21
23
18
11
16383
16383
0
13
20
21
24
14
3
0
16381
11
16
25
27
17
9
16380
16379
5
17
21
24
20
10
1
16382
1
11
20
26
20
8
2
16383
6
10
18
21
19
13
6
16379
0
3
15
22
24
17
7
16381
0
5
14
23
20
14
10
0
2
3
12
24
21
18
13
16383
16381
16381
7
20
25
22
13
1
2
16382
6
12
24
26
16
7
16382
16379
5
13
21
22
18
6
4
16383
2
7
20
23
17
10
4
16383
2
8
19
25
22
12
7
16382
0
5
17
23
25
13
5
16383
1
4
14
22
20
18
9
3
0
3
14
21
23
21
12
0
16381
16382
8
19
25
22
12
5
16383
0
6
15
20
23
17
10
1
16382
3
14
24
24
21
8
2
16382
4
14
20
22
20
13
2
16382
16381
7
19
23
23
13
2
16383
16382
8
16
21
24
18
7
16383
16382
4
11
18
22
17
9
16380
16383
4
12
21
22
20
15
16382
16383
0
8
21
27
23
10
3
16381
16378
10
15
23
22
11
5
1
16381
4
15
25
25
17
9
0
16381
3
12
22
25
19
9
1
16383
16382
9
19
21
23
14
4
16382
1
4
20
25
23
17
6
16382
16380
2
13
23
24
15
9
1
16381
2
14
21
23
20
15
6
16380
2
10
18
25
20
17
3
16382
16383
8
20
21
24
16
9
1
16383
4
14
16
23
17
9
1
16378
2
11
22
23
21
10
5
16378
0
6
16
25
23
13
2
16380
16382
9
20
23
20
18
6
16381
1
3
14
20
19
19
12
16383
16379
16382
12
21
21
20
14
3
16380
1
10
18
19
23
12
5
0
16381
4
17
22
23
13
4
16383
16382
4
10
18
23
18
7
2
16383
3
12
20
22
18
9
1
16381
3
4
19
25
21
12
4
16382
16383
9
17
22
20
15
8
0
1
5
13
24
24
18
10
0
16382
3
11
24
22
18
11
1
16383
16383
9
19
23
20
15
6
16379
16379
9
17
25
23
16
4
16382
16379
5
13
18
21
20
7
16380
16379
4
12
20
26
22
13
1
16382
16382
9
15
25
21
14
5
16381
16383
7
14
25
25
17
8
16383
16382
6
15
21
21
19
12
16383
16381
1
11
20
27
20
11
1
16379
16383
8
16
20
21
15
1
16381
16383
5
14
23
18
16
7
0
16383
4
19
19
22
20
10
2
16382
3
11
20
21
17
14
3
16381
16382
7
18
23
21
14
1
16379
16382
17
