27
13
7
7
8
13
13
13
13
3
5
6
11
15
13
13
5
5
10
10
16
10
10
6
5
7
10
14
9
10
4
8
8
13
13
10
6
5
7
9
13
14
8
7
1
5
8
14
11
11
9
4
3
6
13
11
11
7
5
8
8
12
11
10
9
9
8
12
13
15
11
6
3
7
12
17
12
10
4
4
6
10
14
13
11
6
5
9
14
13
10
9
5
6
7
14
15
12
6
6
4
6
15
14
9
12
4
7
12
13
16
13
10
5
9
10
17
16
11
7
6
7
11
14
16
10
7
3
12
13
16
9
8
6
4
9
8
16
14
10
8
5
8
11
13
12
9
6
6
11
13
20
15
8
8
9
11
13
14
12
7
6
9
10
13
16
14
7
6
5
13
15
15
12
7
5
6
10
15
15
10
7
5
8
9
14
15
13
10
6
6
13
12
13
9
5
8
6
13
17
11
11
6
8
8
12
12
17
6
8
6
11
13
16
10
10
4
4
9
14
12
11
10
5
5
12
14
15
10
9
6
12
14
13
13
13
9
8
8
11
11
14
10
2
4
9
10
14
11
13
5
6
8
10
13
15
13
5
5
9
11
14
12
9
5
5
9
13
14
11
7
9
8
11
12
14
11
8
6
8
9
17
14
13
7
4
5
11
14
10
11
7
3
8
6
12
12
10
10
6
8
13
12
14
10
5
5
6
11
12
12
10
8
5
10
12
18
11
11
6
6
7
13
14
11
9
8
5
7
11
12
10
10
9
6
13
14
16
11
8
9
7
10
13
17
8
7
9
6
10
13
15
11
12
9
6
11
14
14
12
7
11
8
16
10
16
9
7
7
9
12
16
13
8
9
4
7
12
12
11
10
6
7
8
12
14
11
6
7
6
7
16
12
14
12
7
9
8
14
14
13
12
8
7
10
15
15
14
8
8
9
11
14
12
14
6
4
8
11
13
14
13
7
3
5
14
14
13
8
7
4
9
14
17
14
7
9
3
6
12
13
14
12
5
4
10
12
12
14
6
6
5
10
10
13
11
8
7
5
8
10
17
15
10
6
7
10
14
14
12
5
7
5
11
13
12
5
8
6
6
12
13
11
9
5
8
7
11
12
14
11
6
5
9
16
17
11
8
4
5
11
11
13
9
8
5
3
12
13
17
13
9
3
8
11
13
13
11
7
3
6
9
11
14
14
9
5
3
9
14
14
13
3
5
8
15
14
18
8
7
4
7
14
12
16
11
7
5
9
11
13
15
7
5
2
9
11
15
12
10
7
7
7
9
13
11
7
5
4
9
9
12
13
10
9
10
12
11
11
9
8
5
8
11
13
15
10
4
6
6
10
13
13
9
6
5
7
7
14
17
12
8
4
9
9
14
15
10
7
5
11
11
14
12
10
5
8
8
11
14
9
10
5
7
10
16
12
17
5
10
6
12
15
14
9
9
6
5
10
13
13
9
10
8
10
8
14
14
8
6
9
6
14
13
14
12
10
7
10
14
14
16
9
5
8
8
14
11
10
9
6
7
9
10
12
13
11
8
4
9
14
13
14
12
7
5
10
16
15
14
13
3
6
9
18
14
11
8
6
7
11
14
17
15
7
7
6
12
13
14
10
10
7
9
14
14
14
9
7
6
8
10
14
12
12
5
9
6
13
12
9
6
2
6
9
17
17
12
10
8
6
8
12
12
14
8
5
6
9
11
14
14
10
5
6
10
12
18
13
10
5
11
11
11
14
7
7
9
9
10
15
11
9
8
8
7
15
15
11
9
10
6
10
14
11
17
11
8
8
6
11
17
14
13
6
5
10
11
16
10
11
7
8
8
11
13
13
7
6
9
9
12
14
13
4
7
9
13
11
16
13
8
7
9
11
16
18
10
8
5
8
14
15
14
12
6
2
10
14
13
14
9
3
6
10
11
14
12
9
6
2
7
15
14
11
9
4
4
11
14
14
14
9
7
4
10
11
15
14
9
6
5
10
15
16
12
8
6
10
13
15
16
11
8
6
9
12
13
14
7
6
6
6
14
13
15
9
7
4
11
10
14
18
9
9
6
11
9
15
14
11
9
6
9
16
13
14
9
4
9
13
13
12
12
7
5
6
9
12
14
13
7
5
8
11
14
16
11
5
6
6
14
16
13
10
9
5
8
10
14
14
9
5
5
9
12
15
14
11
5
5
7
13
15
14
9
4
5
10
11
13
12
9
5
6
7
12
11
13
6
5
6
12
18
15
11
7
8
5
11
13
15
11
9
7
9
8
13
14
12
8
7
7
14
13
14
11
8
6
9
14
16
11
12
6
7
5
13
14
10
7
8
6
17
