57
13
14
14
12
7
7
7
6
8
5
5
2
6
4
1
4
16383
0
2
3
3
2
3
6
4
8
8
9
9
11
14
12
12
16
13
14
16
18
20
16
15
18
20
21
14
17
15
14
13
16
13
13
9
8
11
7
7
7
7
8
16382
4
2
4
16383
16383
2
0
1
7
5
4
6
6
6
7
13
10
11
10
13
14
14
15
14
16
21
18
19
16
19
18
19
17
17
18
17
15
15
13
14
11
11
9
3
9
6
7
5
2
4
3
3
0
2
1
5
4
7
2
5
7
7
5
10
10
11
15
12
11
16
14
17
17
16
17
16
15
17
16
17
17
19
18
18
13
14
12
13
8
11
10
6
6
7
3
5
1
3
2
2
0
5
4
5
16383
3
3
4
6
9
8
10
14
13
14
12
13
13
18
16
16
17
16
12
18
16
19
19
15
15
14
17
12
17
14
13
12
12
6
9
7
4
4
4
1
5
2
4
2
1
2
6
4
2
4
4
6
6
9
3
7
9
11
13
11
15
14
17
15
16
14
17
15
17
19
14
20
19
16
17
14
17
11
16
10
10
10
8
8
6
7
3
2
1
3
16382
16383
2
0
3
3
1
3
2
5
4
4
4
6
9
9
13
13
11
14
15
16
19
19
19
19
19
21
16
15
17
14
17
17
16
13
14
13
13
9
6
9
6
4
6
4
2
6
4
16383
16383
2
7
2
16382
2
5
6
6
3
7
6
4
7
10
12
13
15
14
16
16
16
17
23
18
18
18
18
21
16
15
17
15
12
15
9
9
7
4
6
4
8
4
4
3
4
2
1
2
3
16383
3
2
3
3
6
9
6
5
8
13
9
10
10
14
12
17
16
18
17
16
16
20
18
17
18
16
15
17
13
15
15
11
11
10
8
6
7
7
6
4
2
3
0
1
4
2
16383
2
2
2
6
4
7
6
4
8
11
8
12
12
14
13
17
15
15
17
15
18
18
18
21
19
19
16
17
14
17
12
13
13
13
9
11
9
8
10
3
5
2
5
3
2
16383
2
1
3
1
2
5
2
2
4
8
6
10
9
13
14
11
15
12
18
18
13
17
17
21
14
15
15
16
19
18
17
15
17
14
12
11
11
9
7
9
10
6
7
6
2
3
3
1
4
2
2
3
2
5
6
5
9
5
6
4
11
10
11
14
14
18
14
15
18
17
13
20
19
14
20
21
15
17
15
18
16
14
13
13
9
10
10
7
11
9
2
5
5
1
6
4
16381
4
0
3
4
5
6
5
9
7
6
10
4
14
10
13
12
13
14
17
16
17
19
19
19
18
18
18
16
17
15
14
17
16
11
15
13
9
8
4
8
4
6
3
16383
0
3
5
3
2
3
4
5
6
4
1
6
6
4
7
10
8
14
11
11
17
12
18
16
20
14
20
18
18
20
21
17
17
17
18
14
10
14
11
9
11
12
7
7
7
5
3
2
16383
3
2
1
1
3
1
2
1
0
2
7
9
4
8
9
11
7
10
13
15
16
16
15
19
17
15
19
17
19
20
17
14
15
15
13
15
16
14
10
10
8
10
6
5
4
1
5
2
0
6
1
1
2
1
5
1
4
5
7
8
8
8
6
10
9
8
16
13
14
15
16
15
18
19
17
20
14
19
19
20
13
12
15
13
15
16
14
11
8
7
7
6
6
4
5
2
2
0
2
2
4
0
16383
5
4
8
3
6
8
8
6
9
12
14
14
13
17
14
19
17
16
14
22
18
21
17
19
20
18
16
18
15
13
13
12
11
10
8
7
6
4
8
6
2
0
16383
6
0
4
16383
2
1
2
5
3
6
9
6
6
13
10
12
14
11
14
18
17
17
18
18
15
20
20
20
18
14
14
16
15
13
13
12
11
11
12
9
7
5
5
6
4
4
1
3
3
1
4
3
1
2
3
5
3
6
10
6
7
9
13
10
13
12
13
19
15
18
17
15
17
16
17
16
21
16
20
15
17
15
11
13
10
8
13
8
6
5
4
3
5
6
1
2
3
1
2
0
4
0
2
6
5
5
8
5
9
8
13
14
15
13
14
15
17
17
16
14
15
17
16
16
17
17
18
15
14
11
14
15
11
12
11
8
5
9
6
16383
0
5
5
16383
0
1
16383
2
16383
3
4
4
6
4
7
4
8
7
7
10
11
16
11
15
15
15
14
20
19
18
18
21
16
19
19
20
16
16
12
12
12
9
8
8
8
4
4
6
2
4
3
2
5
16383
2
2
1
2
1
5
7
6
10
8
6
8
8
9
12
10
14
13
14
18
14
16
18
17
17
18
17
16
18
20
13
15
16
14
9
9
14
8
10
7
6
4
3
