59
1
16381
16381
16382
4
4
4
8
6
12
16
19
21
20
18
18
21
13
10
4
5
2
0
0
16379
16382
1
5
4
8
9
15
20
20
17
21
21
19
20
11
10
6
5
3
16383
1
16380
1
16382
1
3
11
12
16
14
20
25
19
20
20
18
14
11
9
8
4
16383
16383
16383
16382
16383
2
7
9
12
16
18
19
22
23
22
20
16
14
14
7
5
3
2
16382
16383
16383
2
3
7
13
12
12
18
22
21
21
22
19
17
15
10
3
6
3
0
16382
16383
16380
1
3
2
11
13
16
19
21
22
18
24
18
20
15
8
6
2
2
16382
16382
16382
16383
0
8
5
8
12
16
19
21
21
21
23
19
18
13
9
5
4
1
16383
16381
16381
1
3
7
7
10
14
13
22
22
22
18
22
20
14
9
8
3
0
16382
16383
16382
16381
1
4
3
5
11
15
16
19
21
22
21
23
20
20
12
9
8
1
16382
16382
0
16383
16383
0
6
8
10
15
17
18
20
25
21
19
18
16
14
11
5
4
1
16381
16381
16382
16383
3
5
9
10
15
17
21
21
19
20
15
14
17
12
5
8
5
16383
16379
16381
16383
1
3
6
11
11
10
22
23
26
20
22
20
16
15
12
8
4
2
1
16383
16383
0
1
5
7
12
11
17
19
21
20
23
22
18
20
17
6
6
5
2
16380
16383
16382
2
16383
3
5
8
13
15
18
21
20
22
18
21
16
14
6
5
3
3
1
16381
16383
16381
2
1
7
12
13
14
19
19
21
23
21
22
18
13
7
7
2
2
1
16383
1
1
2
3
5
9
10
15
19
22
20
23
23
22
15
12
9
4
4
16383
4
16381
16383
1
16382
1
9
10
14
17
20
21
19
21
22
16
13
11
9
3
1
2
2
16381
16383
16383
5
6
8
11
14
18
19
24
22
19
19
18
18
11
9
7
3
2
1
16380
0
0
2
6
9
10
16
16
20
20
25
22
17
18
17
15
9
5
2
16383
16382
0
16380
2
0
5
9
11
16
16
19
16
19
23
18
19
14
11
7
16383
2
0
16383
16381
16379
2
2
6
9
12
13
18
21
19
22
23
18
15
14
5
4
6
2
16383
16383
16381
1
16382
4
5
7
14
14
17
21
19
19
20
20
15
13
12
6
2
16383
16381
4
16383
16383
2
3
8
7
10
14
17
23
21
20
19
14
19
17
11
6
3
3
16382
16383
1
1
16382
2
11
10
12
17
21
21
21
23
19
17
19
11
9
8
4
3
1
16382
0
16382
2
2
7
8
16
18
21
20
21
23
23
18
14
10
13
2
7
0
1
16380
16382
0
1
7
7
11
17
15
15
19
19
20
20
17
13
13
7
8
6
1
16381
16381
16383
16380
1
5
10
10
12
15
21
23
19
22
22
20
13
9
7
7
3
1
1
1
16382
1
4
3
9
11
14
17
16
22
21
17
20
18
17
13
9
2
2
0
16381
16382
0
2
2
3
7
11
15
16
19
22
22
18
21
17
14
14
8
7
2
16383
1
16382
16382
3
16383
2
7
9
14
22
17
23
23
21
22
17
15
10
9
5
2
2
16383
2
1
16383
3
3
7
9
11
20
19
23
20
21
17
14
14
12
8
4
1
16383
16381
16383
0
16383
4
3
8
11
13
14
20
21
21
21
21
15
13
7
5
5
16383
0
16383
16381
1
3
1
7
10
12
15
18
18
25
22
18
17
17
14
10
4
6
1
16383
0
16378
16383
16383
5
7
12
16
13
17
22
24
22
25
15
17
18
8
8
2
4
16383
16382
16382
16382
2
4
5
7
13
17
19
21
23
21
19
24
17
14
10
8
4
1
16382
16381
16382
0
0
5
9
11
17
13
19
24
18
21
21
20
16
13
9
6
8
3
16382
16383
16383
0
1
2
8
11
13
18
19
22
21
23
20
14
22
15
12
6
4
6
0
1
16381
16381
2
3
8
11
16
22
17
23
24
22
19
17
17
12
6
8
1
16383
0
16382
16382
0
1
5
8
10
13
17
21
25
21
18
17
19
15
13
9
7
1
1
16383
16381
16382
16383
2
8
6
10
15
19
25
23
25
20
23
17
15
11
5
9
0
16382
1
3
1
0
5
4
8
11
13
18
23
23
20
20
19
15
17
9
8
5
4
16383
0
0
16382
4
3
8
11
14
18
18
19
19
23
18
20
18
17
10
8
2
13
11
9
8
3
2
4
16383
7
10
15
20
18
21
21
21
17
16
12
11
6
3
0
0
16382
16382
1
2
6
7
10
13
18
17
21
21
21
19
21
14
12
8
6
3
16383
0
16380
0
0
2
3
8
13
13
14
17
21
18
21
22
18
16
13
11
5
6
2
2
16379
16380
0
16383
2
6
8
12
15
19
20
21
22
18
17
15
10
9
4
6
2
16383
16383
16383
16382
7
3
10
10
12
17
19
21
20
21
16
