91
6
9
7
6
6
6
6
10
10
14
10
14
14
15
14
14
12
13
10
7
7
3
9
9
6
8
9
11
14
15
14
18
14
16
11
10
13
9
8
6
4
4
3
10
9
10
10
11
15
13
15
10
17
11
11
9
10
8
1
5
7
7
7
9
11
11
12
14
11
13
11
9
10
10
10
5
7
9
5
8
7
9
12
12
8
13
13
14
11
11
11
12
7
8
8
5
7
7
10
8
8
11
13
10
12
14
10
14
11
8
6
7
6
6
5
5
7
9
11
10
10
14
14
15
12
14
11
13
9
7
6
5
6
5
5
6
8
6
11
11
11
14
11
14
14
12
14
7
6
6
5
8
5
5
8
11
9
10
12
11
20
13
14
14
11
8
10
8
7
9
4
3
9
5
14
8
9
15
7
14
13
17
12
11
9
10
6
4
6
6
4
6
9
8
12
13
17
12
12
13
13
11
9
10
9
7
2
6
6
7
9
10
9
15
13
14
15
12
11
13
7
7
10
8
5
4
7
6
7
7
11
11
17
14
11
13
13
9
14
12
9
9
6
7
9
7
9
8
9
13
15
15
17
17
15
12
11
9
9
8
7
4
7
7
10
8
10
8
10
15
13
13
16
13
12
12
8
11
6
8
7
4
10
7
10
11
11
13
12
15
15
13
11
10
10
10
8
7
7
4
7
6
6
10
9
10
13
14
13
13
14
13
14
14
8
7
7
4
1
6
7
6
10
8
12
11
16
12
11
11
17
10
8
7
3
9
4
10
2
11
10
9
11
11
15
15
14
11
11
9
9
7
4
5
5
3
7
5
8
10
13
14
12
14
17
14
11
15
10
7
9
8
4
6
5
9
6
13
7
10
15
13
12
14
13
15
10
11
9
9
6
6
7
3
9
10
11
13
16
12
15
13
14
14
12
11
13
7
6
7
4
7
5
9
9
11
11
13
11
13
14
15
13
12
13
8
5
5
5
3
5
6
10
10
13
11
11
14
17
14
12
11
11
9
7
4
5
6
3
9
10
8
11
13
12
13
16
13
15
13
10
9
8
7
5
5
6
9
8
7
9
12
14
14
15
13
11
11
10
11
11
8
8
5
8
8
7
11
9
11
14
17
16
15
16
16
13
13
9
8
5
8
3
9
8
6
6
8
11
13
14
17
17
15
12
11
9
7
7
7
6
7
6
6
7
8
12
10
16
16
14
15
13
13
13
10
7
6
6
8
4
7
10
11
10
14
10
14
16
12
13
11
12
5
7
8
6
5
4
5
5
6
11
10
11
13
17
20
15
15
15
13
9
8
9
6
6
7
6
10
11
12
13
13
11
13
12
14
13
10
10
6
4
9
4
7
8
9
10
8
11
13
14
15
13
12
13
13
10
10
7
6
7
5
7
5
9
10
11
11
13
14
13
15
15
10
15
9
4
10
8
6
7
8
6
10
10
12
12
15
12
15
11
16
10
9
8
9
6
5
4
7
6
4
9
9
13
11
12
13
15
14
15
10
13
8
6
4
5
5
7
5
11
8
12
15
13
14
14
13
13
11
11
8
9
8
5
4
6
4
8
7
8
13
13
14
14
12
13
15
10
8
9
7
4
3
2
5
8
10
11
10
14
17
15
15
12
11
8
8
11
7
7
7
5
3
10
7
7
13
13
12
16
12
13
13
13
13
10
9
6
5
5
4
6
5
9
11
9
18
15
15
15
14
11
11
7
12
9
8
9
7
3
2
9
12
8
18
14
14
15
11
13
14
14
11
9
7
9
6
7
8
9
9
11
12
14
17
12
14
15
12
13
14
5
9
9
4
8
6
8
8
10
12
11
13
14
14
16
12
11
13
9
9
9
8
5
3
5
6
9
9
12
14
11
11
14
14
14
11
10
9
7
6
6
8
6
6
9
8
11
11
11
14
13
15
13
11
12
9
8
9
5
7
3
6
7
7
9
11
11
16
14
14
16
15
10
10
11
3
8
5
5
8
9
11
11
13
15
16
14
15
18
16
11
12
9
4
9
7
4
8
5
8
8
11
11
11
16
15
14
14
14
15
10
8
9
6
7
9
7
8
10
10
13
13
14
15
15
16
13
13
12
8
7
10
5
6
7
6
6
9
13
13
14
16
15
16
14
10
11
8
6
7
7
4
3
5
7
10
9
15
15
14
16
13
14
14
11
12
11
6
5
6
5
7
9
9
11
13
14
16
14
13
13
12
12
13
11
6
5
3
1
5
9
8
10
9
15
14
17
14
15
14
14
13
13
12
13
4
4
3
7
10
8
9
13
14
12
14
13
14
15
13
13
9
8
6
4
8
7
7
6
