93
8
5
7
9
8
8
8
10
12
12
15
15
16
14
16
18
15
18
20
16
14
11
13
10
10
10
11
6
6
4
7
5
5
4
5
5
4
3
8
6
3
11
10
8
9
14
16
16
14
11
15
17
14
15
13
17
17
12
14
14
10
9
9
9
9
8
8
6
4
6
5
7
6
5
6
6
9
10
11
11
10
6
18
15
12
15
15
15
21
14
15
18
15
14
13
13
9
8
10
9
5
6
6
6
5
6
4
5
4
6
9
11
13
8
11
14
15
13
15
11
15
14
15
13
16
15
14
15
16
12
14
13
9
9
4
6
7
8
5
2
2
8
2
5
6
9
11
7
13
9
12
14
13
11
15
18
18
15
15
18
16
15
13
12
10
10
9
9
8
10
5
9
5
1
4
6
3
6
5
5
6
12
13
10
10
13
13
18
14
14
17
14
21
15
16
15
11
14
14
14
14
8
8
7
8
10
5
7
3
6
4
5
7
6
8
6
9
9
8
11
10
9
13
17
15
19
17
15
20
16
15
14
11
14
15
8
8
7
12
11
8
11
5
5
4
3
7
4
4
5
9
8
9
12
13
13
13
19
17
15
16
16
14
15
14
15
14
15
12
14
9
9
8
11
12
6
3
7
3
7
6
6
4
7
4
10
12
10
7
13
14
16
13
14
14
14
14
16
14
12
14
12
13
14
16
13
10
10
8
5
3
6
7
6
6
2
5
8
3
5
9
9
9
10
12
12
10
14
14
15
15
17
16
14
14
17
11
11
14
13
13
10
8
9
5
11
6
7
5
8
5
6
7
9
10
8
9
9
10
11
13
16
16
13
16
18
18
13
16
16
14
15
11
14
12
11
12
8
9
8
5
5
6
8
5
2
16383
7
6
8
11
8
9
11
13
9
13
15
13
18
16
17
17
17
16
13
14
13
12
10
11
11
8
9
5
9
5
7
3
9
2
6
6
5
6
9
10
12
10
9
12
15
16
16
16
14
15
17
17
13
14
12
12
12
13
10
10
7
9
6
6
8
2
6
3
7
6
4
7
6
6
10
10
11
10
10
13
12
15
16
16
15
18
17
14
20
13
13
12
11
14
13
8
9
6
5
10
9
5
5
4
4
6
6
8
8
4
8
8
13
13
12
16
15
17
17
20
16
14
18
14
17
14
10
10
14
10
10
9
10
9
8
7
4
1
4
5
6
6
5
7
9
8
10
12
16
14
15
13
15
17
18
17
18
17
14
15
15
12
11
13
11
10
12
8
9
5
10
7
5
6
7
8
6
9
6
11
12
10
13
12
14
12
18
17
15
14
14
14
20
16
11
13
11
14
9
12
11
8
10
11
9
3
6
5
4
6
8
10
6
9
10
11
14
12
12
14
16
15
20
15
17
16
17
18
17
17
15
15
13
13
13
11
9
9
8
4
8
7
4
7
10
9
8
9
8
8
10
9
11
13
16
16
13
14
18
18
18
14
19
10
15
11
11
13
10
8
11
7
11
5
6
5
4
6
5
7
9
5
7
9
6
11
8
10
11
13
14
13
18
16
12
15
14
13
18
12
13
11
11
9
7
7
8
7
7
4
5
4
3
6
5
3
7
6
7
9
9
12
15
12
12
14
17
19
18
18
13
17
18
14
13
11
14
12
12
7
8
8
6
9
5
5
2
4
8
9
4
6
6
7
10
12
11
11
11
10
15
13
17
19
15
17
16
17
14
17
12
13
9
13
10
9
5
6
7
4
6
5
2
11
6
4
10
9
7
9
10
11
14
8
12
14
15
17
18
14
18
16
16
13
11
17
15
12
10
11
8
4
6
5
4
9
5
2
3
6
6
6
7
10
13
9
9
14
12
14
16
15
17
15
17
17
18
14
14
14
16
15
10
11
10
7
10
7
6
4
4
6
3
6
4
6
8
10
6
8
7
12
11
12
11
15
17
16
14
18
16
14
11
14
16
13
12
12
11
5
8
12
6
8
5
7
5
7
6
3
4
7
8
7
11
9
15
10
12
14
17
11
14
15
17
13
19
14
14
13
15
11
10
12
7
7
8
6
6
7
6
4
7
7
6
5
7
7
9
10
11
14
12
11
10
17
18
16
21
15
16
14
18
16
16
15
10
14
11
11
10
5
9
6
8
6
10
6
4
9
6
4
8
9
8
9
11
10
13
11
16
19
14
14
11
13
13
16
15
14
15
15
13
10
8
10
7
8
6
5
3
5
3
9
5
8
8
11
12
10
9
10
16
13
15
14
14
17
16
17
18
17
19
14
15
15
11
11
13
11
8
9
6
5
8
7
3
5
6
6
6
6
6
8
12
10
