52
9
11
7
5
3
3
3
8
6
8
6
6
9
15
12
13
13
15
12
14
16
12
10
11
10
7
9
7
6
7
5
3
4
7
6
7
9
12
12
15
13
14
17
14
14
11
10
10
10
9
10
4
6
5
6
5
11
2
7
8
12
11
12
14
16
14
15
11
18
7
13
8
6
8
4
8
4
5
3
5
8
5
10
6
12
13
11
12
12
14
16
13
12
13
10
8
9
8
7
3
1
0
5
3
4
3
5
5
11
13
12
13
13
13
16
13
9
13
12
14
8
11
6
9
2
6
8
8
2
7
6
9
11
10
10
14
14
16
15
13
15
10
13
11
9
8
8
5
5
5
5
5
3
6
9
10
12
10
14
13
11
13
13
14
14
11
8
11
8
7
7
5
4
7
4
7
6
10
8
13
10
11
17
11
13
13
17
17
14
14
11
8
9
8
7
8
4
4
4
7
4
10
7
11
13
14
10
12
12
15
16
13
11
12
11
9
5
6
6
6
6
4
5
5
7
8
9
11
13
13
11
12
16
11
16
16
13
12
13
11
8
8
8
9
3
3
4
5
6
9
6
9
12
11
13
17
13
15
16
13
14
11
9
5
12
11
2
5
6
4
5
3
7
6
9
10
10
13
13
15
15
16
16
14
11
12
9
8
8
11
6
0
4
7
4
5
6
11
9
9
12
12
13
17
19
16
14
17
15
13
12
7
10
6
16383
7
6
4
5
6
5
8
7
7
12
12
14
15
16
15
10
15
13
13
9
14
8
7
7
6
4
3
4
7
6
6
9
10
15
11
15
19
17
14
18
15
14
12
9
11
8
7
8
6
8
5
2
3
5
4
9
11
11
14
14
8
6
10
7
5
9
8
11
11
6
5
7
7
3
2
8
5
8
8
8
12
11
18
15
15
13
15
17
16
15
9
14
8
9
4
6
4
2
6
4
8
8
11
8
12
10
10
17
12
17
14
16
12
14
9
10
11
8
8
7
5
5
5
7
5
4
9
10
9
11
14
14
15
16
14
15
15
10
13
10
9
8
7
4
5
6
7
4
2
9
4
9
11
13
16
15
15
17
13
14
15
11
12
6
10
8
6
6
6
4
8
5
7
7
9
10
8
12
15
11
16
16
17
13
13
12
13
10
9
9
9
9
3
6
5
2
4
8
9
10
11
13
16
14
17
14
15
15
14
13
10
8
10
8
5
1
1
7
1
6
3
7
10
9
11
10
13
13
15
14
14
17
13
10
9
9
9
9
8
6
5
5
5
6
9
9
8
12
9
12
10
14
18
15
12
15
12
12
12
9
7
6
5
1
4
5
6
7
5
7
10
11
11
11
15
12
13
17
13
14
10
14
13
8
10
3
6
2
2
5
6
5
5
5
10
10
12
13
15
15
16
13
13
13
13
13
10
9
8
6
6
5
4
4
3
7
7
6
10
14
13
11
17
15
13
13
13
14
14
11
11
9
6
6
4
3
2
2
9
5
6
11
8
8
10
12
17
14
16
16
11
13
14
13
12
8
7
6
7
4
7
2
4
3
5
6
7
9
12
11
14
15
15
14
14
11
11
13
9
9
13
5
5
7
4
4
6
5
6
9
7
8
13
11
15
15
14
15
15
13
13
12
8
11
10
7
5
1
2
7
5
8
6
9
12
10
12
12
13
14
16
14
14
12
10
10
9
8
6
5
6
2
7
4
6
5
6
8
11
10
10
11
12
13
15
15
13
16
11
9
11
9
7
6
4
5
3
8
8
7
8
9
10
12
13
13
14
14
20
17
16
14
11
10
10
7
5
8
7
4
4
5
2
6
7
11
12
11
15
18
12
18
17
14
15
12
12
8
12
9
9
6
9
3
8
6
8
7
9
6
9
9
11
13
14
17
15
15
15
12
12
13
8
7
9
7
6
6
8
3
6
7
5
7
13
8
10
10
13
13
16
16
14
13
14
9
12
7
7
4
3
8
5
8
5
6
7
8
13
12
13
14
17
17
15
17
14
12
14
10
9
10
4
5
7
6
5
4
5
7
8
6
11
11
12
14
12
16
15
13
17
11
15
11
8
11
7
6
5
6
6
4
5
6
10
9
9
10
13
12
15
16
17
16
13
16
13
6
10
9
8
6
4
3
6
1
4
4
9
10
11
15
13
15
14
18
13
18
14
14
11
6
12
12
9
4
7
6
2
5
5
7
11
11
12
13
14
13
17
10
15
16
14
10
16
10
9
9
7
6
6
4
4
2
6
5
11
12
9
13
14
18
13
15
16
17
16
9
12
10
10
6
6
9
6
6
7
7
9
7
9
10
10
14
18
14
17
18
