23
0
16380
16379
0
21
21
21
23
22
15
7
16383
16382
16382
3
17
18
22
22
15
8
2
16382
16380
1
6
18
22
23
20
16
6
16381
16380
16380
5
11
19
24
21
16
9
1
16379
16381
0
9
16
19
23
21
13
16383
16381
16378
1
5
14
21
24
24
17
9
1
16377
16382
1
11
19
22
24
21
10
4
16382
16381
16381
6
13
23
21
20
14
11
16383
16381
16378
4
10
20
22
24
20
9
2
16383
16381
16382
5
14
21
23
21
11
9
16383
16380
16383
2
11
22
25
22
15
11
16383
16383
16378
1
9
14
24
25
21
13
8
16380
16380
16379
4
12
22
23
25
20
12
1
16381
16382
1
10
15
22
25
21
13
6
16383
16381
16382
6
12
23
22
19
18
8
3
16379
16379
2
8
14
23
25
21
14
6
0
16379
16380
7
11
23
21
21
17
10
0
16382
16382
1
11
17
25
25
18
9
2
16382
16383
16381
5
14
18
26
22
16
8
16381
16380
2
3
11
21
26
25
20
10
3
16380
16378
16379
1
13
18
26
18
14
7
1
16377
16381
5
13
19
25
22
19
9
1
16382
16377
16383
4
19
21
24
24
14
10
2
16381
16379
7
12
19
21
22
21
10
3
16379
16380
1
8
17
24
22
17
18
5
16382
16383
16382
2
17
20
22
22
20
11
1
16383
16379
1
11
19
19
24
25
19
6
0
16380
16381
7
14
22
20
23
21
9
4
16380
16382
4
12
19
23
25
23
13
6
16380
16379
16380
9
15
22
25
25
16
10
16383
16381
16377
16382
8
20
24
22
23
10
9
16379
16380
16382
5
14
18
25
21
16
8
2
16381
16383
6
8
17
23
26
20
13
5
16382
16380
1
5
14
21
22
21
18
5
16382
16381
16382
3
14
21
22
19
21
11
4
1
16382
16383
10
16
22
27
23
18
7
0
16379
1
3
11
17
26
26
20
10
5
0
16378
16383
7
15
23
25
21
15
9
16383
16379
16382
5
11
20
22
24
15
10
4
16379
16379
16383
10
14
23
26
22
14
7
1
16377
16381
4
9
21
20
25
20
13
16382
16379
16380
4
7
15
19
22
20
10
4
0
16379
16383
5
14
24
22
23
17
4
16383
16378
16380
4
10
18
19
24
22
11
6
16380
16378
1
3
16
21
24
18
14
10
1
16381
16378
3
10
14
23
17
25
12
5
16383
16377
16383
5
13
19
24
21
12
9
1
16382
16381
5
14
19
22
24
18
12
5
16381
16379
1
5
15
23
26
22
13
7
0
16379
16381
1
11
17
20
22
20
14
2
16380
16379
16383
8
15
24
25
21
12
8
16383
16381
1
6
11
20
22
22
18
7
2
16379
16381
16383
7
16
27
21
23
14
1
1
16382
16382
6
12
20
23
21
19
10
2
16382
16380
1
9
18
22
21
21
13
4
16381
16380
16382
7
13
20
24
24
17
9
5
16383
16383
2
12
18
21
23
19
10
5
16383
16380
16381
6
16
21
25
21
17
9
3
16382
16383
1
9
17
22
23
19
13
4
16380
16382
4
7
12
22
26
23
18
10
16383
16377
16382
2
8
16
23
23
22
14
6
16380
16379
0
7
18
22
23
21
15
6
1
16381
16383
4
12
19
24
22
19
13
1
16381
16381
16383
8
16
19
23
19
15
7
3
16383
16381
5
10
20
24
23
17
12
4
16382
1
0
8
14
22
23
22
11
5
2
16380
16383
5
13
19
26
21
21
11
2
16383
16379
1
8
18
22
24
18
14
9
16383
16378
2
5
14
16
25
27
18
13
2
16381
16380
16382
8
19
22
23
22
15
4
16383
16379
16379
3
14
23
27
20
16
9
2
0
1
1
8
19
23
24
20
11
6
16382
16381
16381
3
17
19
25
21
19
10
1
16379
16382
1
14
19
22
25
21
13
6
1
0
0
7
14
19
26
22
16
10
1
16382
16379
5
11
19
25
21
17
11
6
16382
16383
16382
5
15
20
21
22
17
9
0
0
16382
4
14
16
23
25
19
10
7
16381
16383
16382
8
12
21
24
24
19
3
16382
16381
3
2
8
21
28
23
20
8
2
16382
16381
2
9
15
23
24
22
14
6
1
16380
1
2
12
18
27
22
16
9
3
16383
16381
1
8
16
19
25
21
14
4
1
16382
16383
7
12
16
24
20
15
9
2
16382
16380
1
4
14
25
24
19
17
6
16382
16383
16383
5
13
20
24
20
16
9
0
16381
16380
4
8
16
21
25
20
13
4
16383
16382
16381
7
11
19
22
22
16
9
1
16381
16378
6
9
17
21
24
22
17
6
16381
16380
2
10
14
19
24
22
19
7
4
16382
16382
1
11
17
27
22
16
13
4
0
16379
3
4
15
20
25
21
21
10
16382
0
16383
1
12
18
23
24
23
13
3
16383
0
16382
5
16
22
25
23
18
5
3
16380
16380
4
12
21
23
24
18
9
2
16382
16380
2
7
18
21
26
22
17
7
16383
16381
16383
4
10
19
25
23
22
11
3
16380
16383
5
11
13
21
13
