67
6
3
9
9
10
10
10
7
2
9
10
11
14
11
8
8
6
12
14
14
11
8
6
9
14
17
14
13
3
5
9
14
17
12
14
7
6
10
13
12
14
9
6
6
11
12
16
12
11
10
10
12
12
14
12
4
8
6
11
14
13
10
8
6
14
12
17
11
10
5
6
8
12
11
11
11
8
5
7
12
13
15
4
7
8
7
13
14
12
8
10
5
12
15
13
12
9
4
5
13
12
17
14
9
6
5
6
17
13
9
8
5
6
10
13
13
11
4
5
11
14
17
13
9
7
8
9
15
17
12
12
1
8
9
11
13
11
6
4
6
12
11
14
9
7
7
7
9
11
15
11
8
3
8
12
17
12
10
6
6
6
11
13
13
11
5
6
9
14
13
14
9
4
5
11
13
15
14
11
5
7
8
14
11
14
8
5
11
14
16
12
14
9
5
8
10
13
8
8
6
7
11
11
13
12
10
6
3
5
9
17
15
10
1
2
8
14
13
14
11
5
9
12
16
20
12
7
4
7
12
14
13
18
6
2
7
13
12
10
13
7
5
8
12
12
11
7
2
8
10
11
16
15
9
7
8
7
16
11
12
6
3
6
11
14
13
11
12
10
5
9
14
15
12
9
0
6
10
12
13
6
8
5
5
10
13
17
12
9
6
9
12
13
16
8
7
6
11
12
17
14
11
7
6
7
13
15
14
8
6
9
7
11
15
13
8
5
6
10
15
14
8
6
8
7
9
14
14
12
8
7
9
12
15
13
9
7
5
8
15
15
11
9
5
7
9
15
13
13
8
6
9
9
13
15
14
12
4
9
10
15
15
11
7
5
6
9
16
13
10
9
5
8
11
17
15
16
8
4
7
12
16
14
9
9
3
7
11
16
11
12
5
4
7
13
16
13
10
5
8
8
16
14
11
8
7
7
10
15
14
11
7
7
6
8
13
16
10
8
7
6
9
16
11
8
6
3
9
12
14
12
10
8
9
7
11
15
16
9
5
5
8
14
14
12
7
4
7
10
12
16
12
7
6
7
11
18
14
10
6
6
5
10
16
13
9
7
6
6
13
14
13
8
3
4
9
10
14
14
10
7
6
9
13
14
13
11
5
6
12
12
12
11
8
1
8
10
11
14
15
5
8
11
9
14
17
13
7
3
8
13
14
12
10
7
10
9
12
11
13
11
5
8
9
13
12
15
8
4
2
10
12
13
11
6
6
6
10
14
13
13
6
6
6
10
12
14
10
5
10
8
12
19
13
12
5
7
7
12
13
15
9
8
8
8
12
17
18
9
5
9
11
14
15
10
7
7
5
10
17
12
13
5
4
5
11
17
14
13
9
5
5
11
11
15
9
6
4
9
12
10
12
9
8
7
10
14
16
14
10
5
7
10
13
12
14
11
5
6
13
17
14
13
5
5
9
11
14
13
14
8
3
6
10
14
13
10
5
4
10
11
10
11
14
7
4
6
8
11
11
10
7
4
4
14
15
14
9
6
8
9
13
14
11
6
3
7
8
15
13
10
7
5
5
9
14
13
8
8
7
7
10
13
14
10
6
5
6
12
17
13
10
7
6
12
7
10
13
9
6
7
10
8
15
15
11
9
6
8
14
14
13
8
5
6
10
11
14
14
9
6
7
10
18
10
13
7
6
9
13
12
15
13
7
6
10
14
14
12
10
3
8
9
11
16
15
7
7
4
7
11
13
10
10
5
9
12
12
13
10
6
5
7
12
13
20
14
6
6
8
11
17
16
12
8
6
6
15
15
13
8
7
5
9
10
13
16
9
6
3
8
13
17
17
9
7
4
10
14
13
15
11
3
5
9
12
12
13
5
4
6
10
15
14
12
9
5
6
11
17
16
10
8
5
7
9
15
16
11
8
8
11
11
15
12
9
9
8
11
12
13
16
9
2
4
10
14
18
12
9
7
4
12
15
16
11
6
9
9
12
13
12
13
8
9
10
10
12
14
10
8
7
6
12
16
12
10
7
3
9
14
15
10
11
6
8
11
14
14
9
10
6
6
7
13
12
10
6
6
6
14
10
9
10
7
3
7
12
13
15
10
9
5
10
16
14
14
10
5
8
11
14
11
12
6
5
6
9
14
13
11
9
5
3
8
15
10
15
10
8
7
10
17
16
11
8
5
7
11
11
14
13
3
5
10
10
15
13
11
7
6
5
16
13
14
9
9
3
10
13
14
14
8
4
6
6
13
12
11
8
7
2
10
13
16
14
9
6
7
10
14
15
13
9
6
8
9
10
18
11
6
7
7
10
13
11
11
8
7
7
10
17
13
12
5
6
8
13
12
16
7
6
9
